3.00117 16648
3.02128 15766
3.0414 15802
3.06151 14979
3.08162 14675
3.10174 14602
3.12185 13777
3.14197 13422
3.16208 12947
3.18219 12663
3.20231 12411
3.22242 11836
3.24253 11603
3.26265 10883
3.28276 10788
3.30288 10566
3.32299 9867
3.3431 9947
3.36322 9373
3.38333 9026
3.40344 8924
3.42356 8442
3.44367 8313
3.46379 7792
3.4839 7507
3.50401 7172
3.52413 6987
3.54424 6872
3.56435 6392
3.58447 6184
3.60458 6025
3.62469 5648
3.64481 5632
3.66492 5241
3.68504 5008
3.70515 5105
3.72526 4610
3.74538 4502
3.76549 4329
3.7856 4177
3.80572 4270
3.82583 3816
3.84595 3661
3.86606 3543
3.88617 3397
3.90629 3416
3.9264 3117
3.94651 3078
3.96663 2816
3.98674 2727
4.00686 2765
4.02697 2529
4.04708 2433
4.0672 2296
4.08731 2220
4.10742 2207
4.12754 2191
4.14765 2169
4.16776 2007
4.18788 2007
4.20799 1968
4.22811 1939
4.24822 1857
4.26833 1753
4.28845 1667
4.30856 1742
4.32867 1634
4.34879 1605
4.3689 1645
4.38902 1485
4.40913 1557
4.42924 1537
4.44936 1451
4.46947 1396
4.48958 1390
4.5097 1244
4.52981 1417
4.54992 1327
4.57004 1300
4.59015 1183
4.61027 1211
4.63038 1216
4.65049 1181
4.67061 1194
4.69072 1133
4.71083 1104
4.73095 1125
4.75106 1013
4.77118 1056
4.79129 1084
4.8114 994
4.83152 992
4.85163 939
4.87174 954
4.89186 913
4.91197 918
4.93209 898
4.9522 866
4.97231 848
4.99243 830
5.01254 798
5.03265 830
5.05277 740
5.07288 772
5.09299 780
5.11311 753
5.13322 733
5.15334 707
5.17345 693
5.19356 737
5.21368 712
5.23379 633
5.2539 701
5.27402 652
5.29413 626
5.31425 644
5.33436 645
5.35447 549
5.37459 604
5.3947 560
5.41481 612
5.43493 581
5.45504 583
5.47516 600
5.49527 504
5.51538 560
5.5355 579
5.55561 535
5.57572 547
5.59584 542
5.61595 506
5.63606 534
5.65618 510
5.67629 467
5.69641 459
5.71652 464
5.73663 444
5.75675 495
5.77686 462
5.79697 451
5.81709 499
5.8372 466
5.85732 441
5.87743 453
5.89754 464
5.91766 440
5.93777 458
5.95788 418
5.978 468
5.99811 422
6.01823 418
6.03834 427
6.05845 394
6.07857 439
6.09868 438
6.11879 420
6.13891 450
6.15902 407
6.17913 387
6.19925 420
6.21936 387
6.23948 364
6.25959 418
6.2797 411
6.29982 406
6.31993 386
6.34004 394
6.36016 410
6.38027 378
6.40039 399
6.4205 351
6.44061 376
6.46073 406
6.48084 372
6.50095 342
6.52107 367
6.54118 375
6.56129 390
6.58141 397
6.60152 398
6.62164 373
6.64175 375
6.66186 387
6.68198 381
6.70209 348
6.7222 376
6.74232 366
6.76243 335
6.78255 326
6.80266 335
6.82277 380
6.84289 351
6.863 353
6.88311 354
6.90323 342
6.92334 369
6.94346 359
6.96357 375
6.98368 313
7.0038 341
7.02391 364
7.04402 384
7.06414 353
7.08425 303
7.10436 409
7.12448 358
7.14459 366
7.16471 338
7.18482 385
7.20493 337
7.22505 352
7.24516 365
7.26527 357
7.28539 310
7.3055 397
7.32562 350
7.34573 357
7.36584 352
7.38596 350
7.40607 355
7.42618 375
7.4463 352
7.46641 317
7.48653 359
7.50664 358
7.52675 368
7.54687 355
7.56698 390
7.58709 392
7.60721 359
7.62732 342
7.64743 337
7.66755 358
7.68766 378
7.70778 336
7.72789 349
7.748 377
7.76812 310
7.78823 378
7.80834 345
7.82846 407
7.84857 348
7.86869 392
7.8888 378
7.90891 365
7.92903 353
7.94914 416
7.96925 386
7.98937 323
8.00948 347
8.0296 355
8.04971 382
8.06982 352
8.08994 341
8.11005 389
8.13016 366
8.15028 358
8.17039 366
8.1905 376
8.21062 348
8.23073 446
8.25085 412
8.27096 385
8.29107 365
8.31119 419
8.3313 405
8.35141 420
8.37153 440
8.39164 434
8.41176 368
8.43187 433
8.45198 397
8.4721 403
8.49221 392
8.51232 397
8.53244 446
8.55255 429
8.57266 403
8.59278 447
8.61289 451
8.63301 424
8.65312 427
8.67323 401
8.69335 423
8.71346 418
8.73357 442
8.75369 404
8.7738 439
8.79392 431
8.81403 425
8.83414 406
8.85426 434
8.87437 361
8.89448 366
8.9146 391
8.93471 355
8.95483 398
8.97494 401
8.99505 376
9.01517 371
9.03528 394
9.05539 373
9.07551 397
9.09562 372
9.11573 381
9.13585 353
9.15596 331
9.17608 350
9.19619 382
9.2163 324
9.23642 328
9.25653 343
9.27664 348
9.29676 316
9.31687 345
9.33699 358
9.3571 340
9.37721 287
9.39733 291
9.41744 324
9.43755 300
9.45767 325
9.47778 298
9.4979 305
9.51801 332
9.53812 289
9.55824 279
9.57835 284
9.59846 302
9.61858 299
9.63869 348
9.6588 290
9.67892 284
9.69903 285
9.71915 305
9.73926 300
9.75937 269
9.77949 272
9.7996 311
9.81971 311
9.83983 298
9.85994 251
9.88006 260
9.90017 300
9.92028 298
9.9404 270
9.96051 288
9.98062 303
10.00074 291
10.02085 279
10.04097 265
10.06108 284
10.08119 266
10.10131 266
10.12142 281
10.14153 241
10.16165 277
10.18176 277
10.20187 277
10.22199 282
10.2421 267
10.26222 264
10.28233 286
10.30244 261
10.32256 277
10.34267 297
10.36278 258
10.3829 274
10.40301 279
10.42313 283
10.44324 276
10.46335 275
10.48347 278
10.50358 278
10.52369 276
10.54381 268
10.56392 258
10.58403 242
10.60415 276
10.62426 269
10.64438 243
10.66449 261
10.6846 260
10.70472 278
10.72483 264
10.74494 238
10.76506 285
10.78517 263
10.80529 293
10.8254 259
10.84551 248
10.86563 280
10.88574 267
10.90585 246
10.92597 288
10.94608 255
10.9662 277
10.98631 280
11.00642 264
11.02654 262
11.04665 257
11.06676 232
11.08688 244
11.10699 272
11.1271 269
11.14722 270
11.16733 253
11.18745 296
11.20756 283
11.22767 253
11.24779 271
11.2679 254
11.28801 238
11.30813 259
11.32824 267
11.34836 235
11.36847 268
11.38858 229
11.4087 284
11.42881 263
11.44892 287
11.46904 293
11.48915 279
11.50927 258
11.52938 256
11.54949 245
11.56961 255
11.58972 256
11.60983 275
11.62995 262
11.65006 229
11.67017 261
11.69029 253
11.7104 269
11.73052 250
11.75063 235
11.77074 305
11.79086 245
11.81097 241
11.83108 247
11.8512 241
11.87131 256
11.89143 272
11.91154 263
11.93165 260
11.95177 274
11.97188 237
11.99199 272
12.01211 295
12.03222 247
12.05234 275
12.07245 267
12.09256 268
12.11268 279
12.13279 273
12.1529 249
12.17302 243
12.19313 267
12.21324 255
12.23336 259
12.25347 265
12.27359 231
12.2937 256
12.31381 303
12.33393 255
12.35404 272
12.37415 259
12.39427 240
12.41438 268
12.4345 242
12.45461 255
12.47472 269
12.49484 247
12.51495 254
12.53506 243
12.55518 262
12.57529 246
12.5954 250
12.61552 269
12.63563 269
12.65575 274
12.67586 241
12.69597 245
12.71609 225
12.7362 237
12.75631 230
12.77643 225
12.79654 255
12.81666 254
12.83677 242
12.85688 218
12.877 263
12.89711 268
12.91722 234
12.93734 251
12.95745 260
12.97757 247
12.99768 259
13.01779 243
13.03791 286
13.05802 238
13.07813 257
13.09825 247
13.11836 213
13.13847 243
13.15859 246
13.1787 275
13.19882 259
13.21893 235
13.23904 253
13.25916 255
13.27927 225
13.29938 246
13.3195 229
13.33961 241
13.35973 244
13.37984 237
13.39995 250
13.42007 250
13.44018 262
13.46029 232
13.48041 228
13.50052 265
13.52064 261
13.54075 266
13.56086 261
13.58098 259
13.60109 267
13.6212 258
13.64132 286
13.66143 262
13.68154 241
13.70166 270
13.72177 246
13.74189 260
13.762 232
13.78211 276
13.80223 261
13.82234 272
13.84245 247
13.86257 241
13.88268 251
13.9028 230
13.92291 260
13.94302 215
13.96314 239
13.98325 213
14.00336 216
14.02348 229
14.04359 251
14.06371 226
14.08382 226
14.10393 213
14.12405 221
14.14416 246
14.16427 261
14.18439 235
14.2045 243
14.22461 231
14.24473 219
14.26484 255
14.28496 272
14.30507 236
14.32518 208
14.3453 204
14.36541 225
14.38552 238
14.40564 214
14.42575 262
14.44587 235
14.46598 251
14.48609 226
14.50621 223
14.52632 223
14.54643 242
14.56655 242
14.58666 246
14.60677 243
14.62689 217
14.647 211
14.66712 232
14.68723 232
14.70734 215
14.72746 244
14.74757 223
14.76768 222
14.7878 238
14.80791 253
14.82803 269
14.84814 212
14.86825 252
14.88837 240
14.90848 223
14.92859 220
14.94871 262
14.96882 233
14.98894 235
15.00905 238
15.02916 268
15.04928 245
15.06939 238
15.0895 247
15.10962 245
15.12973 244
15.14984 246
15.16996 225
15.19007 257
15.21019 244
15.2303 242
15.25041 236
15.27053 232
15.29064 210
15.31075 216
15.33087 232
15.35098 247
15.3711 224
15.39121 205
15.41132 193
15.43144 242
15.45155 235
15.47166 255
15.49178 223
15.51189 269
15.53201 236
15.55212 238
15.57223 229
15.59235 226
15.61246 187
15.63257 212
15.65269 216
15.6728 220
15.69291 213
15.71303 213
15.73314 200
15.75326 236
15.77337 203
15.79348 235
15.8136 235
15.83371 215
15.85382 234
15.87394 220
15.89405 219
15.91417 242
15.93428 221
15.95439 227
15.97451 222
15.99462 233
16.01473 217
16.03485 227
16.05496 222
16.07508 207
16.09519 225
16.1153 219
16.13542 216
16.15553 221
16.17564 219
16.19576 221
16.21587 210
16.23598 234
16.2561 217
16.27621 232
16.29633 231
16.31644 216
16.33655 223
16.35667 243
16.37678 232
16.39689 225
16.41701 214
16.43712 225
16.45724 191
16.47735 206
16.49746 223
16.51758 208
16.53769 218
16.5578 225
16.57792 216
16.59803 216
16.61814 202
16.63826 244
16.65837 221
16.67849 213
16.6986 214
16.71871 199
16.73883 224
16.75894 222
16.77905 219
16.79917 185
16.81928 239
16.8394 217
16.85951 204
16.87962 195
16.89974 252
16.91985 209
16.93996 229
16.96008 236
16.98019 237
17.00031 200
17.02042 238
17.04053 205
17.06065 212
17.08076 206
17.10087 249
17.12099 219
17.1411 215
17.16121 229
17.18133 234
17.20144 206
17.22156 207
17.24167 251
17.26178 230
17.2819 250
17.30201 223
17.32212 267
17.34224 228
17.36235 223
17.38247 230
17.40258 227
17.42269 241
17.44281 195
17.46292 247
17.48303 211
17.50315 220
17.52326 249
17.54338 220
17.56349 212
17.5836 228
17.60372 229
17.62383 225
17.64394 241
17.66406 244
17.68417 233
17.70428 250
17.7244 250
17.74451 205
17.76463 230
17.78474 251
17.80485 211
17.82497 237
17.84508 270
17.86519 216
17.88531 210
17.90542 234
17.92554 220
17.94565 220
17.96576 231
17.98588 223
18.00599 226
18.0261 235
18.04622 239
18.06633 253
18.08645 211
18.10656 224
18.12667 230
18.14679 232
18.1669 234
18.18701 239
18.20713 244
18.22724 228
18.24735 223
18.26747 232
18.28758 204
18.3077 213
18.32781 242
18.34792 218
18.36804 209
18.38815 226
18.40826 228
18.42838 248
18.44849 240
18.46861 248
18.48872 250
18.50883 232
18.52895 257
18.54906 209
18.56917 254
18.58929 230
18.6094 232
18.62951 243
18.64963 226
18.66974 230
18.68986 267
18.70997 221
18.73008 232
18.7502 213
18.77031 202
18.79042 231
18.81054 259
18.83065 231
18.85077 260
18.87088 213
18.89099 261
18.91111 274
18.93122 228
18.95133 256
18.97145 273
18.99156 211
19.01168 241
19.03179 243
19.0519 256
19.07202 242
19.09213 265
19.11224 274
19.13236 249
19.15247 274
19.17258 299
19.1927 309
19.21281 285
19.23293 281
19.25304 294
19.27315 297
19.29327 316
19.31338 341
19.33349 278
19.35361 336
19.37372 309
19.39384 366
19.41395 341
19.43406 396
19.45418 366
19.47429 343
19.4944 431
19.51452 408
19.53463 422
19.55475 462
19.57486 436
19.59497 517
19.61509 464
19.6352 510
19.65531 513
19.67543 508
19.69554 547
19.71565 569
19.73577 567
19.75588 566
19.776 539
19.79611 535
19.81622 534
19.83634 521
19.85645 527
19.87656 530
19.89668 508
19.91679 488
19.93691 514
19.95702 523
19.97713 471
19.99725 501
20.01736 467
20.03747 490
20.05759 427
20.0777 480
20.09782 493
20.11793 483
20.13804 474
20.15816 490
20.17827 436
20.19838 443
20.2185 465
20.23861 464
20.25872 446
20.27884 432
20.29895 456
20.31907 402
20.33918 436
20.35929 467
20.37941 471
20.39952 431
20.41963 445
20.43975 450
20.45986 444
20.47998 454
20.50009 444
20.5202 475
20.54032 502
20.56043 476
20.58054 548
20.60066 594
20.62077 675
20.64088 840
20.661 957
20.68111 1306
20.70123 1587
20.72134 2087
20.74145 2531
20.76157 3326
20.78168 3794
20.80179 4232
20.82191 4360
20.84202 3790
20.86214 3348
20.88225 2380
20.90236 1828
20.92248 1278
20.94259 1006
20.9627 807
20.98282 748
21.00293 697
21.02305 578
21.04316 541
21.06327 535
21.08339 493
21.1035 432
21.12361 439
21.14373 398
21.16384 380
21.18395 388
21.20407 358
21.22418 367
21.2443 359
21.26441 349
21.28452 353
21.30464 331
21.32475 328
21.34486 357
21.36498 335
21.38509 332
21.40521 314
21.42532 318
21.44543 329
21.46555 326
21.48566 346
21.50577 316
21.52589 315
21.546 319
21.56612 336
21.58623 327
21.60634 310
21.62646 318
21.64657 297
21.66668 331
21.6868 304
21.70691 315
21.72702 370
21.74714 329
21.76725 347
21.78737 327
21.80748 345
21.82759 359
21.84771 359
21.86782 403
21.88793 443
21.90805 434
21.92816 539
21.94828 466
21.96839 507
21.9885 456
22.00862 387
22.02873 404
22.04884 368
22.06896 357
22.08907 338
22.10919 319
22.1293 306
22.14941 370
22.16953 315
22.18964 344
22.20975 354
22.22987 328
22.24998 338
22.27009 316
22.29021 306
22.31032 340
22.33044 324
22.35055 334
22.37066 355
22.39078 352
22.41089 317
22.431 350
22.45112 335
22.47123 313
22.49135 319
22.51146 286
22.53157 345
22.55169 332
22.5718 303
22.59191 315
22.61203 352
22.63214 299
22.65225 315
22.67237 337
22.69248 313
22.7126 317
22.73271 332
22.75282 324
22.77294 322
22.79305 293
22.81316 312
22.83328 352
22.85339 314
22.87351 343
22.89362 384
22.91373 348
22.93385 357
22.95396 345
22.97407 332
22.99419 320
23.0143 374
23.03442 371
23.05453 362
23.07464 376
23.09476 354
23.11487 385
23.13498 352
23.1551 357
23.17521 360
23.19532 375
23.21544 348
23.23555 385
23.25567 363
23.27578 359
23.29589 322
23.31601 332
23.33612 349
23.35623 351
23.37635 364
23.39646 377
23.41658 366
23.43669 365
23.4568 356
23.47692 366
23.49703 389
23.51714 451
23.53726 391
23.55737 413
23.57749 456
23.5976 422
23.61771 375
23.63783 403
23.65794 365
23.67805 384
23.69817 375
23.71828 376
23.73839 380
23.75851 365
23.77862 385
23.79874 418
23.81885 374
23.83896 439
23.85908 399
23.87919 450
23.8993 445
23.91942 473
23.93953 479
23.95965 494
23.97976 413
23.99987 451
24.01999 395
24.0401 368
24.06021 344
24.08033 329
24.10044 356
24.12056 346
24.14067 365
24.16078 346
24.1809 378
24.20101 390
24.22112 347
24.24124 389
24.26135 385
24.28146 404
24.30158 415
24.32169 378
24.34181 407
24.36192 365
24.38203 327
24.40215 361
24.42226 354
24.44237 350
24.46249 343
24.4826 341
24.50272 347
24.52283 304
24.54294 321
24.56306 317
24.58317 321
24.60328 342
24.6234 324
24.64351 332
24.66362 361
24.68374 330
24.70385 348
24.72397 335
24.74408 351
24.76419 330
24.78431 351
24.80442 312
24.82453 333
24.84465 346
24.86476 344
24.88488 315
24.90499 293
24.9251 357
24.94522 341
24.96533 354
24.98544 340
25.00556 337
25.02567 342
25.04579 382
25.0659 337
25.08601 362
25.10613 376
25.12624 365
25.14635 350
25.16647 356
25.18658 336
25.20669 375
25.22681 388
25.24692 397
25.26704 335
25.28715 427
25.30726 362
25.32738 345
25.34749 350
25.3676 416
25.38772 415
25.40783 403
25.42795 404
25.44806 458
25.46817 499
25.48829 496
25.5084 479
25.52851 451
25.54863 476
25.56874 489
25.58886 556
25.60897 539
25.62908 482
25.6492 552
25.66931 484
25.68942 492
25.70954 475
25.72965 503
25.74976 423
25.76988 504
25.78999 430
25.81011 469
25.83022 494
25.85033 449
25.87045 492
25.89056 498
25.91067 459
25.93079 509
25.9509 555
25.97102 502
25.99113 527
26.01124 507
26.03136 525
26.05147 550
26.07158 531
26.0917 580
26.11181 595
26.13193 626
26.15204 729
26.17215 761
26.19227 723
26.21238 856
26.23249 868
26.25261 997
26.27272 1023
26.29283 1165
26.31295 1217
26.33306 1465
26.35318 1660
26.37329 1987
26.3934 2392
26.41352 2939
26.43363 3854
26.45374 5225
26.47386 6977
26.49397 9196
26.51409 11923
26.5342 14638
26.55431 17091
26.57443 18551
26.59454 18713
26.61465 17459
26.63477 14506
26.65488 11169
26.67499 8512
26.69511 5878
26.71522 3964
26.73534 2577
26.75545 1733
26.77556 1462
26.79568 1287
26.81579 1182
26.8359 1103
26.85602 974
26.87613 946
26.89625 954
26.91636 872
26.93647 871
26.95659 870
26.9767 825
26.99681 848
27.01693 786
27.03704 717
27.05716 710
27.07727 755
27.09738 663
27.1175 615
27.13761 588
27.15772 591
27.17784 601
27.19795 601
27.21806 557
27.23818 564
27.25829 604
27.27841 650
27.29852 625
27.31863 675
27.33875 765
27.35886 787
27.37897 804
27.39909 813
27.4192 814
27.43932 837
27.45943 823
27.47954 731
27.49966 701
27.51977 654
27.53988 586
27.56 539
27.58011 580
27.60023 548
27.62034 550
27.64045 575
27.66057 623
27.68068 613
27.70079 661
27.72091 624
27.74102 712
27.76113 708
27.78125 690
27.80136 691
27.82148 657
27.84159 680
27.8617 649
27.88182 600
27.90193 645
27.92204 645
27.94216 590
27.96227 555
27.98239 521
28.0025 501
28.02261 479
28.04273 455
28.06284 388
28.08295 389
28.10307 413
28.12318 425
28.1433 416
28.16341 402
28.18352 408
28.20364 474
28.22375 404
28.24386 387
28.26398 370
28.28409 399
28.3042 368
28.32432 352
28.34443 361
28.36455 352
28.38466 346
28.40477 384
28.42489 351
28.445 344
28.46511 321
28.48523 351
28.50534 293
28.52546 338
28.54557 309
28.56568 311
28.5858 353
28.60591 316
28.62602 347
28.64614 357
28.66625 322
28.68636 316
28.70648 332
28.72659 318
28.74671 319
28.76682 328
28.78693 353
28.80705 317
28.82716 314
28.84727 322
28.86739 294
28.8875 324
28.90762 297
28.92773 279
28.94784 334
28.96796 319
28.98807 326
29.00818 309
29.0283 299
29.04841 328
29.06853 306
29.08864 299
29.10875 338
29.12887 282
29.14898 348
29.16909 322
29.18921 283
29.20932 298
29.22943 304
29.24955 297
29.26966 315
29.28978 332
29.30989 337
29.33 381
29.35012 338
29.37023 351
29.39034 352
29.41046 406
29.43057 334
29.45069 334
29.4708 338
29.49091 343
29.51103 325
29.53114 317
29.55125 320
29.57137 341
29.59148 318
29.6116 340
29.63171 352
29.65182 331
29.67194 380
29.69205 369
29.71216 374
29.73228 397
29.75239 394
29.7725 402
29.79262 351
29.81273 365
29.83285 353
29.85296 336
29.87307 348
29.89319 373
29.9133 323
29.93341 348
29.95353 341
29.97364 338
29.99376 329
30.01387 341
30.03398 379
30.0541 352
30.07421 346
30.09432 368
30.11444 381
30.13455 346
30.15467 336
30.17478 348
30.19489 383
30.21501 367
30.23512 369
30.25523 391
30.27535 353
30.29546 372
30.31557 370
30.33569 372
30.3558 393
30.37592 386
30.39603 416
30.41614 357
30.43626 372
30.45637 368
30.47648 385
30.4966 326
30.51671 357
30.53683 326
30.55694 316
30.57705 312
30.59717 366
30.61728 341
30.63739 346
30.65751 374
30.67762 347
30.69773 369
30.71785 361
30.73796 344
30.75808 381
30.77819 360
30.7983 368
30.81842 363
30.83853 369
30.85864 314
30.87876 323
30.89887 332
30.91899 294
30.9391 290
30.95921 281
30.97933 276
30.99944 245
31.01955 274
31.03967 278
31.05978 266
31.0799 267
31.10001 293
31.12012 266
31.14024 240
31.16035 264
31.18046 284
31.20058 283
31.22069 272
31.2408 265
31.26092 249
31.28103 289
31.30115 327
31.32126 302
31.34137 312
31.36149 297
31.3816 294
31.40171 283
31.42183 261
31.44194 256
31.46206 240
31.48217 258
31.50228 272
31.5224 264
31.54251 272
31.56262 292
31.58274 290
31.60285 298
31.62297 306
31.64308 260
31.66319 236
31.68331 252
31.70342 258
31.72353 282
31.74365 291
31.76376 266
31.78387 265
31.80399 262
31.8241 266
31.84422 234
31.86433 241
31.88444 234
31.90456 270
31.92467 240
31.94478 234
31.9649 251
31.98501 276
32.00513 248
32.02524 279
32.04535 274
32.06547 264
32.08558 247
32.10569 289
32.12581 268
32.14592 281
32.16604 261
32.18615 249
32.20626 266
32.22638 288
32.24649 262
32.2666 289
32.28672 253
32.30683 285
32.32694 262
32.34706 300
32.36717 274
32.38729 256
32.4074 269
32.42751 286
32.44763 274
32.46774 251
32.48785 270
32.50797 260
32.52808 252
32.5482 229
32.56831 259
32.58842 243
32.60854 228
32.62865 259
32.64876 239
32.66888 253
32.68899 227
32.7091 259
32.72922 244
32.74933 274
32.76945 242
32.78956 266
32.80967 233
32.82979 226
32.8499 228
32.87001 242
32.89013 273
32.91024 245
32.93036 232
32.95047 258
32.97058 258
32.9907 238
33.01081 232
33.03092 229
33.05104 241
33.07115 253
33.09127 231
33.11138 217
33.13149 246
33.15161 218
33.17172 240
33.19183 249
33.21195 225
33.23206 241
33.25217 250
33.27229 199
33.2924 244
33.31252 221
33.33263 231
33.35274 234
33.37286 220
33.39297 236
33.41308 240
33.4332 214
33.45331 252
33.47343 268
33.49354 235
33.51365 246
33.53377 246
33.55388 222
33.57399 246
33.59411 264
33.61422 270
33.63434 222
33.65445 252
33.67456 281
33.69468 265
33.71479 272
33.7349 252
33.75502 229
33.77513 257
33.79524 284
33.81536 236
33.83547 258
33.85559 267
33.8757 214
33.89581 238
33.91593 270
33.93604 260
33.95615 283
33.97627 256
33.99638 276
34.0165 288
34.03661 322
34.05672 342
34.07684 330
34.09695 330
34.11706 307
34.13718 350
34.15729 371
34.17741 334
34.19752 355
34.21763 394
34.23775 345
34.25786 388
34.27797 399
34.29809 366
34.3182 376
34.33831 412
34.35843 372
34.37854 372
34.39866 427
34.41877 417
34.43888 372
34.459 398
34.47911 414
34.49922 450
34.51934 426
34.53945 442
34.55957 390
34.57968 442
34.59979 451
34.61991 462
34.64002 455
34.66013 468
34.68025 416
34.70036 440
34.72047 412
34.74059 443
34.7607 480
34.78082 412
34.80093 444
34.82104 437
34.84116 433
34.86127 410
34.88138 430
34.9015 466
34.92161 451
34.94173 407
34.96184 411
34.98195 425
35.00207 405
35.02218 395
35.04229 378
35.06241 382
35.08252 382
35.10264 393
35.12275 353
35.14286 380
35.16298 402
35.18309 366
35.2032 369
35.22332 370
35.24343 381
35.26354 379
35.28366 331
35.30377 362
35.32389 376
35.344 378
35.36411 369
35.38423 358
35.40434 332
35.42445 343
35.44457 367
35.46468 366
35.4848 343
35.50491 362
35.52502 335
35.54514 343
35.56525 313
35.58536 318
35.60548 303
35.62559 297
35.64571 332
35.66582 274
35.68593 315
35.70605 302
35.72616 307
35.74627 314
35.76639 284
35.7865 324
35.80661 321
35.82673 327
35.84684 289
35.86696 336
35.88707 293
35.90718 322
35.9273 320
35.94741 298
35.96752 322
35.98764 289
36.00775 313
36.02787 316
36.04798 312
36.06809 333
36.08821 289
36.10832 323
36.12843 348
36.14855 314
36.16866 376
36.18878 386
36.20889 367
36.229 390
36.24912 426
36.26923 390
36.28934 446
36.30946 559
36.32957 572
36.34968 655
36.3698 783
36.38991 912
36.41003 1101
36.43014 1240
36.45025 1337
36.47037 1446
36.49048 1453
36.51059 1478
36.53071 1257
36.55082 1088
36.57094 874
36.59105 879
36.61116 741
36.63128 585
36.65139 511
36.6715 439
36.69162 367
36.71173 398
36.73184 353
36.75196 353
36.77207 367
36.79219 398
36.8123 348
36.83241 334
36.85253 354
36.87264 357
36.89275 350
36.91287 341
36.93298 389
36.9531 371
36.97321 361
36.99332 336
37.01344 363
37.03355 363
37.05366 330
37.07378 347
37.09389 317
37.11401 317
37.13412 349
37.15423 349
37.17435 314
37.19446 312
37.21457 289
37.23469 329
37.2548 328
37.27491 307
37.29503 302
37.31514 323
37.33526 300
37.35537 290
37.37548 295
37.3956 309
37.41571 315
37.43582 327
37.45594 308
37.47605 318
37.49617 316
37.51628 302
37.53639 286
37.55651 335
37.57662 299
37.59673 296
37.61685 286
37.63696 288
37.65708 348
37.67719 307
37.6973 293
37.71742 305
37.73753 280
37.75764 319
37.77776 274
37.79787 278
37.81798 251
37.8381 264
37.85821 272
37.87833 259
37.89844 304
37.91855 295
37.93867 249
37.95878 269
37.97889 248
37.99901 283
38.01912 262
38.03924 305
38.05935 240
38.07946 302
38.09958 302
38.11969 283
38.1398 257
38.15992 275
38.18003 284
38.20015 282
38.22026 282
38.24037 266
38.26049 256
38.2806 282
38.30071 268
38.32083 300
38.34094 279
38.36105 262
38.38117 258
38.40128 242
38.4214 288
38.44151 308
38.46162 293
38.48174 289
38.50185 287
38.52196 254
38.54208 308
38.56219 253
38.58231 280
38.60242 293
38.62253 268
38.64265 256
38.66276 251
38.68287 285
38.70299 263
38.7231 270
38.74321 247
38.76333 248
38.78344 256
38.80356 277
38.82367 280
38.84378 285
38.8639 263
38.88401 266
38.90412 236
38.92424 287
38.94435 278
38.96447 258
38.98458 272
39.00469 292
39.02481 249
39.04492 274
39.06503 300
39.08515 299
39.10526 299
39.12538 306
39.14549 326
39.1656 316
39.18572 361
39.20583 413
39.22594 422
39.24606 507
39.26617 579
39.28628 707
39.3064 806
39.32651 990
39.34663 1101
39.36674 1222
39.38685 1251
39.40697 1231
39.42708 1320
39.44719 1107
39.46731 1033
39.48742 900
39.50754 751
39.52765 699
39.54776 580
39.56788 473
39.58799 368
39.6081 352
39.62822 356
39.64833 277
39.66845 279
39.68856 323
39.70867 308
39.72879 280
39.7489 262
39.76901 324
39.78913 262
39.80924 305
39.82935 288
39.84947 306
39.86958 277
39.8897 290
39.90981 262
39.92992 261
39.95004 275
39.97015 301
39.99026 307
40.01038 333
40.03049 357
40.05061 364
40.07072 398
40.09083 416
40.11095 456
40.13106 582
40.15117 654
40.17129 648
40.1914 730
40.21152 774
40.23163 783
40.25174 707
40.27186 673
40.29197 646
40.31208 593
40.3322 510
40.35231 462
40.37242 450
40.39254 352
40.41265 296
40.43277 330
40.45288 299
40.47299 297
40.49311 252
40.51322 260
40.53333 290
40.55345 240
40.57356 282
40.59368 252
40.61379 261
40.6339 252
40.65402 257
40.67413 262
40.69424 235
40.71436 262
40.73447 273
40.75458 257
40.7747 273
40.79481 265
40.81493 242
40.83504 240
40.85515 256
40.87527 268
40.89538 262
40.91549 257
40.93561 229
40.95572 251
40.97584 283
40.99595 217
41.01606 233
41.03618 265
41.05629 296
41.0764 259
41.09652 245
41.11663 259
41.13675 246
41.15686 242
41.17697 247
41.19709 259
41.2172 272
41.23731 279
41.25743 283
41.27754 275
41.29765 245
41.31777 246
41.33788 245
41.358 245
41.37811 258
41.39822 293
41.41834 259
41.43845 279
41.45856 272
41.47868 271
41.49879 267
41.51891 272
41.53902 282
41.55913 256
41.57925 303
41.59936 283
41.61947 302
41.63959 317
41.6597 354
41.67982 320
41.69993 322
41.72004 308
41.74016 335
41.76027 332
41.78038 315
41.8005 319
41.82061 317
41.84072 297
41.86084 288
41.88095 295
41.90107 269
41.92118 278
41.94129 274
41.96141 280
41.98152 294
42.00163 293
42.02175 315
42.04186 286
42.06198 271
42.08209 314
42.1022 302
42.12232 327
42.14243 325
42.16254 356
42.18266 362
42.20277 420
42.22289 452
42.243 511
42.26311 583
42.28323 690
42.30334 750
42.32345 801
42.34357 946
42.36368 979
42.38379 1012
42.40391 1015
42.42402 917
42.44414 828
42.46425 710
42.48436 617
42.50448 592
42.52459 554
42.5447 465
42.56482 400
42.58493 349
42.60505 290
42.62516 320
42.64527 305
42.66539 285
42.6855 288
42.70561 309
42.72573 269
42.74584 256
42.76595 282
42.78607 276
42.80618 249
42.8263 292
42.84641 269
42.86652 270
42.88664 262
42.90675 250
42.92686 251
42.94698 241
42.96709 262
42.98721 256
43.00732 208
43.02743 254
43.04755 260
43.06766 236
43.08777 219
43.10789 244
43.128 234
43.14812 253
43.16823 236
43.18834 222
43.20846 231
43.22857 226
43.24868 222
43.2688 223
43.28891 210
43.30902 227
43.32914 207
43.34925 235
43.36937 256
43.38948 236
43.40959 240
43.42971 250
43.44982 238
43.46993 254
43.49005 219
43.51016 230
43.53028 250
43.55039 231
43.5705 232
43.59062 219
43.61073 220
43.63084 250
43.65096 225
43.67107 240
43.69119 219
43.7113 232
43.73141 198
43.75153 213
43.77164 228
43.79175 230
43.81187 229
43.83198 235
43.85209 235
43.87221 245
43.89232 241
43.91244 248
43.93255 242
43.95266 226
43.97278 216
43.99289 244
44.013 228
44.03312 209
44.05323 250
44.07335 224
44.09346 245
44.11357 223
44.13369 233
44.1538 211
44.17391 219
44.19403 234
44.21414 218
44.23426 252
44.25437 235
44.27448 218
44.2946 234
44.31471 223
44.33482 218
44.35494 213
44.37505 215
44.39516 249
44.41528 227
44.43539 234
44.45551 229
44.47562 224
44.49573 201
44.51585 260
44.53596 239
44.55607 219
44.57619 231
44.5963 224
44.61642 234
44.63653 211
44.65664 246
44.67676 250
44.69687 238
44.71698 214
44.7371 280
44.75721 233
44.77732 205
44.79744 223
44.81755 238
44.83767 226
44.85778 228
44.87789 236
44.89801 242
44.91812 252
44.93823 228
44.95835 208
44.97846 255
44.99858 246
45.01869 271
45.0388 240
45.05892 213
45.07903 245
45.09914 256
45.11926 248
45.13937 259
45.15949 208
45.1796 249
45.19971 217
45.21983 253
45.23994 256
45.26005 246
45.28017 237
45.30028 261
45.32039 265
45.34051 252
45.36062 252
45.38074 267
45.40085 298
45.42096 281
45.44108 290
45.46119 281
45.4813 260
45.50142 289
45.52153 297
45.54165 362
45.56176 391
45.58187 417
45.60199 437
45.6221 513
45.64221 579
45.66233 595
45.68244 709
45.70256 724
45.72267 780
45.74278 734
45.7629 663
45.78301 629
45.80312 543
45.82324 525
45.84335 440
45.86346 475
45.88358 378
45.90369 349
45.92381 327
45.94392 291
45.96403 250
45.98415 255
46.00426 237
46.02437 226
46.04449 241
46.0646 263
46.08472 239
46.10483 227
46.12494 240
46.14506 201
46.16517 198
46.18528 206
46.2054 224
46.22551 232
46.24563 213
46.26574 207
46.28585 246
46.30597 193
46.32608 221
46.34619 230
46.36631 225
46.38642 199
46.40653 226
46.42665 233
46.44676 202
46.46688 217
46.48699 223
46.5071 212
46.52722 221
46.54733 210
46.56744 190
46.58756 212
46.60767 209
46.62779 209
46.6479 217
46.66801 209
46.68813 222
46.70824 218
46.72835 223
46.74847 196
46.76858 206
46.78869 208
46.80881 230
46.82892 225
46.84904 217
46.86915 186
46.88926 200
46.90938 191
46.92949 192
46.9496 182
46.96972 186
46.98983 193
47.00995 197
47.03006 229
47.05017 264
47.07029 243
47.0904 207
47.11051 234
47.13063 205
47.15074 227
47.17086 198
47.19097 203
47.21108 221
47.2312 232
47.25131 229
47.27142 226
47.29154 216
47.31165 242
47.33176 241
47.35188 209
47.37199 246
47.39211 235
47.41222 218
47.43233 190
47.45245 213
47.47256 210
47.49267 207
47.51279 226
47.5329 205
47.55302 217
47.57313 227
47.59324 212
47.61336 217
47.63347 210
47.65358 196
47.6737 219
47.69381 216
47.71393 175
47.73404 197
47.75415 190
47.77427 197
47.79438 210
47.81449 192
47.83461 184
47.85472 209
47.87483 244
47.89495 218
47.91506 202
47.93518 199
47.95529 187
47.9754 226
47.99552 219
48.01563 222
48.03574 182
48.05586 201
48.07597 230
48.09609 209
48.1162 191
48.13631 229
48.15643 198
48.17654 212
48.19665 200
48.21677 211
48.23688 215
48.257 211
48.27711 215
48.29722 204
48.31734 218
48.33745 227
48.35756 203
48.37768 234
48.39779 206
48.4179 230
48.43802 238
48.45813 250
48.47825 199
48.49836 211
48.51847 213
48.53859 212
48.5587 238
48.57881 209
48.59893 230
48.61904 221
48.63916 209
48.65927 211
48.67938 230
48.6995 261
48.71961 253
48.73972 220
48.75984 205
48.77995 236
48.80006 191
48.82018 214
48.84029 216
48.86041 246
48.88052 222
48.90063 208
48.92075 224
48.94086 260
48.96097 260
48.98109 267
49.0012 237
49.02132 254
49.04143 221
49.06154 228
49.08166 216
49.10177 207
49.12188 240
49.142 208
49.16211 268
49.18223 256
49.20234 241
49.22245 250
49.24257 218
49.26268 215
49.28279 243
49.30291 227
49.32302 240
49.34313 183
49.36325 214
49.38336 197
49.40348 226
49.42359 226
49.4437 244
49.46382 202
49.48393 221
49.50404 235
49.52416 260
49.54427 249
49.56439 232
49.5845 272
49.60461 267
49.62473 298
49.64484 262
49.66495 294
49.68507 333
49.70518 336
49.7253 309
49.74541 334
49.76552 371
49.78564 439
49.80575 433
49.82586 452
49.84598 522
49.86609 551
49.8862 645
49.90632 760
49.92643 842
49.94655 999
49.96666 1179
49.98677 1427
50.00689 1635
50.027 1821
50.04711 1913
50.06723 2109
50.08734 1967
50.10746 1826
50.12757 1509
50.14768 1327
50.1678 1287
50.18791 1139
50.20802 1080
50.22814 978
50.24825 770
50.26837 620
50.28848 486
50.30859 400
50.32871 341
50.34882 356
50.36893 342
50.38905 336
50.40916 347
50.42927 353
50.44939 343
50.4695 348
50.48962 293
50.50973 378
50.52984 343
50.54996 353
50.57007 344
50.59018 327
50.6103 321
50.63041 304
50.65053 312
50.67064 339
50.69075 311
50.71087 296
50.73098 273
50.75109 267
50.77121 267
50.79132 245
50.81143 251
50.83155 263
50.85166 225
50.87178 270
50.89189 266
50.912 234
50.93212 234
50.95223 216
50.97234 218
50.99246 227
51.01257 203
51.03269 202
51.0528 209
51.07291 218
51.09303 206
51.11314 220
51.13325 191
51.15337 248
51.17348 211
51.1936 206
51.21371 227
51.23382 206
51.25394 215
51.27405 256
51.29416 225
51.31428 231
51.33439 236
51.3545 271
51.37462 213
51.39473 206
51.41485 190
51.43496 180
51.45507 205
51.47519 198
51.4953 210
51.51541 181
51.53553 194
51.55564 198
51.57576 199
51.59587 180
51.61598 196
51.6361 200
51.65621 211
51.67632 202
51.69644 190
51.71655 168
51.73667 190
51.75678 177
51.77689 168
51.79701 197
51.81712 194
51.83723 194
51.85735 186
51.87746 186
51.89757 206
51.91769 212
51.9378 203
51.95792 195
51.97803 174
51.99814 202
52.01826 179
52.03837 155
52.05848 186
52.0786 198
52.09871 204
52.11883 177
52.13894 218
52.15905 200
52.17917 206
52.19928 193
52.21939 183
52.23951 220
52.25962 210
52.27974 210
52.29985 208
52.31996 209
52.34008 219
52.36019 183
52.3803 215
52.40042 209
52.42053 207
52.44064 184
52.46076 188
52.48087 211
52.50099 209
52.5211 227
52.54121 201
52.56133 196
52.58144 205
52.60155 194
52.62167 201
52.64178 220
52.6619 221
52.68201 219
52.70212 242
52.72224 214
52.74235 224
52.76246 237
52.78258 232
52.80269 198
52.8228 214
52.84292 197
52.86303 222
52.88315 221
52.90326 218
52.92337 184
52.94349 208
52.9636 189
52.98371 250
53.00383 240
53.02394 229
53.04406 211
53.06417 225
53.08428 204
53.1044 221
53.12451 201
53.14462 241
53.16474 240
53.18485 204
53.20497 211
53.22508 192
53.24519 223
53.26531 207
53.28542 200
53.30553 235
53.32565 236
53.34576 219
53.36587 241
53.38599 200
53.4061 240
53.42622 201
53.44633 239
53.46644 227
53.48656 236
53.50667 247
53.52678 244
53.5469 195
53.56701 249
53.58713 201
53.60724 203
53.62735 246
53.64747 242
53.66758 230
53.68769 241
53.70781 244
53.72792 249
53.74804 246
53.76815 231
53.78826 230
53.80838 237
53.82849 212
53.8486 209
53.86872 243
53.88883 255
53.90894 244
53.92906 239
53.94917 246
53.96929 246
53.9894 250
54.00951 243
54.02963 215
54.04974 228
54.06985 224
54.08997 223
54.11008 266
54.1302 257
54.15031 249
54.17042 236
54.19054 200
54.21065 253
54.23076 243
54.25088 239
54.27099 252
54.29111 246
54.31122 262
54.33133 266
54.35145 258
54.37156 251
54.39167 277
54.41179 259
54.4319 259
54.45201 261
54.47213 276
54.49224 276
54.51236 278
54.53247 320
54.55258 311
54.5727 329
54.59281 325
54.61292 332
54.63304 364
54.65315 439
54.67327 466
54.69338 484
54.71349 523
54.73361 620
54.75372 683
54.77383 751
54.79395 714
54.81406 696
54.83417 673
54.85429 635
54.8744 561
54.89452 545
54.91463 528
54.93474 522
54.95486 511
54.97497 465
54.99508 427
55.0152 382
55.03531 353
55.05543 310
55.07554 343
55.09565 298
55.11577 344
55.13588 349
55.15599 397
55.17611 396
55.19622 441
55.21634 438
55.23645 462
55.25656 452
55.27668 499
55.29679 442
55.3169 393
55.33702 361
55.35713 343
55.37724 380
55.39736 306
55.41747 319
55.43759 314
55.4577 317
55.47781 238
55.49793 277
55.51804 257
55.53815 258
55.55827 244
55.57838 235
55.5985 243
55.61861 245
55.63872 245
55.65884 252
55.67895 245
55.69906 239
55.71918 251
55.73929 222
55.75941 240
55.77952 238
55.79963 254
55.81975 233
55.83986 236
55.85997 219
55.88009 225
55.9002 246
55.92031 217
55.94043 226
55.96054 218
55.98066 231
56.00077 227
56.02088 211
56.041 196
56.06111 231
56.08122 220
56.10134 249
56.12145 233
56.14157 217
56.16168 199
56.18179 231
56.20191 234
56.22202 204
56.24213 204
56.26225 224
56.28236 222
56.30248 237
56.32259 224
56.3427 225
56.36282 225
56.38293 216
56.40304 236
56.42316 202
56.44327 238
56.46338 232
56.4835 239
56.50361 220
56.52373 192
56.54384 231
56.56395 224
56.58407 208
56.60418 230
56.62429 209
56.64441 207
56.66452 225
56.68464 229
56.70475 216
56.72486 205
56.74498 200
56.76509 204
56.7852 214
56.80532 205
56.82543 231
56.84554 213
56.86566 209
56.88577 236
56.90589 222
56.926 246
56.94611 210
56.96623 189
56.98634 251
57.00645 222
57.02657 226
57.04668 212
57.0668 219
57.08691 234
57.10702 228
57.12714 246
57.14725 261
57.16736 213
57.18748 251
57.20759 236
57.22771 224
57.24782 226
57.26793 241
57.28805 234
57.30816 212
57.32827 209
57.34839 239
57.3685 230
57.38861 214
57.40873 205
57.42884 210
57.44896 227
57.46907 205
57.48918 182
57.5093 201
57.52941 210
57.54952 242
57.56964 209
57.58975 228
57.60987 229
57.62998 194
57.65009 217
57.67021 198
57.69032 219
57.71043 226
57.73055 214
57.75066 225
57.77078 224
57.79089 192
57.811 205
57.83112 244
57.85123 200
57.87134 181
57.89146 225
57.91157 204
57.93168 212
57.9518 207
57.97191 201
57.99203 197
58.01214 206
58.03225 191
58.05237 205
58.07248 185
58.09259 209
58.11271 234
58.13282 213
58.15294 209
58.17305 196
58.19316 193
58.21328 217
58.23339 214
58.2535 197
58.27362 210
58.29373 228
58.31385 234
58.33396 215
58.35407 214
58.37419 243
58.3943 207
58.41441 221
58.43453 249
58.45464 191
58.47475 219
58.49487 211
58.51498 230
58.5351 226
58.55521 254
58.57532 229
58.59544 216
58.61555 237
58.63566 212
58.65578 230
58.67589 237
58.69601 223
58.71612 203
58.73623 196
58.75635 225
58.77646 201
58.79657 223
58.81669 214
58.8368 205
58.85691 176
58.87703 204
58.89714 198
58.91726 192
58.93737 226
58.95748 212
58.9776 203
58.99771 199
59.01782 207
59.03794 207
59.05805 216
59.07817 214
59.09828 221
59.11839 194
59.13851 212
59.15862 230
59.17873 216
59.19885 199
59.21896 204
59.23908 208
59.25919 212
59.2793 231
59.29942 217
59.31953 238
59.33964 266
59.35976 214
59.37987 237
59.39998 256
59.4201 270
59.44021 263
59.46033 241
59.48044 274
59.50055 256
59.52067 247
59.54078 289
59.56089 317
59.58101 315
59.60112 330
59.62124 353
59.64135 367
59.66146 391
59.68158 424
59.70169 537
59.7218 542
59.74192 644
59.76203 757
59.78215 846
59.80226 1006
59.82237 1144
59.84249 1244
59.8626 1317
59.88271 1330
59.90283 1292
59.92294 1152
59.94305 1056
59.96317 953
59.98328 839
60.0034 822
60.02351 796
60.04362 748
60.06374 710
60.08385 661
60.10396 567
60.12408 463
60.14419 356
60.16431 314
60.18442 282
60.20453 292
60.22465 280
60.24476 243
60.26487 279
60.28499 244
60.3051 254
60.32522 264
60.34533 238
60.36544 250
60.38556 219
60.40567 235
60.42578 208
60.4459 233
60.46601 241
60.48612 237
60.50624 198
60.52635 214
60.54647 223
60.56658 233
60.58669 206
60.60681 205
60.62692 231
60.64703 230
60.66715 208
60.68726 226
60.70738 237
60.72749 212
60.7476 229
60.76772 223
60.78783 239
60.80794 234
60.82806 210
60.84817 240
60.86828 217
60.8884 229
60.90851 259
60.92863 236
60.94874 248
60.96885 271
60.98897 262
61.00908 234
61.02919 248
61.04931 236
61.06942 255
61.08954 261
61.10965 242
61.12976 247
61.14988 239
61.16999 264
61.1901 271
61.21022 269
61.23033 257
61.25045 262
61.27056 260
61.29067 262
61.31079 261
61.3309 243
61.35101 259
61.37113 306
61.39124 267
61.41135 303
61.43147 290
61.45158 297
61.4717 272
61.49181 293
61.51192 264
61.53204 288
61.55215 272
61.57226 284
61.59238 265
61.61249 270
61.63261 257
61.65272 299
61.67283 252
61.69295 262
61.71306 268
61.73317 270
61.75329 256
61.7734 280
61.79352 266
61.81363 266
61.83374 253
61.85386 280
61.87397 247
61.89408 265
61.9142 266
61.93431 246
61.95442 266
61.97454 244
61.99465 243
62.01477 234
62.03488 267
62.05499 255
62.07511 253
62.09522 258
62.11533 227
62.13545 273
62.15556 242
62.17568 229
62.19579 228
62.2159 227
62.23602 234
62.25613 239
62.27624 242
62.29636 219
62.31647 238
62.33659 239
62.3567 233
62.37681 210
62.39693 223
62.41704 215
62.43715 220
62.45727 209
62.47738 233
62.49749 219
62.51761 198
62.53772 215
62.55784 213
62.57795 237
62.59806 209
62.61818 206
62.63829 210
62.6584 217
62.67852 206
62.69863 210
62.71875 218
62.73886 206
62.75897 217
62.77909 223
62.7992 207
62.81931 199
62.83943 220
62.85954 227
62.87965 199
62.89977 242
62.91988 214
62.94 204
62.96011 191
62.98022 206
63.00034 192
63.02045 208
63.04056 217
63.06068 213
63.08079 195
63.10091 201
63.12102 214
63.14113 203
63.16125 199
63.18136 192
63.20147 207
63.22159 206
63.2417 243
63.26182 227
63.28193 199
63.30204 176
63.32216 189
63.34227 170
63.36238 190
63.3825 198
63.40261 237
63.42272 200
63.44284 199
63.46295 195
63.48307 194
63.50318 210
63.52329 206
63.54341 195
63.56352 204
63.58363 206
63.60375 251
63.62386 214
63.64398 179
63.66409 238
63.6842 247
63.70432 261
63.72443 249
63.74454 282
63.76466 263
63.78477 268
63.80489 281
63.825 311
63.84511 312
63.86523 328
63.88534 323
63.90545 382
63.92557 420
63.94568 449
63.96579 415
63.98591 392
64.00602 344
64.02614 337
64.04625 314
64.06636 326
64.08648 294
64.10659 306
64.1267 267
64.14682 247
64.16693 285
64.18705 278
64.20716 245
64.22727 209
64.24739 233
64.2675 218
64.28761 204
64.30773 215
64.32784 197
64.34796 202
64.36807 200
64.38818 180
64.4083 209
64.42841 202
64.44852 194
64.46864 213
64.48875 194
64.50886 202
64.52898 183
64.54909 171
64.56921 192
64.58932 195
64.60943 163
64.62955 180
64.64966 214
64.66977 203
64.68989 212
64.71 208
64.73012 201
64.75023 186
64.77034 183
64.79046 194
64.81057 204
64.83068 219
64.8508 195
64.87091 184
64.89102 194
64.91114 182
64.93125 187
64.95137 204
64.97148 201
64.99159 187
65.01171 186
65.03182 203
65.05193 210
65.07205 206
65.09216 193
65.11228 209
65.13239 196
65.1525 207
65.17262 198
65.19273 193
65.21284 196
65.23296 214
65.25307 221
65.27319 188
65.2933 186
65.31341 184
65.33353 201
65.35364 205
65.37375 187
65.39387 200
65.41398 192
65.43409 187
65.45421 208
65.47432 222
65.49444 192
65.51455 219
65.53466 218
65.55478 198
65.57489 231
65.595 212
65.61512 218
65.63523 210
65.65535 218
65.67546 235
65.69557 242
65.71569 246
65.7358 221
65.75591 258
65.77603 215
65.79614 216
65.81626 227
65.83637 192
65.85648 235
65.8766 217
65.89671 208
65.91682 223
65.93694 206
65.95705 175
65.97716 188
65.99728 207
66.01739 208
66.03751 202
66.05762 172
66.07773 185
66.09785 202
66.11796 207
66.13807 198
66.15819 205
66.1783 200
66.19842 192
66.21853 185
66.23864 204
66.25876 202
66.27887 173
66.29898 219
66.3191 201
66.33921 197
66.35933 222
66.37944 196
66.39955 209
66.41967 216
66.43978 179
66.45989 184
66.48001 190
66.50012 189
66.52023 197
66.54035 176
66.56046 200
66.58058 202
66.60069 197
66.6208 198
66.64092 186
66.66103 192
66.68114 200
66.70126 193
66.72137 188
66.74149 178
66.7616 195
66.78171 198
66.80183 191
66.82194 190
66.84205 210
66.86217 187
66.88228 189
66.90239 201
66.92251 187
66.94262 192
66.96274 206
66.98285 193
67.00296 212
67.02308 223
67.04319 214
67.0633 213
67.08342 214
67.10353 188
67.12365 223
67.14376 231
67.16387 233
67.18399 206
67.2041 220
67.22421 239
67.24433 259
67.26444 246
67.28456 254
67.30467 230
67.32478 282
67.3449 252
67.36501 270
67.38512 282
67.40524 322
67.42535 306
67.44546 347
67.46558 385
67.48569 368
67.50581 416
67.52592 496
67.54603 548
67.56615 609
67.58626 657
67.60637 768
67.62649 811
67.6466 886
67.66672 833
67.68683 832
67.70694 795
67.72706 699
67.74717 656
67.76728 582
67.7874 609
67.80751 658
67.82763 663
67.84774 714
67.86785 703
67.88797 680
67.90808 741
67.92819 717
67.94831 703
67.96842 774
67.98853 830
68.00865 964
68.02876 1076
68.04888 1090
68.06899 1151
68.0891 1107
68.10922 1012
68.12933 1034
68.14944 904
68.16956 973
68.18967 986
68.20979 1036
68.2299 1060
68.25001 988
68.27013 926
68.29024 794
68.31035 771
68.33047 641
68.35058 539
68.3707 537
68.39081 502
68.41092 494
68.43104 476
68.45115 438
68.47126 395
68.49138 317
68.51149 307
68.5316 299
68.55172 268
68.57183 244
68.59195 220
68.61206 234
68.63217 225
68.65229 228
68.6724 233
68.69251 203
68.71263 248
68.73274 205
68.75286 207
68.77297 211
68.79308 205
68.8132 211
68.83331 214
68.85342 214
68.87354 211
68.89365 213
68.91376 212
68.93388 197
68.95399 203
68.97411 204
68.99422 225
69.01433 209
69.03445 216
69.05456 206
69.07467 215
69.09479 186
69.1149 216
69.13502 216
69.15513 200
69.17524 182
69.19536 197
69.21547 192
69.23558 199
69.2557 189
69.27581 187
69.29593 179
69.31604 221
69.33615 194
69.35627 196
69.37638 208
69.39649 187
69.41661 207
69.43672 203
69.45683 206
69.47695 225
69.49706 211
69.51718 202
69.53729 191
69.5574 218
69.57752 204
69.59763 208
69.61774 174
69.63786 202
69.65797 186
69.67809 162
69.6982 200
69.71831 198
69.73843 206
69.75854 204
69.77865 201
69.79877 195
69.81888 176
69.839 190
69.85911 204
69.87922 198
69.89934 179
69.91945 195
69.93956 195
69.95968 190
69.97979 202
69.9999 179
70.02002 201
70.04013 205
70.06025 189
70.08036 177
70.10047 161
70.12059 185
70.1407 178
70.16081 183
70.18093 206
70.20104 188
70.22116 195
70.24127 194
70.26138 174
70.2815 163
70.30161 176
70.32172 188
70.34184 171
70.36195 184
70.38207 199
70.40218 210
70.42229 163
70.44241 167
70.46252 192
70.48263 184
70.50275 189
70.52286 176
70.54297 178
70.56309 173
70.5832 186
70.60332 192
70.62343 169
70.64354 190
70.66366 176
70.68377 200
70.70388 182
70.724 176
70.74411 193
70.76423 167
70.78434 159
70.80445 203
70.82457 181
70.84468 179
70.86479 193
70.88491 225
70.90502 161
70.92513 179
70.94525 186
70.96536 175
70.98548 185
71.00559 171
71.0257 197
71.04582 210
71.06593 183
71.08604 199
71.10616 173
71.12627 167
71.14639 197
71.1665 196
71.18661 192
71.20673 170
71.22684 175
71.24695 179
71.26707 189
71.28718 207
71.3073 194
71.32741 194
71.34752 184
71.36764 188
71.38775 194
71.40786 199
71.42798 214
71.44809 219
71.4682 184
71.48832 208
71.50843 190
71.52855 218
71.54866 163
71.56877 200
71.58889 180
71.609 181
71.62911 201
71.64923 185
71.66934 202
71.68946 185
71.70957 169
71.72968 182
71.7498 197
71.76991 185
71.79002 192
71.81014 208
71.83025 169
71.85037 181
71.87048 184
71.89059 186
71.91071 173
71.93082 164
71.95093 194
71.97105 185
71.99116 198
72.01127 195
72.03139 199
72.0515 217
72.07162 207
72.09173 203
72.11184 221
72.13196 186
72.15207 201
72.17218 196
72.1923 185
72.21241 211
72.23253 194
72.25264 221
72.27275 215
72.29287 190
72.31298 198
72.33309 204
72.35321 214
72.37332 192
72.39344 183
72.41355 217
72.43366 208
72.45378 210
72.47389 195
72.494 183
72.51412 186
72.53423 211
72.55434 212
72.57446 228
72.59457 184
72.61469 210
72.6348 215
72.65491 213
72.67503 193
72.69514 236
72.71525 200
72.73537 204
72.75548 202
72.7756 205
72.79571 229
72.81582 195
72.83594 248
72.85605 210
72.87616 205
72.89628 206
72.91639 228
72.9365 199
72.95662 220
72.97673 229
72.99685 225
73.01696 221
73.03707 250
73.05719 221
73.0773 225
73.09741 220
73.11753 245
73.13764 224
73.15776 238
73.17787 221
73.19798 257
73.2181 257
73.23821 296
73.25832 309
73.27844 333
73.29855 347
73.31867 340
73.33878 402
73.35889 397
73.37901 379
73.39912 410
73.41923 390
73.43935 352
73.45946 342
73.47957 339
73.49969 310
73.5198 318
73.53992 296
73.56003 317
73.58014 287
73.60026 285
73.62037 281
73.64048 277
73.6606 285
73.68071 248
73.70083 242
73.72094 245
73.74105 213
73.76117 219
73.78128 196
73.80139 220
73.82151 227
73.84162 204
73.86174 227
73.88185 206
73.90196 210
73.92208 203
73.94219 176
73.9623 195
73.98242 190
74.00253 211
74.02264 181
74.04276 174
74.06287 200
74.08299 225
74.1031 186
74.12321 179
74.14333 191
74.16344 170
74.18355 193
74.20367 192
74.22378 205
74.2439 190
74.26401 170
74.28412 175
74.30424 217
74.32435 186
74.34446 190
74.36458 193
74.38469 190
74.40481 210
74.42492 160
74.44503 163
74.46515 192
74.48526 198
74.50537 203
74.52549 190
74.5456 191
74.56571 207
74.58583 195
74.60594 196
74.62606 183
74.64617 175
74.66628 199
74.6864 180
74.70651 179
74.72662 182
74.74674 184
74.76685 178
74.78697 189
74.80708 200
74.82719 192
74.84731 207
74.86742 190
74.88753 193
74.90765 193
74.92776 174
74.94787 206
74.96799 203
74.9881 212
75.00822 201
