3.00117 19443
3.02128 18986
3.0414 18333
3.06151 18115
3.08162 17232
3.10174 17093
3.12185 16254
3.14197 15698
3.16208 15467
3.18219 14721
3.20231 14652
3.22242 14123
3.24253 13983
3.26265 13329
3.28276 12804
3.30288 12410
3.32299 12074
3.3431 11853
3.36322 11354
3.38333 10841
3.40344 10708
3.42356 10252
3.44367 9609
3.46379 9577
3.4839 9148
3.50401 9110
3.52413 8584
3.54424 8209
3.56435 8017
3.58447 7487
3.60458 7342
3.62469 7118
3.64481 6832
3.66492 6532
3.68504 6277
3.70515 6270
3.72526 5851
3.74538 5491
3.76549 5333
3.7856 4999
3.80572 5020
3.82583 4734
3.84595 4569
3.86606 4213
3.88617 4274
3.90629 4153
3.9264 3908
3.94651 3577
3.96663 3526
3.98674 3338
4.00686 3273
4.02697 3136
4.04708 2922
4.0672 2712
4.08731 2607
4.10742 2610
4.12754 2616
4.14765 2193
4.16776 2187
4.18788 2159
4.20799 2080
4.22811 2101
4.24822 1897
4.26833 1842
4.28845 1745
4.30856 1779
4.32867 1742
4.34879 1606
4.3689 1637
4.38902 1566
4.40913 1500
4.42924 1618
4.44936 1393
4.46947 1410
4.48958 1405
4.5097 1301
4.52981 1289
4.54992 1231
4.57004 1233
4.59015 1156
4.61027 1195
4.63038 1142
4.65049 1052
4.67061 1116
4.69072 1022
4.71083 1050
4.73095 991
4.75106 949
4.77118 883
4.79129 927
4.8114 895
4.83152 976
4.85163 818
4.87174 809
4.89186 818
4.91197 838
4.93209 862
4.9522 805
4.97231 728
4.99243 778
5.01254 711
5.03265 694
5.05277 646
5.07288 657
5.09299 639
5.11311 620
5.13322 666
5.15334 574
5.17345 581
5.19356 637
5.21368 643
5.23379 565
5.2539 536
5.27402 549
5.29413 537
5.31425 519
5.33436 505
5.35447 447
5.37459 467
5.3947 501
5.41481 470
5.43493 483
5.45504 430
5.47516 416
5.49527 413
5.51538 436
5.5355 399
5.55561 402
5.57572 433
5.59584 420
5.61595 372
5.63606 333
5.65618 370
5.67629 367
5.69641 355
5.71652 368
5.73663 362
5.75675 358
5.77686 345
5.79697 321
5.81709 357
5.8372 276
5.85732 320
5.87743 296
5.89754 291
5.91766 275
5.93777 321
5.95788 303
5.978 299
5.99811 272
6.01823 310
6.03834 300
6.05845 326
6.07857 307
6.09868 291
6.11879 287
6.13891 308
6.15902 277
6.17913 282
6.19925 284
6.21936 265
6.23948 273
6.25959 302
6.2797 277
6.29982 266
6.31993 263
6.34004 239
6.36016 271
6.38027 281
6.40039 260
6.4205 229
6.44061 281
6.46073 278
6.48084 252
6.50095 266
6.52107 252
6.54118 268
6.56129 256
6.58141 259
6.60152 261
6.62164 232
6.64175 248
6.66186 230
6.68198 250
6.70209 268
6.7222 301
6.74232 255
6.76243 251
6.78255 259
6.80266 242
6.82277 244
6.84289 226
6.863 263
6.88311 244
6.90323 240
6.92334 263
6.94346 244
6.96357 232
6.98368 216
7.0038 232
7.02391 260
7.04402 263
7.06414 230
7.08425 243
7.10436 240
7.12448 227
7.14459 246
7.16471 221
7.18482 229
7.20493 261
7.22505 243
7.24516 243
7.26527 201
7.28539 265
7.3055 256
7.32562 212
7.34573 228
7.36584 239
7.38596 216
7.40607 258
7.42618 238
7.4463 254
7.46641 205
7.48653 230
7.50664 243
7.52675 243
7.54687 226
7.56698 243
7.58709 216
7.60721 227
7.62732 273
7.64743 252
7.66755 261
7.68766 258
7.70778 236
7.72789 256
7.748 267
7.76812 262
7.78823 235
7.80834 274
7.82846 227
7.84857 253
7.86869 236
7.8888 247
7.90891 215
7.92903 252
7.94914 257
7.96925 261
7.98937 255
8.00948 246
8.0296 235
8.04971 254
8.06982 224
8.08994 221
8.11005 228
8.13016 256
8.15028 226
8.17039 238
8.1905 211
8.21062 227
8.23073 265
8.25085 223
8.27096 246
8.29107 247
8.31119 266
8.3313 260
8.35141 237
8.37153 238
8.39164 274
8.41176 229
8.43187 250
8.45198 274
8.4721 278
8.49221 246
8.51232 288
8.53244 285
8.55255 241
8.57266 276
8.59278 258
8.61289 252
8.63301 256
8.65312 259
8.67323 273
8.69335 242
8.71346 255
8.73357 247
8.75369 231
8.7738 255
8.79392 243
8.81403 272
8.83414 285
8.85426 281
8.87437 255
8.89448 272
8.9146 270
8.93471 264
8.95483 251
8.97494 246
8.99505 278
9.01517 252
9.03528 271
9.05539 242
9.07551 272
9.09562 259
9.11573 272
9.13585 294
9.15596 263
9.17608 270
9.19619 240
9.2163 269
9.23642 225
9.25653 263
9.27664 272
9.29676 279
9.31687 242
9.33699 252
9.3571 250
9.37721 243
9.39733 286
9.41744 267
9.43755 244
9.45767 261
9.47778 278
9.4979 272
9.51801 268
9.53812 256
9.55824 267
9.57835 232
9.59846 276
9.61858 252
9.63869 285
9.6588 252
9.67892 260
9.69903 268
9.71915 279
9.73926 253
9.75937 228
9.77949 271
9.7996 269
9.81971 254
9.83983 270
9.85994 221
9.88006 267
9.90017 247
9.92028 247
9.9404 258
9.96051 255
9.98062 239
10.00074 260
10.02085 276
10.04097 242
10.06108 234
10.08119 254
10.10131 260
10.12142 222
10.14153 228
10.16165 237
10.18176 247
10.20187 255
10.22199 236
10.2421 236
10.26222 223
10.28233 247
10.30244 233
10.32256 245
10.34267 254
10.36278 276
10.3829 289
10.40301 266
10.42313 259
10.44324 274
10.46335 249
10.48347 270
10.50358 270
10.52369 276
10.54381 291
10.56392 243
10.58403 248
10.60415 251
10.62426 292
10.64438 266
10.66449 271
10.6846 251
10.70472 254
10.72483 260
10.74494 270
10.76506 287
10.78517 277
10.80529 270
10.8254 267
10.84551 254
10.86563 261
10.88574 266
10.90585 262
10.92597 276
10.94608 274
10.9662 235
10.98631 231
11.00642 280
11.02654 272
11.04665 252
11.06676 264
11.08688 254
11.10699 266
11.1271 290
11.14722 287
11.16733 277
11.18745 258
11.20756 255
11.22767 280
11.24779 287
11.2679 269
11.28801 262
11.30813 270
11.32824 284
11.34836 269
11.36847 236
11.38858 256
11.4087 274
11.42881 236
11.44892 262
11.46904 267
11.48915 261
11.50927 274
11.52938 293
11.54949 276
11.56961 304
11.58972 275
11.60983 279
11.62995 278
11.65006 280
11.67017 276
11.69029 260
11.7104 255
11.73052 301
11.75063 266
11.77074 281
11.79086 274
11.81097 286
11.83108 326
11.8512 285
11.87131 307
11.89143 276
11.91154 286
11.93165 297
11.95177 293
11.97188 271
11.99199 290
12.01211 329
12.03222 304
12.05234 336
12.07245 311
12.09256 323
12.11268 350
12.13279 356
12.1529 340
12.17302 298
12.19313 365
12.21324 330
12.23336 294
12.25347 331
12.27359 324
12.2937 327
12.31381 340
12.33393 349
12.35404 305
12.37415 302
12.39427 312
12.41438 288
12.4345 293
12.45461 304
12.47472 303
12.49484 301
12.51495 307
12.53506 288
12.55518 273
12.57529 249
12.5954 282
12.61552 267
12.63563 280
12.65575 294
12.67586 220
12.69597 247
12.71609 252
12.7362 284
12.75631 255
12.77643 266
12.79654 256
12.81666 280
12.83677 238
12.85688 272
12.877 234
12.89711 258
12.91722 261
12.93734 243
12.95745 269
12.97757 268
12.99768 263
13.01779 246
13.03791 265
13.05802 287
13.07813 297
13.09825 241
13.11836 274
13.13847 260
13.15859 238
13.1787 261
13.19882 253
13.21893 264
13.23904 236
13.25916 234
13.27927 273
13.29938 239
13.3195 257
13.33961 241
13.35973 230
13.37984 249
13.39995 233
13.42007 203
13.44018 239
13.46029 215
13.48041 240
13.50052 256
13.52064 287
13.54075 278
13.56086 280
13.58098 283
13.60109 286
13.6212 289
13.64132 298
13.66143 290
13.68154 238
13.70166 253
13.72177 246
13.74189 219
13.762 243
13.78211 257
13.80223 220
13.82234 260
13.84245 244
13.86257 237
13.88268 228
13.9028 223
13.92291 234
13.94302 238
13.96314 210
13.98325 225
14.00336 236
14.02348 227
14.04359 222
14.06371 229
14.08382 216
14.10393 225
14.12405 222
14.14416 228
14.16427 225
14.18439 215
14.2045 231
14.22461 229
14.24473 214
14.26484 238
14.28496 242
14.30507 215
14.32518 212
14.3453 222
14.36541 227
14.38552 221
14.40564 204
14.42575 220
14.44587 207
14.46598 206
14.48609 214
14.50621 240
14.52632 255
14.54643 222
14.56655 215
14.58666 214
14.60677 212
14.62689 202
14.647 212
14.66712 224
14.68723 237
14.70734 217
14.72746 219
14.74757 230
14.76768 225
14.7878 223
14.80791 228
14.82803 209
14.84814 264
14.86825 232
14.88837 238
14.90848 225
14.92859 246
14.94871 229
14.96882 235
14.98894 244
15.00905 268
15.02916 234
15.04928 219
15.06939 217
15.0895 192
15.10962 227
15.12973 255
15.14984 208
15.16996 220
15.19007 229
15.21019 221
15.2303 243
15.25041 239
15.27053 230
15.29064 204
15.31075 223
15.33087 210
15.35098 234
15.3711 204
15.39121 186
15.41132 220
15.43144 221
15.45155 210
15.47166 217
15.49178 163
15.51189 249
15.53201 237
15.55212 200
15.57223 184
15.59235 206
15.61246 167
15.63257 182
15.65269 201
15.6728 202
15.69291 181
15.71303 200
15.73314 202
15.75326 203
15.77337 186
15.79348 217
15.8136 200
15.83371 199
15.85382 224
15.87394 212
15.89405 192
15.91417 180
15.93428 183
15.95439 201
15.97451 254
15.99462 190
16.01473 210
16.03485 210
16.05496 219
16.07508 186
16.09519 209
16.1153 193
16.13542 216
16.15553 224
16.17564 196
16.19576 225
16.21587 201
16.23598 186
16.2561 204
16.27621 208
16.29633 210
16.31644 197
16.33655 209
16.35667 234
16.37678 215
16.39689 193
16.41701 222
16.43712 218
16.45724 199
16.47735 247
16.49746 218
16.51758 186
16.53769 198
16.5578 177
16.57792 196
16.59803 205
16.61814 201
16.63826 209
16.65837 202
16.67849 201
16.6986 191
16.71871 234
16.73883 209
16.75894 206
16.77905 174
16.79917 202
16.81928 192
16.8394 188
16.85951 185
16.87962 234
16.89974 196
16.91985 197
16.93996 196
16.96008 192
16.98019 219
17.00031 182
17.02042 195
17.04053 178
17.06065 195
17.08076 178
17.10087 198
17.12099 212
17.1411 207
17.16121 198
17.18133 190
17.20144 193
17.22156 199
17.24167 209
17.26178 204
17.2819 207
17.30201 214
17.32212 182
17.34224 232
17.36235 174
17.38247 186
17.40258 201
17.42269 191
17.44281 178
17.46292 206
17.48303 228
17.50315 213
17.52326 199
17.54338 218
17.56349 220
17.5836 213
17.60372 220
17.62383 209
17.64394 213
17.66406 197
17.68417 184
17.70428 180
17.7244 205
17.74451 188
17.76463 210
17.78474 173
17.80485 210
17.82497 227
17.84508 229
17.86519 209
17.88531 235
17.90542 203
17.92554 231
17.94565 228
17.96576 192
17.98588 189
18.00599 208
18.0261 196
18.04622 184
18.06633 196
18.08645 207
18.10656 217
18.12667 207
18.14679 189
18.1669 215
18.18701 200
18.20713 186
18.22724 186
18.24735 213
18.26747 187
18.28758 191
18.3077 200
18.32781 194
18.34792 187
18.36804 195
18.38815 220
18.40826 203
18.42838 204
18.44849 190
18.46861 220
18.48872 193
18.50883 235
18.52895 206
18.54906 198
18.56917 193
18.58929 199
18.6094 177
18.62951 177
18.64963 215
18.66974 196
18.68986 189
18.70997 214
18.73008 210
18.7502 217
18.77031 209
18.79042 225
18.81054 229
18.83065 219
18.85077 210
18.87088 202
18.89099 215
18.91111 192
18.93122 205
18.95133 218
18.97145 231
18.99156 200
19.01168 220
19.03179 246
19.0519 181
19.07202 202
19.09213 217
19.11224 210
19.13236 217
19.15247 242
19.17258 201
19.1927 224
19.21281 240
19.23293 232
19.25304 230
19.27315 276
19.29327 225
19.31338 225
19.33349 242
19.35361 247
19.37372 198
19.39384 237
19.41395 247
19.43406 223
19.45418 223
19.47429 235
19.4944 255
19.51452 240
19.53463 236
19.55475 285
19.57486 282
19.59497 287
19.61509 268
19.6352 304
19.65531 306
19.67543 289
19.69554 309
19.71565 322
19.73577 313
19.75588 348
19.776 348
19.79611 361
19.81622 356
19.83634 385
19.85645 398
19.87656 384
19.89668 406
19.91679 402
19.93691 358
19.95702 384
19.97713 365
19.99725 311
20.01736 329
20.03747 329
20.05759 388
20.0777 353
20.09782 361
20.11793 343
20.13804 397
20.15816 341
20.17827 369
20.19838 350
20.2185 377
20.23861 359
20.25872 381
20.27884 339
20.29895 409
20.31907 356
20.33918 400
20.35929 361
20.37941 423
20.39952 402
20.41963 435
20.43975 421
20.45986 418
20.47998 477
20.50009 443
20.5202 492
20.54032 555
20.56043 590
20.58054 665
20.60066 744
20.62077 908
20.64088 1033
20.661 1368
20.68111 1704
20.70123 2199
20.72134 2834
20.74145 3503
20.76157 4069
20.78168 4611
20.80179 4928
20.82191 4874
20.84202 4696
20.86214 4025
20.88225 3178
20.90236 2328
20.92248 1711
20.94259 1197
20.9627 1044
20.98282 948
21.00293 778
21.02305 700
21.04316 697
21.06327 588
21.08339 585
21.1035 507
21.12361 458
21.14373 416
21.16384 388
21.18395 375
21.20407 384
21.22418 352
21.2443 362
21.26441 352
21.28452 353
21.30464 352
21.32475 365
21.34486 362
21.36498 351
21.38509 332
21.40521 328
21.42532 343
21.44543 337
21.46555 333
21.48566 320
21.50577 303
21.52589 300
21.546 339
21.56612 332
21.58623 311
21.60634 291
21.62646 329
21.64657 316
21.66668 287
21.6868 316
21.70691 288
21.72702 296
21.74714 271
21.76725 280
21.78737 284
21.80748 294
21.82759 320
21.84771 318
21.86782 319
21.88793 291
21.90805 318
21.92816 343
21.94828 363
21.96839 308
21.9885 321
22.00862 317
22.02873 355
22.04884 353
22.06896 322
22.08907 292
22.10919 317
22.1293 328
22.14941 332
22.16953 323
22.18964 379
22.20975 353
22.22987 320
22.24998 334
22.27009 340
22.29021 320
22.31032 308
22.33044 315
22.35055 306
22.37066 303
22.39078 300
22.41089 295
22.431 281
22.45112 294
22.47123 278
22.49135 275
22.51146 267
22.53157 286
22.55169 292
22.5718 312
22.59191 263
22.61203 305
22.63214 288
22.65225 311
22.67237 291
22.69248 266
22.7126 304
22.73271 299
22.75282 262
22.77294 271
22.79305 255
22.81316 289
22.83328 270
22.85339 262
22.87351 312
22.89362 306
22.91373 307
22.93385 290
22.95396 288
22.97407 323
22.99419 329
23.0143 334
23.03442 386
23.05453 387
23.07464 379
23.09476 447
23.11487 396
23.13498 440
23.1551 431
23.17521 433
23.19532 398
23.21544 345
23.23555 360
23.25567 343
23.27578 275
23.29589 315
23.31601 267
23.33612 295
23.35623 305
23.37635 285
23.39646 259
23.41658 281
23.43669 309
23.4568 261
23.47692 312
23.49703 304
23.51714 278
23.53726 310
23.55737 335
23.57749 294
23.5976 280
23.61771 318
23.63783 294
23.65794 300
23.67805 292
23.69817 305
23.71828 280
23.73839 304
23.75851 338
23.77862 321
23.79874 333
23.81885 354
23.83896 403
23.85908 380
23.87919 420
23.8993 478
23.91942 466
23.93953 489
23.95965 467
23.97976 515
23.99987 453
24.01999 399
24.0401 369
24.06021 367
24.08033 316
24.10044 333
24.12056 336
24.14067 342
24.16078 363
24.1809 357
24.20101 337
24.22112 357
24.24124 368
24.26135 344
24.28146 374
24.30158 345
24.32169 324
24.34181 339
24.36192 340
24.38203 322
24.40215 311
24.42226 289
24.44237 282
24.46249 342
24.4826 291
24.50272 314
24.52283 323
24.54294 345
24.56306 335
24.58317 342
24.60328 383
24.6234 338
24.64351 365
24.66362 411
24.68374 386
24.70385 389
24.72397 347
24.74408 341
24.76419 327
24.78431 355
24.80442 348
24.82453 376
24.84465 311
24.86476 323
24.88488 313
24.90499 352
24.9251 353
24.94522 301
24.96533 321
24.98544 323
25.00556 359
25.02567 332
25.04579 332
25.0659 329
25.08601 306
25.10613 354
25.12624 321
25.14635 350
25.16647 333
25.18658 355
25.20669 310
25.22681 356
25.24692 341
25.26704 313
25.28715 345
25.30726 348
25.32738 345
25.34749 388
25.3676 409
25.38772 428
25.40783 411
25.42795 503
25.44806 513
25.46817 516
25.48829 545
25.5084 555
25.52851 532
25.54863 523
25.56874 554
25.58886 518
25.60897 523
25.62908 480
25.6492 519
25.66931 511
25.68942 539
25.70954 476
25.72965 443
25.74976 470
25.76988 464
25.78999 445
25.81011 466
25.83022 444
25.85033 438
25.87045 414
25.89056 431
25.91067 502
25.93079 449
25.9509 440
25.97102 440
25.99113 514
26.01124 514
26.03136 502
26.05147 540
26.07158 601
26.0917 610
26.11181 707
26.13193 686
26.15204 776
26.17215 756
26.19227 843
26.21238 946
26.23249 1061
26.25261 1201
26.27272 1389
26.29283 1568
26.31295 1819
26.33306 2118
26.35318 2561
26.37329 3192
26.3934 4105
26.41352 5089
26.43363 6541
26.45374 8332
26.47386 10350
26.49397 13097
26.51409 15652
26.5342 17939
26.55431 19945
26.57443 21644
26.59454 21553
26.61465 20461
26.63477 17927
26.65488 14351
26.67499 10418
26.69511 7453
26.71522 4992
26.73534 3258
26.75545 2062
26.77556 1588
26.79568 1264
26.81579 1156
26.8359 1023
26.85602 1063
26.87613 927
26.89625 907
26.91636 881
26.93647 889
26.95659 853
26.9767 884
26.99681 891
27.01693 866
27.03704 810
27.05716 802
27.07727 776
27.09738 669
27.1175 667
27.13761 627
27.15772 608
27.17784 606
27.19795 628
27.21806 667
27.23818 706
27.25829 743
27.27841 815
27.29852 884
27.31863 902
27.33875 979
27.35886 1022
27.37897 1012
27.39909 1097
27.4192 1100
27.43932 1015
27.45943 954
27.47954 855
27.49966 804
27.51977 678
27.53988 556
27.56 530
27.58011 462
27.60023 481
27.62034 442
27.64045 447
27.66057 410
27.68068 424
27.70079 441
27.72091 432
27.74102 449
27.76113 405
27.78125 444
27.80136 425
27.82148 463
27.84159 454
27.8617 436
27.88182 393
27.90193 417
27.92204 419
27.94216 380
27.96227 349
27.98239 385
28.0025 381
28.02261 303
28.04273 357
28.06284 375
28.08295 305
28.10307 300
28.12318 303
28.1433 297
28.16341 291
28.18352 283
28.20364 289
28.22375 298
28.24386 304
28.26398 269
28.28409 279
28.3042 296
28.32432 292
28.34443 265
28.36455 300
28.38466 247
28.40477 271
28.42489 265
28.445 260
28.46511 247
28.48523 317
28.50534 237
28.52546 286
28.54557 266
28.56568 263
28.5858 251
28.60591 276
28.62602 266
28.64614 273
28.66625 254
28.68636 254
28.70648 269
28.72659 276
28.74671 283
28.76682 222
28.78693 256
28.80705 255
28.82716 267
28.84727 256
28.86739 252
28.8875 265
28.90762 241
28.92773 259
28.94784 259
28.96796 239
28.98807 250
29.00818 280
29.0283 282
29.04841 248
29.06853 238
29.08864 287
29.10875 264
29.12887 261
29.14898 241
29.16909 288
29.18921 268
29.20932 288
29.22943 303
29.24955 307
29.26966 301
29.28978 321
29.30989 310
29.33 311
29.35012 358
29.37023 325
29.39034 380
29.41046 344
29.43057 361
29.45069 302
29.4708 320
29.49091 293
29.51103 281
29.53114 274
29.55125 264
29.57137 269
29.59148 258
29.6116 286
29.63171 239
29.65182 268
29.67194 234
29.69205 281
29.71216 288
29.73228 247
29.75239 270
29.7725 268
29.79262 266
29.81273 247
29.83285 259
29.85296 237
29.87307 290
29.89319 266
29.9133 297
29.93341 267
29.95353 305
29.97364 321
29.99376 332
30.01387 335
30.03398 348
30.0541 365
30.07421 362
30.09432 378
30.11444 377
30.13455 397
30.15467 425
30.17478 420
30.19489 381
30.21501 350
30.23512 392
30.25523 345
30.27535 295
30.29546 276
30.31557 282
30.33569 302
30.3558 304
30.37592 293
30.39603 263
30.41614 272
30.43626 282
30.45637 292
30.47648 278
30.4966 292
30.51671 285
30.53683 310
30.55694 318
30.57705 303
30.59717 311
30.61728 365
30.63739 376
30.65751 375
30.67762 393
30.69773 368
30.71785 377
30.73796 392
30.75808 409
30.77819 354
30.7983 351
30.81842 373
30.83853 343
30.85864 312
30.87876 322
30.89887 279
30.91899 271
30.9391 248
30.95921 262
30.97933 263
30.99944 222
31.01955 245
31.03967 251
31.05978 249
31.0799 229
31.10001 252
31.12012 202
31.14024 225
31.16035 220
31.18046 219
31.20058 235
31.22069 225
31.2408 231
31.26092 241
31.28103 230
31.30115 236
31.32126 219
31.34137 235
31.36149 209
31.3816 205
31.40171 222
31.42183 235
31.44194 230
31.46206 206
31.48217 231
31.50228 209
31.5224 221
31.54251 223
31.56262 226
31.58274 235
31.60285 214
31.62297 220
31.64308 251
31.66319 272
31.68331 202
31.70342 226
31.72353 193
31.74365 212
31.76376 225
31.78387 200
31.80399 227
31.8241 229
31.84422 232
31.86433 254
31.88444 221
31.90456 254
31.92467 238
31.94478 209
31.9649 244
31.98501 251
32.00513 239
32.02524 240
32.04535 259
32.06547 282
32.08558 266
32.10569 262
32.12581 248
32.14592 239
32.16604 238
32.18615 244
32.20626 248
32.22638 263
32.24649 260
32.2666 254
32.28672 240
32.30683 296
32.32694 259
32.34706 284
32.36717 259
32.38729 265
32.4074 301
32.42751 288
32.44763 294
32.46774 270
32.48785 253
32.50797 268
32.52808 259
32.5482 258
32.56831 252
32.58842 222
32.60854 216
32.62865 227
32.64876 221
32.66888 234
32.68899 262
32.7091 212
32.72922 217
32.74933 230
32.76945 229
32.78956 218
32.80967 202
32.82979 225
32.8499 233
32.87001 239
32.89013 231
32.91024 230
32.93036 244
32.95047 238
32.97058 220
32.9907 212
33.01081 255
33.03092 239
33.05104 204
33.07115 226
33.09127 203
33.11138 228
33.13149 223
33.15161 247
33.17172 225
33.19183 255
33.21195 214
33.23206 257
33.25217 258
33.27229 215
33.2924 226
33.31252 250
33.33263 233
33.35274 253
33.37286 262
33.39297 209
33.41308 250
33.4332 239
33.45331 235
33.47343 226
33.49354 188
33.51365 232
33.53377 195
33.55388 235
33.57399 202
33.59411 231
33.61422 224
33.63434 218
33.65445 241
33.67456 240
33.69468 224
33.71479 202
33.7349 192
33.75502 212
33.77513 219
33.79524 206
33.81536 213
33.83547 234
33.85559 214
33.8757 239
33.89581 250
33.91593 224
33.93604 250
33.95615 260
33.97627 267
33.99638 237
34.0165 273
34.03661 262
34.05672 287
34.07684 277
34.09695 296
34.11706 278
34.13718 301
34.15729 312
34.17741 305
34.19752 316
34.21763 317
34.23775 316
34.25786 270
34.27797 266
34.29809 258
34.3182 230
34.33831 265
34.35843 278
34.37854 268
34.39866 216
34.41877 257
34.43888 251
34.459 272
34.47911 259
34.49922 279
34.51934 276
34.53945 277
34.55957 268
34.57968 312
34.59979 264
34.61991 307
34.64002 264
34.66013 323
34.68025 320
34.70036 296
34.72047 307
34.74059 300
34.7607 329
34.78082 337
34.80093 298
34.82104 315
34.84116 343
34.86127 350
34.88138 300
34.9015 302
34.92161 309
34.94173 323
34.96184 301
34.98195 297
35.00207 306
35.02218 288
35.04229 287
35.06241 307
35.08252 307
35.10264 293
35.12275 287
35.14286 285
35.16298 301
35.18309 334
35.2032 330
35.22332 356
35.24343 321
35.26354 311
35.28366 320
35.30377 297
35.32389 344
35.344 331
35.36411 342
35.38423 387
35.40434 344
35.42445 383
35.44457 375
35.46468 360
35.4848 371
35.50491 380
35.52502 373
35.54514 346
35.56525 343
35.58536 378
35.60548 386
35.62559 328
35.64571 306
35.66582 339
35.68593 324
35.70605 279
35.72616 305
35.74627 286
35.76639 305
35.7865 302
35.80661 287
35.82673 289
35.84684 312
35.86696 300
35.88707 294
35.90718 285
35.9273 275
35.94741 299
35.96752 281
35.98764 274
36.00775 285
36.02787 281
36.04798 289
36.06809 278
36.08821 298
36.10832 319
36.12843 303
36.14855 345
36.16866 344
36.18878 345
36.20889 367
36.229 436
36.24912 431
36.26923 498
36.28934 598
36.30946 642
36.32957 718
36.34968 826
36.3698 970
36.38991 1102
36.41003 1292
36.43014 1355
36.45025 1550
36.47037 1634
36.49048 1632
36.51059 1656
36.53071 1338
36.55082 1194
36.57094 1043
36.59105 828
36.61116 728
36.63128 675
36.65139 518
36.6715 403
36.69162 345
36.71173 342
36.73184 318
36.75196 340
36.77207 321
36.79219 333
36.8123 359
36.83241 339
36.85253 352
36.87264 344
36.89275 319
36.91287 327
36.93298 348
36.9531 320
36.97321 316
36.99332 309
37.01344 267
37.03355 283
37.05366 254
37.07378 282
37.09389 281
37.11401 261
37.13412 268
37.15423 216
37.17435 285
37.19446 258
37.21457 257
37.23469 233
37.2548 247
37.27491 243
37.29503 266
37.31514 252
37.33526 239
37.35537 278
37.37548 239
37.3956 275
37.41571 273
37.43582 282
37.45594 263
37.47605 247
37.49617 255
37.51628 255
37.53639 281
37.55651 246
37.57662 255
37.59673 257
37.61685 255
37.63696 234
37.65708 229
37.67719 270
37.6973 269
37.71742 233
37.73753 253
37.75764 221
37.77776 250
37.79787 241
37.81798 236
37.8381 259
37.85821 239
37.87833 260
37.89844 242
37.91855 231
37.93867 250
37.95878 239
37.97889 248
37.99901 232
38.01912 237
38.03924 266
38.05935 256
38.07946 237
38.09958 228
38.11969 265
38.1398 281
38.15992 227
38.18003 263
38.20015 275
38.22026 270
38.24037 249
38.26049 241
38.2806 272
38.30071 264
38.32083 242
38.34094 296
38.36105 281
38.38117 307
38.40128 275
38.4214 283
38.44151 293
38.46162 316
38.48174 289
38.50185 300
38.52196 292
38.54208 282
38.56219 291
38.58231 257
38.60242 250
38.62253 245
38.64265 277
38.66276 258
38.68287 214
38.70299 239
38.7231 242
38.74321 225
38.76333 254
38.78344 244
38.80356 243
38.82367 252
38.84378 262
38.8639 260
38.88401 251
38.90412 257
38.92424 289
38.94435 264
38.96447 307
38.98458 305
39.00469 255
39.02481 267
39.04492 302
39.06503 307
39.08515 312
39.10526 350
39.12538 365
39.14549 396
39.1656 384
39.18572 452
39.20583 520
39.22594 618
39.24606 645
39.26617 816
39.28628 863
39.3064 1027
39.32651 1158
39.34663 1268
39.36674 1401
39.38685 1393
39.40697 1522
39.42708 1494
39.44719 1364
39.46731 1205
39.48742 999
39.50754 863
39.52765 750
39.54776 645
39.56788 543
39.58799 402
39.6081 351
39.62822 287
39.64833 270
39.66845 273
39.68856 264
39.70867 255
39.72879 236
39.7489 237
39.76901 286
39.78913 259
39.80924 248
39.82935 246
39.84947 276
39.86958 255
39.8897 269
39.90981 229
39.92992 281
39.95004 269
39.97015 328
39.99026 317
40.01038 354
40.03049 331
40.05061 424
40.07072 430
40.09083 499
40.11095 557
40.13106 640
40.15117 651
40.17129 736
40.1914 821
40.21152 810
40.23163 802
40.25174 855
40.27186 775
40.29197 723
40.31208 572
40.3322 529
40.35231 469
40.37242 462
40.39254 393
40.41265 312
40.43277 300
40.45288 255
40.47299 264
40.49311 258
40.51322 228
40.53333 258
40.55345 220
40.57356 229
40.59368 245
40.61379 206
40.6339 233
40.65402 227
40.67413 227
40.69424 221
40.71436 229
40.73447 208
40.75458 215
40.7747 223
40.79481 217
40.81493 228
40.83504 247
40.85515 223
40.87527 203
40.89538 229
40.91549 215
40.93561 241
40.95572 243
40.97584 231
40.99595 264
41.01606 220
41.03618 194
41.05629 239
41.0764 228
41.09652 232
41.11663 217
41.13675 243
41.15686 209
41.17697 212
41.19709 208
41.2172 222
41.23731 210
41.25743 230
41.27754 214
41.29765 210
41.31777 240
41.33788 255
41.358 233
41.37811 231
41.39822 247
41.41834 243
41.43845 232
41.45856 256
41.47868 264
41.49879 243
41.51891 274
41.53902 276
41.55913 294
41.57925 294
41.59936 279
41.61947 289
41.63959 298
41.6597 325
41.67982 336
41.69993 334
41.72004 353
41.74016 369
41.76027 365
41.78038 372
41.8005 327
41.82061 354
41.84072 282
41.86084 296
41.88095 306
41.90107 286
41.92118 258
41.94129 244
41.96141 267
41.98152 270
42.00163 242
42.02175 247
42.04186 285
42.06198 245
42.08209 274
42.1022 290
42.12232 336
42.14243 349
42.16254 408
42.18266 420
42.20277 467
42.22289 482
42.243 562
42.26311 655
42.28323 756
42.30334 884
42.32345 969
42.34357 1016
42.36368 1039
42.38379 1062
42.40391 1071
42.42402 1000
42.44414 968
42.46425 831
42.48436 680
42.50448 637
42.52459 475
42.5447 484
42.56482 430
42.58493 356
42.60505 314
42.62516 292
42.64527 249
42.66539 240
42.6855 257
42.70561 243
42.72573 261
42.74584 264
42.76595 244
42.78607 235
42.80618 228
42.8263 213
42.84641 213
42.86652 245
42.88664 242
42.90675 198
42.92686 214
42.94698 211
42.96709 203
42.98721 219
43.00732 219
43.02743 239
43.04755 218
43.06766 204
43.08777 215
43.10789 220
43.128 207
43.14812 204
43.16823 220
43.18834 188
43.20846 208
43.22857 197
43.24868 185
43.2688 216
43.28891 217
43.30902 208
43.32914 194
43.34925 198
43.36937 215
43.38948 194
43.40959 214
43.42971 211
43.44982 203
43.46993 218
43.49005 187
43.51016 194
43.53028 197
43.55039 210
43.5705 210
43.59062 177
43.61073 220
43.63084 207
43.65096 230
43.67107 206
43.69119 187
43.7113 180
43.73141 185
43.75153 223
43.77164 174
43.79175 198
43.81187 203
43.83198 226
43.85209 193
43.87221 185
43.89232 204
43.91244 205
43.93255 207
43.95266 200
43.97278 218
43.99289 240
44.013 229
44.03312 198
44.05323 238
44.07335 207
44.09346 222
44.11357 202
44.13369 226
44.1538 223
44.17391 207
44.19403 217
44.21414 217
44.23426 203
44.25437 204
44.27448 184
44.2946 234
44.31471 187
44.33482 192
44.35494 179
44.37505 206
44.39516 202
44.41528 209
44.43539 189
44.45551 220
44.47562 200
44.49573 210
44.51585 218
44.53596 228
44.55607 203
44.57619 212
44.5963 211
44.61642 188
44.63653 196
44.65664 184
44.67676 185
44.69687 184
44.71698 212
44.7371 214
44.75721 182
44.77732 206
44.79744 200
44.81755 186
44.83767 182
44.85778 193
44.87789 207
44.89801 191
44.91812 202
44.93823 204
44.95835 208
44.97846 214
44.99858 205
45.01869 198
45.0388 188
45.05892 218
45.07903 224
45.09914 212
45.11926 210
45.13937 220
45.15949 233
45.1796 199
45.19971 228
45.21983 229
45.23994 206
45.26005 198
45.28017 244
45.30028 233
45.32039 218
45.34051 253
45.36062 275
45.38074 281
45.40085 296
45.42096 300
45.44108 300
45.46119 327
45.4813 314
45.50142 360
45.52153 402
45.54165 432
45.56176 448
45.58187 496
45.60199 514
45.6221 595
45.64221 645
45.66233 713
45.68244 781
45.70256 772
45.72267 773
45.74278 818
45.7629 776
45.78301 680
45.80312 586
45.82324 559
45.84335 537
45.86346 439
45.88358 436
45.90369 378
45.92381 298
45.94392 250
45.96403 258
45.98415 251
46.00426 242
46.02437 203
46.04449 236
46.0646 236
46.08472 213
46.10483 248
46.12494 252
46.14506 234
46.16517 236
46.18528 208
46.2054 230
46.22551 237
46.24563 261
46.26574 207
46.28585 205
46.30597 212
46.32608 221
46.34619 194
46.36631 208
46.38642 218
46.40653 191
46.42665 206
46.44676 196
46.46688 190
46.48699 206
46.5071 195
46.52722 209
46.54733 188
46.56744 208
46.58756 200
46.60767 181
46.62779 191
46.6479 179
46.66801 192
46.68813 183
46.70824 215
46.72835 178
46.74847 202
46.76858 190
46.78869 216
46.80881 178
46.82892 171
46.84904 197
46.86915 206
46.88926 239
46.90938 206
46.92949 218
46.9496 195
46.96972 229
46.98983 220
47.00995 227
47.03006 210
47.05017 255
47.07029 203
47.0904 227
47.11051 262
47.13063 206
47.15074 230
47.17086 220
47.19097 233
47.21108 217
47.2312 222
47.25131 199
47.27142 224
47.29154 222
47.31165 238
47.33176 230
47.35188 218
47.37199 207
47.39211 229
47.41222 247
47.43233 239
47.45245 208
47.47256 216
47.49267 214
47.51279 213
47.5329 186
47.55302 184
47.57313 237
47.59324 219
47.61336 222
47.63347 189
47.65358 163
47.6737 187
47.69381 180
47.71393 199
47.73404 197
47.75415 189
47.77427 204
47.79438 208
47.81449 166
47.83461 197
47.85472 190
47.87483 204
47.89495 195
47.91506 191
47.93518 211
47.95529 202
47.9754 190
47.99552 184
48.01563 215
48.03574 221
48.05586 211
48.07597 183
48.09609 201
48.1162 198
48.13631 187
48.15643 167
48.17654 159
48.19665 188
48.21677 192
48.23688 191
48.257 196
48.27711 200
48.29722 192
48.31734 194
48.33745 198
48.35756 200
48.37768 208
48.39779 221
48.4179 219
48.43802 199
48.45813 198
48.47825 184
48.49836 227
48.51847 200
48.53859 174
48.5587 250
48.57881 190
48.59893 245
48.61904 226
48.63916 239
48.65927 224
48.67938 236
48.6995 231
48.71961 197
48.73972 234
48.75984 227
48.77995 269
48.80006 240
48.82018 214
48.84029 253
48.86041 229
48.88052 229
48.90063 215
48.92075 253
48.94086 229
48.96097 222
48.98109 244
49.0012 216
49.02132 245
49.04143 233
49.06154 219
49.08166 231
49.10177 193
49.12188 227
49.142 180
49.16211 219
49.18223 189
49.20234 221
49.22245 226
49.24257 227
49.26268 209
49.28279 220
49.30291 203
49.32302 207
49.34313 205
49.36325 209
49.38336 223
49.40348 221
49.42359 218
49.4437 223
49.46382 223
49.48393 210
49.50404 222
49.52416 245
49.54427 255
49.56439 261
49.5845 261
49.60461 281
49.62473 281
49.64484 290
49.66495 323
49.68507 321
49.70518 320
49.7253 361
49.74541 397
49.76552 487
49.78564 486
49.80575 517
49.82586 646
49.84598 678
49.86609 792
49.8862 957
49.90632 1025
49.92643 1229
49.94655 1358
49.96666 1614
49.98677 1748
50.00689 1959
50.027 2126
50.04711 2251
50.06723 2236
50.08734 2304
50.10746 2106
50.12757 1857
50.14768 1688
50.1678 1451
50.18791 1363
50.20802 1202
50.22814 1102
50.24825 924
50.26837 756
50.28848 577
50.30859 495
50.32871 438
50.34882 419
50.36893 408
50.38905 402
50.40916 386
50.42927 393
50.44939 422
50.4695 435
50.48962 414
50.50973 416
50.52984 350
50.54996 381
50.57007 383
50.59018 347
50.6103 319
50.63041 335
50.65053 295
50.67064 291
50.69075 267
50.71087 282
50.73098 289
50.75109 291
50.77121 280
50.79132 235
50.81143 260
50.83155 258
50.85166 237
50.87178 259
50.89189 235
50.912 199
50.93212 235
50.95223 238
50.97234 268
50.99246 225
51.01257 230
51.03269 220
51.0528 221
51.07291 233
51.09303 202
51.11314 204
51.13325 206
51.15337 208
51.17348 205
51.1936 219
51.21371 201
51.23382 188
51.25394 209
51.27405 208
51.29416 191
51.31428 194
51.33439 191
51.3545 209
51.37462 207
51.39473 209
51.41485 229
51.43496 179
51.45507 193
51.47519 202
51.4953 178
51.51541 183
51.53553 183
51.55564 181
51.57576 170
51.59587 186
51.61598 209
51.6361 180
51.65621 181
51.67632 215
51.69644 180
51.71655 165
51.73667 168
51.75678 197
51.77689 181
51.79701 182
51.81712 182
51.83723 186
51.85735 181
51.87746 185
51.89757 181
51.91769 178
51.9378 164
51.95792 150
51.97803 172
51.99814 190
52.01826 173
52.03837 174
52.05848 191
52.0786 189
52.09871 200
52.11883 182
52.13894 184
52.15905 191
52.17917 186
52.19928 162
52.21939 175
52.23951 147
52.25962 189
52.27974 163
52.29985 155
52.31996 187
52.34008 185
52.36019 179
52.3803 168
52.40042 195
52.42053 182
52.44064 162
52.46076 173
52.48087 229
52.50099 187
52.5211 196
52.54121 201
52.56133 232
52.58144 184
52.60155 180
52.62167 180
52.64178 215
52.6619 192
52.68201 183
52.70212 188
52.72224 212
52.74235 175
52.76246 171
52.78258 191
52.80269 208
52.8228 188
52.84292 211
52.86303 194
52.88315 215
52.90326 212
52.92337 175
52.94349 183
52.9636 197
52.98371 182
53.00383 192
53.02394 205
53.04406 199
53.06417 207
53.08428 205
53.1044 194
53.12451 212
53.14462 209
53.16474 210
53.18485 222
53.20497 232
53.22508 198
53.24519 184
53.26531 218
53.28542 194
53.30553 219
53.32565 219
53.34576 207
53.36587 202
53.38599 224
53.4061 234
53.42622 229
53.44633 205
53.46644 206
53.48656 185
53.50667 230
53.52678 202
53.5469 217
53.56701 213
53.58713 211
53.60724 201
53.62735 214
53.64747 235
53.66758 203
53.68769 208
53.70781 208
53.72792 200
53.74804 202
53.76815 241
53.78826 246
53.80838 220
53.82849 221
53.8486 215
53.86872 213
53.88883 236
53.90894 249
53.92906 232
53.94917 192
53.96929 180
53.9894 204
54.00951 230
54.02963 241
54.04974 223
54.06985 232
54.08997 244
54.11008 223
54.1302 233
54.15031 228
54.17042 229
54.19054 222
54.21065 216
54.23076 226
54.25088 258
54.27099 235
54.29111 227
54.31122 221
54.33133 223
54.35145 229
54.37156 237
54.39167 267
54.41179 225
54.4319 253
54.45201 271
54.47213 262
54.49224 270
54.51236 289
54.53247 321
54.55258 291
54.5727 299
54.59281 372
54.61292 393
54.63304 461
54.65315 436
54.67327 556
54.69338 577
54.71349 696
54.73361 730
54.75372 761
54.77383 722
54.79395 798
54.81406 766
54.83417 756
54.85429 732
54.8744 636
54.89452 605
54.91463 548
54.93474 512
54.95486 505
54.97497 513
54.99508 422
55.0152 417
55.03531 400
55.05543 376
55.07554 338
55.09565 358
55.11577 354
55.13588 386
55.15599 405
55.17611 393
55.19622 445
55.21634 441
55.23645 482
55.25656 475
55.27668 445
55.29679 429
55.3169 405
55.33702 406
55.35713 394
55.37724 359
55.39736 357
55.41747 344
55.43759 308
55.4577 267
55.47781 283
55.49793 260
55.51804 266
55.53815 215
55.55827 225
55.57838 239
55.5985 207
55.61861 216
55.63872 195
55.65884 232
55.67895 226
55.69906 192
55.71918 212
55.73929 225
55.75941 225
55.77952 180
55.79963 209
55.81975 212
55.83986 215
55.85997 203
55.88009 210
55.9002 188
55.92031 208
55.94043 178
55.96054 206
55.98066 217
56.00077 217
56.02088 189
56.041 196
56.06111 213
56.08122 208
56.10134 201
56.12145 184
56.14157 189
56.16168 184
56.18179 196
56.20191 209
56.22202 209
56.24213 171
56.26225 217
56.28236 195
56.30248 195
56.32259 183
56.3427 198
56.36282 185
56.38293 203
56.40304 180
56.42316 174
56.44327 200
56.46338 196
56.4835 178
56.50361 186
56.52373 196
56.54384 187
56.56395 189
56.58407 220
56.60418 198
56.62429 211
56.64441 171
56.66452 188
56.68464 192
56.70475 208
56.72486 182
56.74498 194
56.76509 179
56.7852 183
56.80532 231
56.82543 191
56.84554 211
56.86566 195
56.88577 194
56.90589 181
56.926 196
56.94611 212
56.96623 210
56.98634 192
57.00645 224
57.02657 202
57.04668 216
57.0668 225
57.08691 211
57.10702 204
57.12714 237
57.14725 207
57.16736 234
57.18748 237
57.20759 230
57.22771 231
57.24782 228
57.26793 223
57.28805 206
57.30816 215
57.32827 198
57.34839 205
57.3685 224
57.38861 204
57.40873 210
57.42884 203
57.44896 205
57.46907 205
57.48918 183
57.5093 179
57.52941 223
57.54952 188
57.56964 187
57.58975 167
57.60987 193
57.62998 193
57.65009 174
57.67021 195
57.69032 189
57.71043 189
57.73055 153
57.75066 184
57.77078 217
57.79089 195
57.811 196
57.83112 186
57.85123 202
57.87134 202
57.89146 189
57.91157 182
57.93168 215
57.9518 169
57.97191 184
57.99203 201
58.01214 203
58.03225 214
58.05237 218
58.07248 192
58.09259 192
58.11271 178
58.13282 168
58.15294 205
58.17305 205
58.19316 193
58.21328 199
58.23339 217
58.2535 194
58.27362 199
58.29373 185
58.31385 194
58.33396 211
58.35407 200
58.37419 187
58.3943 208
58.41441 196
58.43453 208
58.45464 201
58.47475 207
58.49487 223
58.51498 218
58.5351 180
58.55521 209
58.57532 238
58.59544 189
58.61555 206
58.63566 206
58.65578 178
58.67589 197
58.69601 206
58.71612 211
58.73623 195
58.75635 182
58.77646 195
58.79657 201
58.81669 202
58.8368 195
58.85691 166
58.87703 191
58.89714 177
58.91726 216
58.93737 196
58.95748 176
58.9776 178
58.99771 193
59.01782 198
59.03794 202
59.05805 190
59.07817 198
59.09828 184
59.11839 212
59.13851 189
59.15862 192
59.17873 211
59.19885 226
59.21896 209
59.23908 213
59.25919 219
59.2793 233
59.29942 215
59.31953 211
59.33964 250
59.35976 219
59.37987 235
59.39998 225
59.4201 243
59.44021 269
59.46033 272
59.48044 261
59.50055 323
59.52067 319
59.54078 362
59.56089 337
59.58101 390
59.60112 412
59.62124 438
59.64135 500
59.66146 569
59.68158 587
59.70169 679
59.7218 779
59.74192 911
59.76203 1014
59.78215 1089
59.80226 1172
59.82237 1367
59.84249 1433
59.8626 1502
59.88271 1470
59.90283 1431
59.92294 1334
59.94305 1172
59.96317 1088
59.98328 983
60.0034 862
60.02351 841
60.04362 847
60.06374 751
60.08385 712
60.10396 580
60.12408 482
60.14419 385
60.16431 321
60.18442 284
60.20453 252
60.22465 265
60.24476 259
60.26487 285
60.28499 241
60.3051 217
60.32522 240
60.34533 230
60.36544 222
60.38556 222
60.40567 213
60.42578 229
60.4459 205
60.46601 184
60.48612 186
60.50624 188
60.52635 199
60.54647 169
60.56658 191
60.58669 194
60.60681 211
60.62692 175
60.64703 199
60.66715 198
60.68726 161
60.70738 200
60.72749 195
60.7476 192
60.76772 198
60.78783 215
60.80794 228
60.82806 208
60.84817 198
60.86828 215
60.8884 217
60.90851 220
60.92863 186
60.94874 223
60.96885 219
60.98897 205
61.00908 201
61.02919 209
61.04931 230
61.06942 222
61.08954 216
61.10965 241
61.12976 228
61.14988 244
61.16999 220
61.1901 247
61.21022 206
61.23033 221
61.25045 238
61.27056 214
61.29067 200
61.31079 232
61.3309 215
61.35101 233
61.37113 229
61.39124 209
61.41135 195
61.43147 206
61.45158 206
61.4717 185
61.49181 192
61.51192 194
61.53204 201
61.55215 184
61.57226 210
61.59238 199
61.61249 184
61.63261 206
61.65272 203
61.67283 226
61.69295 206
61.71306 207
61.73317 185
61.75329 199
61.7734 207
61.79352 189
61.81363 186
61.83374 219
61.85386 215
61.87397 205
61.89408 227
61.9142 213
61.93431 211
61.95442 220
61.97454 211
61.99465 231
62.01477 210
62.03488 230
62.05499 210
62.07511 209
62.09522 233
62.11533 240
62.13545 232
62.15556 221
62.17568 213
62.19579 228
62.2159 223
62.23602 225
62.25613 254
62.27624 218
62.29636 233
62.31647 220
62.33659 216
62.3567 217
62.37681 226
62.39693 237
62.41704 220
62.43715 225
62.45727 234
62.47738 224
62.49749 231
62.51761 200
62.53772 217
62.55784 259
62.57795 225
62.59806 212
62.61818 218
62.63829 212
62.6584 200
62.67852 193
62.69863 229
62.71875 194
62.73886 231
62.75897 208
62.77909 183
62.7992 202
62.81931 195
62.83943 207
62.85954 215
62.87965 215
62.89977 194
62.91988 217
62.94 227
62.96011 219
62.98022 208
63.00034 210
63.02045 226
63.04056 253
63.06068 213
63.08079 205
63.10091 222
63.12102 216
63.14113 204
63.16125 223
63.18136 209
63.20147 231
63.22159 233
63.2417 244
63.26182 215
63.28193 181
63.30204 193
63.32216 217
63.34227 172
63.36238 218
63.3825 227
63.40261 203
63.42272 224
63.44284 218
63.46295 228
63.48307 206
63.50318 193
63.52329 223
63.54341 231
63.56352 242
63.58363 208
63.60375 216
63.62386 237
63.64398 258
63.66409 268
63.6842 273
63.70432 280
63.72443 245
63.74454 288
63.76466 306
63.78477 327
63.80489 332
63.825 366
63.84511 365
63.86523 393
63.88534 426
63.90545 437
63.92557 439
63.94568 484
63.96579 433
63.98591 437
64.00602 380
64.02614 378
64.04625 367
64.06636 388
64.08648 343
64.10659 321
64.1267 329
64.14682 314
64.16693 309
64.18705 277
64.20716 241
64.22727 236
64.24739 213
64.2675 189
64.28761 191
64.30773 221
64.32784 197
64.34796 193
64.36807 208
64.38818 162
64.4083 216
64.42841 206
64.44852 210
64.46864 217
64.48875 183
64.50886 182
64.52898 198
64.54909 194
64.56921 206
64.58932 166
64.60943 193
64.62955 186
64.64966 181
64.66977 190
64.68989 198
64.71 205
64.73012 153
64.75023 175
64.77034 185
64.79046 213
64.81057 207
64.83068 196
64.8508 210
64.87091 193
64.89102 192
64.91114 211
64.93125 188
64.95137 190
64.97148 183
64.99159 206
65.01171 187
65.03182 186
65.05193 197
65.07205 212
65.09216 214
65.11228 176
65.13239 214
65.1525 214
65.17262 191
65.19273 193
65.21284 195
65.23296 190
65.25307 180
65.27319 209
65.2933 196
65.31341 189
65.33353 193
65.35364 199
65.37375 200
65.39387 186
65.41398 221
65.43409 176
65.45421 221
65.47432 198
65.49444 201
65.51455 218
65.53466 208
65.55478 231
65.57489 221
65.595 207
65.61512 227
65.63523 231
65.65535 242
65.67546 237
65.69557 222
65.71569 221
65.7358 230
65.75591 229
65.77603 205
65.79614 195
65.81626 211
65.83637 228
65.85648 237
65.8766 209
65.89671 223
65.91682 207
65.93694 218
65.95705 195
65.97716 211
65.99728 203
66.01739 193
66.03751 179
66.05762 193
66.07773 226
66.09785 215
66.11796 201
66.13807 207
66.15819 231
66.1783 217
66.19842 216
66.21853 206
66.23864 184
66.25876 226
66.27887 217
66.29898 173
66.3191 222
66.33921 190
66.35933 234
66.37944 232
66.39955 231
66.41967 213
66.43978 203
66.45989 206
66.48001 206
66.50012 222
66.52023 223
66.54035 182
66.56046 214
66.58058 187
66.60069 188
66.6208 200
66.64092 210
66.66103 203
66.68114 195
66.70126 220
66.72137 198
66.74149 216
66.7616 190
66.78171 202
66.80183 192
66.82194 188
66.84205 219
66.86217 216
66.88228 209
66.90239 212
66.92251 209
66.94262 210
66.96274 211
66.98285 222
67.00296 214
67.02308 214
67.04319 214
67.0633 238
67.08342 234
67.10353 240
67.12365 240
67.14376 200
67.16387 232
67.18399 237
67.2041 251
67.22421 253
67.24433 260
67.26444 274
67.28456 274
67.30467 312
67.32478 302
67.3449 327
67.36501 345
67.38512 376
67.40524 359
67.42535 352
67.44546 435
67.46558 512
67.48569 500
67.50581 551
67.52592 635
67.54603 683
67.56615 755
67.58626 877
67.60637 915
67.62649 945
67.6466 983
67.66672 954
67.68683 988
67.70694 950
67.72706 820
67.74717 849
67.76728 810
67.7874 756
67.80751 837
67.82763 881
67.84774 889
67.86785 859
67.88797 926
67.90808 942
67.92819 1000
67.94831 1036
67.96842 1084
67.98853 1115
68.00865 1161
68.02876 1361
68.04888 1350
68.06899 1373
68.0891 1313
68.10922 1314
68.12933 1266
68.14944 1210
68.16956 1176
68.18967 1162
68.20979 1187
68.2299 1191
68.25001 1059
68.27013 1135
68.29024 938
68.31035 905
68.33047 755
68.35058 613
68.3707 554
68.39081 588
68.41092 514
68.43104 454
68.45115 461
68.47126 419
68.49138 360
68.51149 320
68.5316 283
68.55172 272
68.57183 264
68.59195 238
68.61206 225
68.63217 234
68.65229 208
68.6724 233
68.69251 207
68.71263 224
68.73274 211
68.75286 211
68.77297 221
68.79308 206
68.8132 223
68.83331 218
68.85342 199
68.87354 193
68.89365 219
68.91376 190
68.93388 188
68.95399 202
68.97411 221
68.99422 189
69.01433 179
69.03445 210
69.05456 206
69.07467 228
69.09479 211
69.1149 204
69.13502 198
69.15513 193
69.17524 215
69.19536 203
69.21547 193
69.23558 216
69.2557 206
69.27581 194
69.29593 195
69.31604 218
69.33615 195
69.35627 183
69.37638 172
69.39649 177
69.41661 188
69.43672 224
69.45683 224
69.47695 198
69.49706 185
69.51718 210
69.53729 194
69.5574 183
69.57752 194
69.59763 176
69.61774 204
69.63786 171
69.65797 199
69.67809 188
69.6982 192
69.71831 183
69.73843 176
69.75854 189
69.77865 177
69.79877 209
69.81888 186
69.839 187
69.85911 174
69.87922 172
69.89934 194
69.91945 179
69.93956 217
69.95968 184
69.97979 177
69.9999 164
70.02002 151
70.04013 191
70.06025 189
70.08036 191
70.10047 184
70.12059 196
70.1407 201
70.16081 187
70.18093 198
70.20104 197
70.22116 210
70.24127 189
70.26138 180
70.2815 194
70.30161 205
70.32172 184
70.34184 178
70.36195 173
70.38207 201
70.40218 179
70.42229 161
70.44241 177
70.46252 187
70.48263 187
70.50275 189
70.52286 175
70.54297 188
70.56309 202
70.5832 188
70.60332 190
70.62343 161
70.64354 206
70.66366 195
70.68377 162
70.70388 168
70.724 179
70.74411 198
70.76423 188
70.78434 196
70.80445 172
70.82457 179
70.84468 198
70.86479 176
70.88491 167
70.90502 195
70.92513 188
70.94525 205
70.96536 199
70.98548 179
71.00559 190
71.0257 165
71.04582 185
71.06593 177
71.08604 172
71.10616 187
71.12627 200
71.14639 183
71.1665 185
71.18661 184
71.20673 171
71.22684 178
71.24695 210
71.26707 194
71.28718 199
71.3073 163
71.32741 197
71.34752 177
71.36764 197
71.38775 231
71.40786 199
71.42798 189
71.44809 220
71.4682 210
71.48832 195
71.50843 191
71.52855 198
71.54866 184
71.56877 192
71.58889 180
71.609 174
71.62911 196
71.64923 175
71.66934 175
71.68946 204
71.70957 184
71.72968 189
71.7498 178
71.76991 182
71.79002 188
71.81014 186
71.83025 199
71.85037 186
71.87048 204
71.89059 192
71.91071 205
71.93082 198
71.95093 209
71.97105 200
71.99116 225
72.01127 211
72.03139 175
72.0515 170
72.07162 205
72.09173 185
72.11184 191
72.13196 210
72.15207 186
72.17218 174
72.1923 208
72.21241 194
72.23253 184
72.25264 189
72.27275 193
72.29287 187
72.31298 173
72.33309 198
72.35321 198
72.37332 177
72.39344 186
72.41355 200
72.43366 174
72.45378 175
72.47389 180
72.494 194
72.51412 177
72.53423 200
72.55434 201
72.57446 171
72.59457 203
72.61469 169
72.6348 197
72.65491 168
72.67503 180
72.69514 166
72.71525 186
72.73537 190
72.75548 213
72.7756 194
72.79571 209
72.81582 177
72.83594 188
72.85605 210
72.87616 203
72.89628 205
72.91639 227
72.9365 214
72.95662 200
72.97673 229
72.99685 221
73.01696 237
73.03707 222
73.05719 234
73.0773 235
73.09741 260
73.11753 256
73.13764 259
73.15776 287
73.17787 260
73.19798 303
73.2181 300
73.23821 318
73.25832 351
73.27844 365
73.29855 432
73.31867 409
73.33878 453
73.35889 457
73.37901 480
73.39912 439
73.41923 434
73.43935 424
73.45946 381
73.47957 348
73.49969 326
73.5198 303
73.53992 304
73.56003 312
73.58014 320
73.60026 327
73.62037 301
73.64048 292
73.6606 258
73.68071 259
73.70083 215
73.72094 227
73.74105 215
73.76117 186
73.78128 212
73.80139 201
73.82151 185
73.84162 188
73.86174 196
73.88185 166
73.90196 171
73.92208 211
73.94219 187
73.9623 190
73.98242 177
74.00253 185
74.02264 186
74.04276 151
74.06287 180
74.08299 181
74.1031 165
74.12321 176
74.14333 169
74.16344 173
74.18355 172
74.20367 182
74.22378 174
74.2439 189
74.26401 180
74.28412 180
74.30424 192
74.32435 178
74.34446 183
74.36458 177
74.38469 201
74.40481 176
74.42492 196
74.44503 189
74.46515 191
74.48526 192
74.50537 220
74.52549 219
74.5456 198
74.56571 178
74.58583 168
74.60594 194
74.62606 214
74.64617 197
74.66628 192
74.6864 184
74.70651 180
74.72662 171
74.74674 186
74.76685 189
74.78697 174
74.80708 201
74.82719 173
74.84731 184
74.86742 212
74.88753 173
74.90765 191
74.92776 190
74.94787 187
74.96799 186
74.9881 199
75.00822 194
