3.00117 18631
3.02128 17681
3.0414 17435
3.06151 17212
3.08162 16307
3.10174 16015
3.12185 15460
3.14197 14910
3.16208 14915
3.18219 14326
3.20231 13994
3.22242 13572
3.24253 13066
3.26265 12638
3.28276 12308
3.30288 11985
3.32299 11371
3.3431 10955
3.36322 10927
3.38333 10171
3.40344 9953
3.42356 9630
3.44367 9301
3.46379 9157
3.4839 8750
3.50401 8506
3.52413 8144
3.54424 7839
3.56435 7647
3.58447 7179
3.60458 7122
3.62469 6562
3.64481 6545
3.66492 6400
3.68504 5749
3.70515 5983
3.72526 5552
3.74538 5292
3.76549 5172
3.7856 4789
3.80572 4624
3.82583 4385
3.84595 4332
3.86606 4100
3.88617 3718
3.90629 3788
3.9264 3585
3.94651 3408
3.96663 3427
3.98674 3027
4.00686 2908
4.02697 2893
4.04708 2610
4.0672 2716
4.08731 2412
4.10742 2354
4.12754 2221
4.14765 2245
4.16776 2102
4.18788 1872
4.20799 1951
4.22811 1779
4.24822 1744
4.26833 1788
4.28845 1603
4.30856 1551
4.32867 1534
4.34879 1427
4.3689 1515
4.38902 1294
4.40913 1341
4.42924 1368
4.44936 1357
4.46947 1320
4.48958 1175
4.5097 1147
4.52981 1136
4.54992 1094
4.57004 1158
4.59015 987
4.61027 1072
4.63038 1048
4.65049 940
4.67061 1051
4.69072 911
4.71083 922
4.73095 910
4.75106 871
4.77118 875
4.79129 786
4.8114 826
4.83152 817
4.85163 806
4.87174 778
4.89186 694
4.91197 763
4.93209 725
4.9522 666
4.97231 667
4.99243 635
5.01254 610
5.03265 651
5.05277 672
5.07288 610
5.09299 607
5.11311 498
5.13322 580
5.15334 564
5.17345 498
5.19356 541
5.21368 473
5.23379 505
5.2539 487
5.27402 419
5.29413 441
5.31425 430
5.33436 452
5.35447 416
5.37459 420
5.3947 413
5.41481 396
5.43493 379
5.45504 392
5.47516 338
5.49527 368
5.51538 338
5.5355 363
5.55561 336
5.57572 327
5.59584 347
5.61595 344
5.63606 297
5.65618 331
5.67629 302
5.69641 301
5.71652 299
5.73663 272
5.75675 279
5.77686 274
5.79697 258
5.81709 293
5.8372 265
5.85732 242
5.87743 276
5.89754 264
5.91766 285
5.93777 242
5.95788 253
5.978 229
5.99811 274
6.01823 223
6.03834 224
6.05845 219
6.07857 255
6.09868 237
6.11879 221
6.13891 249
6.15902 199
6.17913 204
6.19925 222
6.21936 217
6.23948 213
6.25959 232
6.2797 235
6.29982 221
6.31993 243
6.34004 213
6.36016 209
6.38027 221
6.40039 239
6.4205 232
6.44061 187
6.46073 230
6.48084 226
6.50095 221
6.52107 193
6.54118 198
6.56129 216
6.58141 194
6.60152 212
6.62164 221
6.64175 221
6.66186 230
6.68198 212
6.70209 209
6.7222 213
6.74232 197
6.76243 184
6.78255 235
6.80266 194
6.82277 158
6.84289 202
6.863 203
6.88311 177
6.90323 194
6.92334 204
6.94346 194
6.96357 207
6.98368 214
7.0038 201
7.02391 228
7.04402 229
7.06414 193
7.08425 179
7.10436 180
7.12448 192
7.14459 202
7.16471 193
7.18482 181
7.20493 214
7.22505 200
7.24516 220
7.26527 234
7.28539 201
7.3055 235
7.32562 247
7.34573 235
7.36584 224
7.38596 221
7.40607 210
7.42618 198
7.4463 194
7.46641 211
7.48653 176
7.50664 211
7.52675 194
7.54687 218
7.56698 214
7.58709 196
7.60721 224
7.62732 218
7.64743 201
7.66755 200
7.68766 209
7.70778 222
7.72789 212
7.748 215
7.76812 232
7.78823 195
7.80834 244
7.82846 207
7.84857 222
7.86869 211
7.8888 212
7.90891 220
7.92903 225
7.94914 211
7.96925 229
7.98937 206
8.00948 226
8.0296 223
8.04971 231
8.06982 215
8.08994 215
8.11005 233
8.13016 220
8.15028 231
8.17039 227
8.1905 218
8.21062 226
8.23073 235
8.25085 225
8.27096 225
8.29107 228
8.31119 221
8.3313 198
8.35141 207
8.37153 234
8.39164 242
8.41176 220
8.43187 221
8.45198 236
8.4721 215
8.49221 243
8.51232 227
8.53244 209
8.55255 226
8.57266 235
8.59278 206
8.61289 199
8.63301 239
8.65312 248
8.67323 272
8.69335 208
8.71346 252
8.73357 239
8.75369 252
8.7738 242
8.79392 229
8.81403 248
8.83414 278
8.85426 232
8.87437 239
8.89448 242
8.9146 245
8.93471 220
8.95483 264
8.97494 222
8.99505 231
9.01517 241
9.03528 225
9.05539 222
9.07551 236
9.09562 249
9.11573 251
9.13585 250
9.15596 242
9.17608 219
9.19619 256
9.2163 210
9.23642 219
9.25653 212
9.27664 225
9.29676 215
9.31687 241
9.33699 263
9.3571 239
9.37721 225
9.39733 214
9.41744 237
9.43755 246
9.45767 241
9.47778 231
9.4979 257
9.51801 210
9.53812 240
9.55824 233
9.57835 212
9.59846 213
9.61858 263
9.63869 221
9.6588 243
9.67892 259
9.69903 253
9.71915 212
9.73926 220
9.75937 232
9.77949 209
9.7996 255
9.81971 234
9.83983 247
9.85994 237
9.88006 237
9.90017 243
9.92028 227
9.9404 223
9.96051 233
9.98062 237
10.00074 227
10.02085 233
10.04097 204
10.06108 254
10.08119 216
10.10131 232
10.12142 233
10.14153 255
10.16165 222
10.18176 256
10.20187 224
10.22199 256
10.2421 246
10.26222 214
10.28233 229
10.30244 209
10.32256 231
10.34267 238
10.36278 258
10.3829 212
10.40301 242
10.42313 231
10.44324 239
10.46335 251
10.48347 238
10.50358 224
10.52369 232
10.54381 237
10.56392 237
10.58403 245
10.60415 200
10.62426 232
10.64438 231
10.66449 219
10.6846 226
10.70472 249
10.72483 227
10.74494 208
10.76506 250
10.78517 236
10.80529 254
10.8254 233
10.84551 235
10.86563 221
10.88574 239
10.90585 212
10.92597 224
10.94608 247
10.9662 250
10.98631 240
11.00642 260
11.02654 212
11.04665 258
11.06676 228
11.08688 228
11.10699 222
11.1271 238
11.14722 223
11.16733 223
11.18745 217
11.20756 240
11.22767 226
11.24779 230
11.2679 247
11.28801 237
11.30813 213
11.32824 230
11.34836 253
11.36847 270
11.38858 226
11.4087 230
11.42881 213
11.44892 297
11.46904 238
11.48915 228
11.50927 229
11.52938 227
11.54949 223
11.56961 250
11.58972 251
11.60983 252
11.62995 231
11.65006 252
11.67017 230
11.69029 251
11.7104 283
11.73052 287
11.75063 270
11.77074 265
11.79086 242
11.81097 275
11.83108 274
11.8512 265
11.87131 244
11.89143 241
11.91154 280
11.93165 277
11.95177 230
11.97188 230
11.99199 295
12.01211 293
12.03222 268
12.05234 279
12.07245 276
12.09256 286
12.11268 286
12.13279 277
12.1529 316
12.17302 340
12.19313 319
12.21324 361
12.23336 357
12.25347 456
12.27359 447
12.2937 474
12.31381 494
12.33393 543
12.35404 541
12.37415 513
12.39427 486
12.41438 455
12.4345 457
12.45461 383
12.47472 336
12.49484 320
12.51495 303
12.53506 281
12.55518 299
12.57529 246
12.5954 296
12.61552 309
12.63563 247
12.65575 230
12.67586 242
12.69597 228
12.71609 194
12.7362 257
12.75631 212
12.77643 213
12.79654 234
12.81666 234
12.83677 258
12.85688 236
12.877 238
12.89711 248
12.91722 233
12.93734 226
12.95745 218
12.97757 215
12.99768 254
13.01779 217
13.03791 202
13.05802 227
13.07813 213
13.09825 221
13.11836 223
13.13847 257
13.15859 227
13.1787 214
13.19882 232
13.21893 223
13.23904 252
13.25916 232
13.27927 201
13.29938 209
13.3195 217
13.33961 218
13.35973 248
13.37984 251
13.39995 246
13.42007 240
13.44018 227
13.46029 194
13.48041 222
13.50052 243
13.52064 200
13.54075 232
13.56086 230
13.58098 209
13.60109 188
13.6212 195
13.64132 183
13.66143 198
13.68154 212
13.70166 234
13.72177 207
13.74189 217
13.762 223
13.78211 206
13.80223 223
13.82234 190
13.84245 230
13.86257 191
13.88268 209
13.9028 221
13.92291 237
13.94302 190
13.96314 216
13.98325 204
14.00336 217
14.02348 193
14.04359 215
14.06371 217
14.08382 194
14.10393 205
14.12405 189
14.14416 212
14.16427 190
14.18439 188
14.2045 208
14.22461 201
14.24473 212
14.26484 227
14.28496 206
14.30507 177
14.32518 203
14.3453 200
14.36541 218
14.38552 193
14.40564 214
14.42575 208
14.44587 208
14.46598 196
14.48609 202
14.50621 210
14.52632 221
14.54643 199
14.56655 182
14.58666 206
14.60677 191
14.62689 190
14.647 206
14.66712 204
14.68723 204
14.70734 179
14.72746 183
14.74757 218
14.76768 190
14.7878 193
14.80791 182
14.82803 171
14.84814 208
14.86825 187
14.88837 196
14.90848 202
14.92859 177
14.94871 198
14.96882 192
14.98894 186
15.00905 190
15.02916 161
15.04928 197
15.06939 201
15.0895 164
15.10962 203
15.12973 191
15.14984 187
15.16996 204
15.19007 205
15.21019 175
15.2303 195
15.25041 222
15.27053 212
15.29064 198
15.31075 180
15.33087 206
15.35098 189
15.3711 208
15.39121 170
15.41132 189
15.43144 214
15.45155 179
15.47166 238
15.49178 168
15.51189 182
15.53201 227
15.55212 212
15.57223 206
15.59235 212
15.61246 178
15.63257 167
15.65269 177
15.6728 194
15.69291 168
15.71303 181
15.73314 213
15.75326 156
15.77337 205
15.79348 207
15.8136 196
15.83371 199
15.85382 197
15.87394 178
15.89405 197
15.91417 147
15.93428 196
15.95439 185
15.97451 186
15.99462 178
16.01473 187
16.03485 206
16.05496 177
16.07508 193
16.09519 206
16.1153 186
16.13542 208
16.15553 194
16.17564 188
16.19576 181
16.21587 193
16.23598 190
16.2561 190
16.27621 173
16.29633 144
16.31644 213
16.33655 181
16.35667 183
16.37678 186
16.39689 173
16.41701 170
16.43712 199
16.45724 217
16.47735 193
16.49746 175
16.51758 187
16.53769 189
16.5578 192
16.57792 170
16.59803 208
16.61814 174
16.63826 193
16.65837 192
16.67849 205
16.6986 182
16.71871 182
16.73883 204
16.75894 202
16.77905 201
16.79917 200
16.81928 175
16.8394 180
16.85951 190
16.87962 215
16.89974 189
16.91985 184
16.93996 176
16.96008 177
16.98019 182
17.00031 189
17.02042 194
17.04053 181
17.06065 194
17.08076 191
17.10087 195
17.12099 165
17.1411 167
17.16121 185
17.18133 186
17.20144 178
17.22156 196
17.24167 175
17.26178 198
17.2819 213
17.30201 196
17.32212 177
17.34224 179
17.36235 188
17.38247 167
17.40258 176
17.42269 205
17.44281 206
17.46292 185
17.48303 197
17.50315 181
17.52326 198
17.54338 179
17.56349 176
17.5836 185
17.60372 205
17.62383 198
17.64394 184
17.66406 184
17.68417 201
17.70428 193
17.7244 187
17.74451 192
17.76463 173
17.78474 167
17.80485 190
17.82497 191
17.84508 179
17.86519 195
17.88531 170
17.90542 180
17.92554 168
17.94565 183
17.96576 197
17.98588 179
18.00599 203
18.0261 160
18.04622 218
18.06633 190
18.08645 201
18.10656 189
18.12667 191
18.14679 167
18.1669 158
18.18701 180
18.20713 193
18.22724 187
18.24735 187
18.26747 192
18.28758 157
18.3077 184
18.32781 170
18.34792 160
18.36804 182
18.38815 208
18.40826 179
18.42838 200
18.44849 183
18.46861 208
18.48872 182
18.50883 188
18.52895 163
18.54906 201
18.56917 171
18.58929 191
18.6094 201
18.62951 196
18.64963 174
18.66974 174
18.68986 207
18.70997 180
18.73008 199
18.7502 185
18.77031 210
18.79042 219
18.81054 189
18.83065 203
18.85077 175
18.87088 184
18.89099 193
18.91111 180
18.93122 167
18.95133 196
18.97145 191
18.99156 192
19.01168 160
19.03179 197
19.0519 197
19.07202 193
19.09213 193
19.11224 202
19.13236 180
19.15247 160
19.17258 200
19.1927 202
19.21281 194
19.23293 183
19.25304 157
19.27315 163
19.29327 200
19.31338 214
19.33349 190
19.35361 201
19.37372 198
19.39384 203
19.41395 184
19.43406 183
19.45418 182
19.47429 204
19.4944 207
19.51452 193
19.53463 211
19.55475 197
19.57486 211
19.59497 194
19.61509 238
19.6352 220
19.65531 264
19.67543 200
19.69554 188
19.71565 246
19.73577 245
19.75588 264
19.776 294
19.79611 329
19.81622 296
19.83634 322
19.85645 360
19.87656 294
19.89668 385
19.91679 379
19.93691 361
19.95702 377
19.97713 363
19.99725 378
20.01736 310
20.03747 320
20.05759 327
20.0777 298
20.09782 315
20.11793 302
20.13804 334
20.15816 367
20.17827 332
20.19838 327
20.2185 326
20.23861 376
20.25872 369
20.27884 374
20.29895 401
20.31907 397
20.33918 384
20.35929 405
20.37941 381
20.39952 406
20.41963 391
20.43975 419
20.45986 419
20.47998 414
20.50009 394
20.5202 419
20.54032 410
20.56043 483
20.58054 488
20.60066 469
20.62077 539
20.64088 581
20.661 649
20.68111 813
20.70123 1086
20.72134 1468
20.74145 2172
20.76157 3124
20.78168 4428
20.80179 6071
20.82191 7661
20.84202 8561
20.86214 8467
20.88225 7025
20.90236 5137
20.92248 3331
20.94259 2102
20.9627 1191
20.98282 773
21.00293 572
21.02305 565
21.04316 521
21.06327 522
21.08339 488
21.1035 478
21.12361 438
21.14373 408
21.16384 452
21.18395 396
21.20407 408
21.22418 387
21.2443 408
21.26441 356
21.28452 368
21.30464 367
21.32475 354
21.34486 344
21.36498 405
21.38509 369
21.40521 344
21.42532 331
21.44543 342
21.46555 339
21.48566 297
21.50577 304
21.52589 298
21.546 284
21.56612 293
21.58623 305
21.60634 269
21.62646 315
21.64657 257
21.66668 300
21.6868 285
21.70691 301
21.72702 291
21.74714 282
21.76725 253
21.78737 284
21.80748 269
21.82759 263
21.84771 284
21.86782 258
21.88793 286
21.90805 267
21.92816 269
21.94828 235
21.96839 243
21.9885 286
22.00862 273
22.02873 248
22.04884 271
22.06896 276
22.08907 263
22.10919 229
22.1293 269
22.14941 255
22.16953 254
22.18964 261
22.20975 254
22.22987 248
22.24998 261
22.27009 268
22.29021 278
22.31032 251
22.33044 253
22.35055 251
22.37066 253
22.39078 250
22.41089 239
22.431 226
22.45112 224
22.47123 255
22.49135 241
22.51146 224
22.53157 214
22.55169 239
22.5718 279
22.59191 226
22.61203 229
22.63214 255
22.65225 237
22.67237 262
22.69248 240
22.7126 224
22.73271 242
22.75282 248
22.77294 257
22.79305 215
22.81316 251
22.83328 264
22.85339 271
22.87351 266
22.89362 236
22.91373 240
22.93385 245
22.95396 240
22.97407 263
22.99419 237
23.0143 234
23.03442 284
23.05453 249
23.07464 244
23.09476 254
23.11487 237
23.13498 225
23.1551 250
23.17521 263
23.19532 261
23.21544 242
23.23555 233
23.25567 231
23.27578 248
23.29589 228
23.31601 203
23.33612 230
23.35623 220
23.37635 256
23.39646 219
23.41658 227
23.43669 226
23.4568 237
23.47692 240
23.49703 222
23.51714 240
23.53726 245
23.55737 225
23.57749 208
23.5976 233
23.61771 242
23.63783 239
23.65794 258
23.67805 224
23.69817 247
23.71828 249
23.73839 236
23.75851 265
23.77862 254
23.79874 245
23.81885 272
23.83896 249
23.85908 272
23.87919 291
23.8993 292
23.91942 297
23.93953 300
23.95965 270
23.97976 309
23.99987 336
24.01999 317
24.0401 289
24.06021 286
24.08033 234
24.10044 258
24.12056 228
24.14067 243
24.16078 246
24.1809 207
24.20101 245
24.22112 234
24.24124 254
24.26135 242
24.28146 253
24.30158 271
24.32169 247
24.34181 264
24.36192 249
24.38203 233
24.40215 224
24.42226 223
24.44237 245
24.46249 252
24.4826 234
24.50272 249
24.52283 229
24.54294 259
24.56306 274
24.58317 248
24.60328 250
24.6234 249
24.64351 270
24.66362 266
24.68374 309
24.70385 330
24.72397 269
24.74408 335
24.76419 357
24.78431 383
24.80442 401
24.82453 419
24.84465 414
24.86476 401
24.88488 431
24.90499 390
24.9251 422
24.94522 349
24.96533 348
24.98544 325
25.00556 309
25.02567 310
25.04579 298
25.0659 273
25.08601 290
25.10613 276
25.12624 310
25.14635 296
25.16647 328
25.18658 302
25.20669 291
25.22681 297
25.24692 320
25.26704 302
25.28715 327
25.30726 348
25.32738 298
25.34749 327
25.3676 307
25.38772 286
25.40783 288
25.42795 254
25.44806 273
25.46817 291
25.48829 257
25.5084 252
25.52851 251
25.54863 283
25.56874 261
25.58886 290
25.60897 295
25.62908 315
25.6492 341
25.66931 327
25.68942 383
25.70954 382
25.72965 393
25.74976 410
25.76988 392
25.78999 418
25.81011 400
25.83022 451
25.85033 407
25.87045 417
25.89056 441
25.91067 433
25.93079 468
25.9509 447
25.97102 446
25.99113 455
26.01124 524
26.03136 482
26.05147 474
26.07158 541
26.0917 554
26.11181 572
26.13193 586
26.15204 623
26.17215 686
26.19227 684
26.21238 760
26.23249 849
26.25261 855
26.27272 858
26.29283 995
26.31295 1110
26.33306 1199
26.35318 1174
26.37329 1454
26.3934 1662
26.41352 1982
26.43363 2525
26.45374 3419
26.47386 4728
26.49397 6481
26.51409 9540
26.5342 14039
26.55431 19976
26.57443 27302
26.59454 33276
26.61465 37672
26.63477 37626
26.65488 31875
26.67499 24311
26.69511 18396
26.71522 13313
26.73534 7869
26.75545 4099
26.77556 2483
26.79568 1914
26.81579 1585
26.8359 1423
26.85602 1269
26.87613 1171
26.89625 1098
26.91636 1034
26.93647 986
26.95659 852
26.9767 778
26.99681 701
27.01693 669
27.03704 625
27.05716 520
27.07727 529
27.09738 545
27.1175 504
27.13761 511
27.15772 450
27.17784 445
27.19795 436
27.21806 419
27.23818 416
27.25829 409
27.27841 442
27.29852 429
27.31863 389
27.33875 400
27.35886 432
27.37897 437
27.39909 425
27.4192 406
27.43932 406
27.45943 432
27.47954 415
27.49966 402
27.51977 389
27.53988 360
27.56 350
27.58011 358
27.60023 356
27.62034 344
27.64045 340
27.66057 336
27.68068 336
27.70079 305
27.72091 297
27.74102 335
27.76113 309
27.78125 327
27.80136 320
27.82148 311
27.84159 296
27.8617 342
27.88182 310
27.90193 296
27.92204 296
27.94216 256
27.96227 275
27.98239 317
28.0025 277
28.02261 281
28.04273 281
28.06284 292
28.08295 295
28.10307 285
28.12318 299
28.1433 266
28.16341 277
28.18352 284
28.20364 277
28.22375 271
28.24386 289
28.26398 265
28.28409 267
28.3042 270
28.32432 285
28.34443 258
28.36455 284
28.38466 253
28.40477 249
28.42489 269
28.445 286
28.46511 259
28.48523 241
28.50534 261
28.52546 270
28.54557 282
28.56568 248
28.5858 256
28.60591 256
28.62602 258
28.64614 299
28.66625 255
28.68636 244
28.70648 262
28.72659 259
28.74671 236
28.76682 271
28.78693 254
28.80705 262
28.82716 245
28.84727 242
28.86739 223
28.8875 236
28.90762 242
28.92773 245
28.94784 237
28.96796 250
28.98807 273
29.00818 212
29.0283 239
29.04841 245
29.06853 242
29.08864 253
29.10875 243
29.12887 253
29.14898 237
29.16909 236
29.18921 248
29.20932 240
29.22943 223
29.24955 231
29.26966 261
29.28978 250
29.30989 237
29.33 270
29.35012 238
29.37023 244
29.39034 271
29.41046 239
29.43057 244
29.45069 257
29.4708 268
29.49091 247
29.51103 245
29.53114 229
29.55125 226
29.57137 234
29.59148 248
29.6116 236
29.63171 219
29.65182 226
29.67194 232
29.69205 229
29.71216 225
29.73228 206
29.75239 220
29.7725 250
29.79262 240
29.81273 255
29.83285 210
29.85296 217
29.87307 236
29.89319 209
29.9133 234
29.93341 251
29.95353 226
29.97364 228
29.99376 218
30.01387 240
30.03398 234
30.0541 246
30.07421 228
30.09432 228
30.11444 228
30.13455 222
30.15467 232
30.17478 216
30.19489 265
30.21501 273
30.23512 236
30.25523 211
30.27535 244
30.29546 227
30.31557 239
30.33569 245
30.3558 234
30.37592 236
30.39603 227
30.41614 233
30.43626 227
30.45637 206
30.47648 251
30.4966 196
30.51671 237
30.53683 222
30.55694 206
30.57705 215
30.59717 209
30.61728 237
30.63739 210
30.65751 207
30.67762 202
30.69773 225
30.71785 222
30.73796 219
30.75808 212
30.77819 204
30.7983 250
30.81842 229
30.83853 213
30.85864 212
30.87876 211
30.89887 198
30.91899 210
30.9391 200
30.95921 233
30.97933 216
30.99944 215
31.01955 204
31.03967 215
31.05978 234
31.0799 216
31.10001 209
31.12012 232
31.14024 201
31.16035 193
31.18046 221
31.20058 174
31.22069 215
31.2408 200
31.26092 203
31.28103 209
31.30115 212
31.32126 226
31.34137 203
31.36149 203
31.3816 202
31.40171 223
31.42183 210
31.44194 184
31.46206 196
31.48217 194
31.50228 210
31.5224 202
31.54251 215
31.56262 178
31.58274 186
31.60285 190
31.62297 205
31.64308 219
31.66319 185
31.68331 194
31.70342 211
31.72353 226
31.74365 195
31.76376 221
31.78387 199
31.80399 210
31.8241 211
31.84422 204
31.86433 221
31.88444 197
31.90456 192
31.92467 215
31.94478 206
31.9649 186
31.98501 206
32.00513 194
32.02524 173
32.04535 199
32.06547 187
32.08558 202
32.10569 203
32.12581 174
32.14592 204
32.16604 198
32.18615 185
32.20626 201
32.22638 184
32.24649 201
32.2666 178
32.28672 195
32.30683 201
32.32694 199
32.34706 212
32.36717 188
32.38729 222
32.4074 216
32.42751 223
32.44763 203
32.46774 186
32.48785 203
32.50797 194
32.52808 211
32.5482 208
32.56831 181
32.58842 208
32.60854 190
32.62865 179
32.64876 190
32.66888 193
32.68899 226
32.7091 214
32.72922 208
32.74933 210
32.76945 195
32.78956 207
32.80967 187
32.82979 217
32.8499 202
32.87001 224
32.89013 189
32.91024 220
32.93036 193
32.95047 217
32.97058 239
32.9907 210
33.01081 206
33.03092 196
33.05104 253
33.07115 231
33.09127 255
33.11138 237
33.13149 226
33.15161 234
33.17172 216
33.19183 204
33.21195 241
33.23206 194
33.25217 243
33.27229 227
33.2924 222
33.31252 220
33.33263 210
33.35274 199
33.37286 243
33.39297 206
33.41308 201
33.4332 248
33.45331 218
33.47343 194
33.49354 179
33.51365 178
33.53377 196
33.55388 191
33.57399 182
33.59411 203
33.61422 175
33.63434 188
33.65445 198
33.67456 191
33.69468 191
33.71479 179
33.7349 166
33.75502 184
33.77513 184
33.79524 200
33.81536 194
33.83547 177
33.85559 180
33.8757 183
33.89581 170
33.91593 163
33.93604 208
33.95615 195
33.97627 183
33.99638 181
34.0165 168
34.03661 178
34.05672 198
34.07684 174
34.09695 177
34.11706 177
34.13718 163
34.15729 165
34.17741 187
34.19752 201
34.21763 176
34.23775 189
34.25786 181
34.27797 193
34.29809 171
34.3182 182
34.33831 205
34.35843 211
34.37854 201
34.39866 178
34.41877 184
34.43888 164
34.459 164
34.47911 189
34.49922 187
34.51934 189
34.53945 203
34.55957 184
34.57968 210
34.59979 205
34.61991 201
34.64002 216
34.66013 200
34.68025 219
34.70036 184
34.72047 229
34.74059 211
34.7607 223
34.78082 222
34.80093 247
34.82104 239
34.84116 235
34.86127 254
34.88138 248
34.9015 271
34.92161 256
34.94173 284
34.96184 274
34.98195 249
35.00207 249
35.02218 259
35.04229 236
35.06241 255
35.08252 249
35.10264 247
35.12275 263
35.14286 233
35.16298 201
35.18309 229
35.2032 211
35.22332 190
35.24343 217
35.26354 238
35.28366 234
35.30377 239
35.32389 258
35.344 241
35.36411 256
35.38423 268
35.40434 268
35.42445 276
35.44457 281
35.46468 311
35.4848 278
35.50491 304
35.52502 321
35.54514 274
35.56525 303
35.58536 284
35.60548 275
35.62559 275
35.64571 298
35.66582 311
35.68593 296
35.70605 286
35.72616 285
35.74627 301
35.76639 279
35.7865 288
35.80661 315
35.82673 297
35.84684 311
35.86696 291
35.88707 294
35.90718 310
35.9273 306
35.94741 318
35.96752 327
35.98764 311
36.00775 308
36.02787 291
36.04798 300
36.06809 282
36.08821 313
36.10832 288
36.12843 273
36.14855 305
36.16866 287
36.18878 275
36.20889 301
36.229 279
36.24912 305
36.26923 319
36.28934 352
36.30946 367
36.32957 427
36.34968 485
36.3698 568
36.38991 765
36.41003 1014
36.43014 1232
36.45025 1524
36.47037 2013
36.49048 2350
36.51059 2590
36.53071 2463
36.55082 2138
36.57094 1699
36.59105 1561
36.61116 1355
36.63128 1161
36.65139 886
36.6715 564
36.69162 391
36.71173 348
36.73184 288
36.75196 297
36.77207 277
36.79219 298
36.8123 271
36.83241 259
36.85253 264
36.87264 273
36.89275 231
36.91287 241
36.93298 229
36.9531 251
36.97321 209
36.99332 239
37.01344 247
37.03355 211
37.05366 201
37.07378 219
37.09389 207
37.11401 224
37.13412 216
37.15423 184
37.17435 189
37.19446 195
37.21457 185
37.23469 200
37.2548 199
37.27491 209
37.29503 215
37.31514 198
37.33526 190
37.35537 198
37.37548 196
37.3956 182
37.41571 194
37.43582 217
37.45594 193
37.47605 203
37.49617 185
37.51628 185
37.53639 198
37.55651 188
37.57662 202
37.59673 222
37.61685 203
37.63696 225
37.65708 220
37.67719 220
37.6973 215
37.71742 204
37.73753 224
37.75764 244
37.77776 226
37.79787 235
37.81798 188
37.8381 207
37.85821 205
37.87833 205
37.89844 218
37.91855 192
37.93867 231
37.95878 233
37.97889 206
37.99901 194
38.01912 203
38.03924 217
38.05935 214
38.07946 228
38.09958 247
38.11969 258
38.1398 231
38.15992 223
38.18003 224
38.20015 253
38.22026 240
38.24037 243
38.26049 252
38.2806 263
38.30071 267
38.32083 291
38.34094 255
38.36105 288
38.38117 292
38.40128 299
38.4214 291
38.44151 273
38.46162 262
38.48174 304
38.50185 276
38.52196 262
38.54208 286
38.56219 284
38.58231 245
38.60242 224
38.62253 235
38.64265 238
38.66276 211
38.68287 219
38.70299 222
38.7231 222
38.74321 192
38.76333 226
38.78344 237
38.80356 232
38.82367 216
38.84378 241
38.8639 223
38.88401 250
38.90412 242
38.92424 239
38.94435 217
38.96447 253
38.98458 240
39.00469 238
39.02481 264
39.04492 251
39.06503 288
39.08515 260
39.10526 284
39.12538 272
39.14549 307
39.1656 300
39.18572 314
39.20583 382
39.22594 381
39.24606 409
39.26617 505
39.28628 582
39.3064 694
39.32651 855
39.34663 1102
39.36674 1429
39.38685 1765
39.40697 2030
39.42708 2425
39.44719 2316
39.46731 2120
39.48742 1727
39.50754 1394
39.52765 1329
39.54776 1178
39.56788 996
39.58799 685
39.6081 468
39.62822 339
39.64833 324
39.66845 270
39.68856 236
39.70867 279
39.72879 264
39.7489 232
39.76901 255
39.78913 229
39.80924 232
39.82935 220
39.84947 237
39.86958 201
39.8897 209
39.90981 213
39.92992 216
39.95004 258
39.97015 236
39.99026 210
40.01038 253
40.03049 237
40.05061 289
40.07072 299
40.09083 348
40.11095 367
40.13106 455
40.15117 512
40.17129 630
40.1914 814
40.21152 958
40.23163 1135
40.25174 1277
40.27186 1259
40.29197 1061
40.31208 894
40.3322 793
40.35231 692
40.37242 707
40.39254 596
40.41265 474
40.43277 350
40.45288 273
40.47299 267
40.49311 258
40.51322 211
40.53333 224
40.55345 230
40.57356 241
40.59368 208
40.61379 217
40.6339 226
40.65402 190
40.67413 214
40.69424 201
40.71436 221
40.73447 220
40.75458 198
40.7747 219
40.79481 230
40.81493 184
40.83504 188
40.85515 203
40.87527 227
40.89538 220
40.91549 230
40.93561 200
40.95572 198
40.97584 214
40.99595 222
41.01606 219
41.03618 207
41.05629 218
41.0764 220
41.09652 217
41.11663 230
41.13675 243
41.15686 235
41.17697 230
41.19709 238
41.2172 226
41.23731 236
41.25743 203
41.27754 237
41.29765 214
41.31777 203
41.33788 199
41.358 196
41.37811 206
41.39822 201
41.41834 203
41.43845 208
41.45856 208
41.47868 207
41.49879 180
41.51891 183
41.53902 183
41.55913 199
41.57925 192
41.59936 174
41.61947 189
41.63959 199
41.6597 188
41.67982 202
41.69993 195
41.72004 207
41.74016 196
41.76027 205
41.78038 209
41.8005 171
41.82061 208
41.84072 191
41.86084 226
41.88095 206
41.90107 203
41.92118 205
41.94129 191
41.96141 209
41.98152 215
42.00163 220
42.02175 195
42.04186 214
42.06198 239
42.08209 198
42.1022 238
42.12232 223
42.14243 239
42.16254 254
42.18266 277
42.20277 306
42.22289 314
42.243 382
42.26311 429
42.28323 559
42.30334 629
42.32345 786
42.34357 1005
42.36368 1202
42.38379 1441
42.40391 1723
42.42402 1702
42.44414 1586
42.46425 1297
42.48436 1096
42.50448 973
42.52459 950
42.5447 877
42.56482 698
42.58493 517
42.60505 341
42.62516 298
42.64527 275
42.66539 230
42.6855 257
42.70561 228
42.72573 220
42.74584 224
42.76595 221
42.78607 180
42.80618 222
42.8263 198
42.84641 192
42.86652 194
42.88664 168
42.90675 205
42.92686 185
42.94698 196
42.96709 200
42.98721 183
43.00732 194
43.02743 169
43.04755 194
43.06766 183
43.08777 199
43.10789 153
43.128 185
43.14812 184
43.16823 168
43.18834 182
43.20846 177
43.22857 174
43.24868 183
43.2688 190
43.28891 177
43.30902 182
43.32914 176
43.34925 180
43.36937 189
43.38948 175
43.40959 158
43.42971 187
43.44982 198
43.46993 170
43.49005 171
43.51016 186
43.53028 183
43.55039 179
43.5705 183
43.59062 160
43.61073 203
43.63084 167
43.65096 196
43.67107 185
43.69119 169
43.7113 175
43.73141 181
43.75153 196
43.77164 164
43.79175 191
43.81187 176
43.83198 167
43.85209 187
43.87221 198
43.89232 174
43.91244 179
43.93255 161
43.95266 162
43.97278 164
43.99289 172
44.013 172
44.03312 157
44.05323 187
44.07335 185
44.09346 164
44.11357 188
44.13369 171
44.1538 175
44.17391 190
44.19403 179
44.21414 151
44.23426 157
44.25437 165
44.27448 202
44.2946 164
44.31471 165
44.33482 167
44.35494 187
44.37505 192
44.39516 146
44.41528 176
44.43539 145
44.45551 145
44.47562 157
44.49573 169
44.51585 187
44.53596 176
44.55607 171
44.57619 189
44.5963 207
44.61642 173
44.63653 170
44.65664 181
44.67676 145
44.69687 178
44.71698 177
44.7371 193
44.75721 161
44.77732 175
44.79744 181
44.81755 184
44.83767 177
44.85778 190
44.87789 166
44.89801 168
44.91812 176
44.93823 165
44.95835 169
44.97846 182
44.99858 190
45.01869 190
45.0388 192
45.05892 206
45.07903 182
45.09914 161
45.11926 201
45.13937 189
45.15949 171
45.1796 176
45.19971 170
45.21983 190
45.23994 179
45.26005 180
45.28017 193
45.30028 181
45.32039 187
45.34051 164
45.36062 198
45.38074 201
45.40085 213
45.42096 227
45.44108 199
45.46119 235
45.4813 227
45.50142 245
45.52153 262
45.54165 262
45.56176 284
45.58187 342
45.60199 342
45.6221 410
45.64221 463
45.66233 543
45.68244 695
45.70256 846
45.72267 1083
45.74278 1176
45.7629 1154
45.78301 1066
45.80312 958
45.82324 766
45.84335 722
45.86346 708
45.88358 656
45.90369 566
45.92381 412
45.94392 355
45.96403 228
45.98415 241
46.00426 216
46.02437 206
46.04449 188
46.0646 182
46.08472 175
46.10483 191
46.12494 178
46.14506 193
46.16517 206
46.18528 162
46.2054 174
46.22551 195
46.24563 191
46.26574 174
46.28585 179
46.30597 164
46.32608 180
46.34619 181
46.36631 174
46.38642 176
46.40653 167
46.42665 170
46.44676 170
46.46688 166
46.48699 214
46.5071 207
46.52722 182
46.54733 172
46.56744 159
46.58756 168
46.60767 171
46.62779 171
46.6479 182
46.66801 193
46.68813 195
46.70824 178
46.72835 174
46.74847 171
46.76858 161
46.78869 170
46.80881 163
46.82892 170
46.84904 171
46.86915 193
46.88926 162
46.90938 176
46.92949 156
46.9496 184
46.96972 151
46.98983 165
47.00995 169
47.03006 173
47.05017 155
47.07029 172
47.0904 168
47.11051 165
47.13063 178
47.15074 181
47.17086 172
47.19097 168
47.21108 178
47.2312 162
47.25131 164
47.27142 177
47.29154 172
47.31165 178
47.33176 161
47.35188 166
47.37199 167
47.39211 185
47.41222 181
47.43233 177
47.45245 189
47.47256 173
47.49267 164
47.51279 170
47.5329 145
47.55302 144
47.57313 177
47.59324 188
47.61336 163
47.63347 184
47.65358 155
47.6737 170
47.69381 171
47.71393 170
47.73404 153
47.75415 161
47.77427 160
47.79438 179
47.81449 165
47.83461 180
47.85472 178
47.87483 170
47.89495 160
47.91506 164
47.93518 156
47.95529 191
47.9754 175
47.99552 175
48.01563 183
48.03574 156
48.05586 176
48.07597 155
48.09609 175
48.1162 157
48.13631 155
48.15643 147
48.17654 178
48.19665 152
48.21677 160
48.23688 168
48.257 196
48.27711 194
48.29722 167
48.31734 163
48.33745 184
48.35756 170
48.37768 167
48.39779 169
48.4179 180
48.43802 175
48.45813 165
48.47825 179
48.49836 171
48.51847 187
48.53859 181
48.5587 196
48.57881 181
48.59893 173
48.61904 184
48.63916 165
48.65927 153
48.67938 176
48.6995 153
48.71961 165
48.73972 159
48.75984 165
48.77995 169
48.80006 169
48.82018 166
48.84029 153
48.86041 162
48.88052 160
48.90063 174
48.92075 224
48.94086 180
48.96097 188
48.98109 170
49.0012 200
49.02132 170
49.04143 178
49.06154 160
49.08166 183
49.10177 171
49.12188 225
49.142 209
49.16211 200
49.18223 167
49.20234 187
49.22245 194
49.24257 177
49.26268 192
49.28279 177
49.30291 204
49.32302 189
49.34313 188
49.36325 188
49.38336 207
49.40348 205
49.42359 201
49.4437 205
49.46382 208
49.48393 205
49.50404 192
49.52416 215
49.54427 217
49.56439 227
49.5845 203
49.60461 202
49.62473 202
49.64484 204
49.66495 208
49.68507 269
49.70518 237
49.7253 260
49.74541 288
49.76552 282
49.78564 313
49.80575 325
49.82586 354
49.84598 412
49.86609 456
49.8862 512
49.90632 596
49.92643 714
49.94655 869
49.96666 1095
49.98677 1363
50.00689 1798
50.027 2226
50.04711 2797
50.06723 3288
50.08734 3722
50.10746 3600
50.12757 3432
50.14768 2674
50.1678 2182
50.18791 1907
50.20802 1975
50.22814 1909
50.24825 1827
50.26837 1435
50.28848 1062
50.30859 692
50.32871 482
50.34882 375
50.36893 337
50.38905 288
50.40916 287
50.42927 265
50.44939 283
50.4695 252
50.48962 264
50.50973 296
50.52984 277
50.54996 286
50.57007 291
50.59018 286
50.6103 302
50.63041 281
50.65053 238
50.67064 204
50.69075 239
50.71087 235
50.73098 217
50.75109 220
50.77121 187
50.79132 203
50.81143 189
50.83155 184
50.85166 186
50.87178 181
50.89189 203
50.912 198
50.93212 174
50.95223 183
50.97234 185
50.99246 162
51.01257 192
51.03269 185
51.0528 186
51.07291 161
51.09303 168
51.11314 168
51.13325 165
51.15337 168
51.17348 162
51.1936 193
51.21371 181
51.23382 160
51.25394 176
51.27405 170
51.29416 160
51.31428 170
51.33439 171
51.3545 168
51.37462 156
51.39473 159
51.41485 138
51.43496 174
51.45507 153
51.47519 163
51.4953 139
51.51541 164
51.53553 182
51.55564 163
51.57576 160
51.59587 133
51.61598 164
51.6361 163
51.65621 160
51.67632 163
51.69644 178
51.71655 168
51.73667 150
51.75678 162
51.77689 139
51.79701 139
51.81712 150
51.83723 164
51.85735 158
51.87746 152
51.89757 151
51.91769 154
51.9378 179
51.95792 141
51.97803 154
51.99814 178
52.01826 171
52.03837 152
52.05848 177
52.0786 161
52.09871 154
52.11883 173
52.13894 152
52.15905 158
52.17917 151
52.19928 152
52.21939 122
52.23951 141
52.25962 163
52.27974 151
52.29985 151
52.31996 163
52.34008 140
52.36019 159
52.3803 174
52.40042 178
52.42053 158
52.44064 164
52.46076 158
52.48087 160
52.50099 136
52.5211 181
52.54121 173
52.56133 168
52.58144 162
52.60155 149
52.62167 138
52.64178 176
52.6619 171
52.68201 142
52.70212 148
52.72224 167
52.74235 182
52.76246 155
52.78258 159
52.80269 176
52.8228 178
52.84292 143
52.86303 169
52.88315 154
52.90326 166
52.92337 166
52.94349 161
52.9636 157
52.98371 165
53.00383 162
53.02394 153
53.04406 165
53.06417 173
53.08428 150
53.1044 181
53.12451 187
53.14462 177
53.16474 174
53.18485 189
53.20497 163
53.22508 192
53.24519 184
53.26531 177
53.28542 176
53.30553 191
53.32565 192
53.34576 201
53.36587 184
53.38599 203
53.4061 191
53.42622 202
53.44633 195
53.46644 182
53.48656 200
53.50667 177
53.52678 190
53.5469 205
53.56701 174
53.58713 196
53.60724 198
53.62735 183
53.64747 180
53.66758 200
53.68769 179
53.70781 186
53.72792 192
53.74804 171
53.76815 194
53.78826 199
53.80838 193
53.82849 193
53.8486 209
53.86872 191
53.88883 184
53.90894 186
53.92906 221
53.94917 203
53.96929 189
53.9894 197
54.00951 244
54.02963 220
54.04974 184
54.06985 206
54.08997 215
54.11008 225
54.1302 224
54.15031 210
54.17042 218
54.19054 222
54.21065 234
54.23076 252
54.25088 230
54.27099 227
54.29111 231
54.31122 232
54.33133 234
54.35145 239
54.37156 238
54.39167 212
54.41179 236
54.4319 239
54.45201 262
54.47213 226
54.49224 238
54.51236 227
54.53247 256
54.55258 281
54.5727 288
54.59281 258
54.61292 325
54.63304 313
54.65315 361
54.67327 401
54.69338 421
54.71349 536
54.73361 575
54.75372 805
54.77383 927
54.79395 1033
54.81406 1200
54.83417 1228
54.85429 1062
54.8744 1012
54.89452 791
54.91463 735
54.93474 702
54.95486 669
54.97497 698
54.99508 660
55.0152 602
55.03531 500
55.05543 405
55.07554 353
55.09565 321
55.11577 292
55.13588 316
55.15599 378
55.17611 422
55.19622 403
55.21634 491
55.23645 560
55.25656 574
55.27668 618
55.29679 625
55.3169 575
55.33702 510
55.35713 426
55.37724 382
55.39736 415
55.41747 365
55.43759 398
55.4577 368
55.47781 303
55.49793 256
55.51804 239
55.53815 220
55.55827 207
55.57838 206
55.5985 211
55.61861 214
55.63872 179
55.65884 225
55.67895 172
55.69906 188
55.71918 207
55.73929 199
55.75941 161
55.77952 173
55.79963 183
55.81975 169
55.83986 185
55.85997 161
55.88009 171
55.9002 164
55.92031 154
55.94043 153
55.96054 176
55.98066 173
56.00077 191
56.02088 170
56.041 159
56.06111 163
56.08122 185
56.10134 166
56.12145 159
56.14157 179
56.16168 168
56.18179 175
56.20191 186
56.22202 189
56.24213 158
56.26225 162
56.28236 177
56.30248 157
56.32259 189
56.3427 193
56.36282 177
56.38293 157
56.40304 165
56.42316 164
56.44327 162
56.46338 161
56.4835 179
56.50361 185
56.52373 179
56.54384 178
56.56395 186
56.58407 178
56.60418 203
56.62429 182
56.64441 160
56.66452 160
56.68464 177
56.70475 161
56.72486 179
56.74498 188
56.76509 178
56.7852 154
56.80532 178
56.82543 159
56.84554 176
56.86566 192
56.88577 157
56.90589 167
56.926 174
56.94611 163
56.96623 164
56.98634 175
57.00645 166
57.02657 166
57.04668 169
57.0668 187
57.08691 164
57.10702 177
57.12714 213
57.14725 238
57.16736 228
57.18748 242
57.20759 199
57.22771 213
57.24782 195
57.26793 190
57.28805 197
57.30816 201
57.32827 216
57.34839 184
57.3685 188
57.38861 194
57.40873 168
57.42884 173
57.44896 180
57.46907 175
57.48918 158
57.5093 155
57.52941 155
57.54952 185
57.56964 174
57.58975 182
57.60987 156
57.62998 178
57.65009 157
57.67021 157
57.69032 146
57.71043 189
57.73055 164
57.75066 150
57.77078 153
57.79089 178
57.811 138
57.83112 173
57.85123 203
57.87134 155
57.89146 166
57.91157 156
57.93168 161
57.9518 153
57.97191 169
57.99203 161
58.01214 160
58.03225 155
58.05237 162
58.07248 140
58.09259 164
58.11271 153
58.13282 180
58.15294 166
58.17305 181
58.19316 169
58.21328 185
58.23339 160
58.2535 146
58.27362 179
58.29373 161
58.31385 134
58.33396 180
58.35407 165
58.37419 180
58.3943 158
58.41441 168
58.43453 162
58.45464 141
58.47475 149
58.49487 159
58.51498 165
58.5351 183
58.55521 153
58.57532 174
58.59544 164
58.61555 155
58.63566 160
58.65578 163
58.67589 147
58.69601 155
58.71612 157
58.73623 163
58.75635 157
58.77646 155
58.79657 164
58.81669 154
58.8368 159
58.85691 153
58.87703 160
58.89714 170
58.91726 165
58.93737 148
58.95748 172
58.9776 165
58.99771 160
59.01782 174
59.03794 174
59.05805 169
59.07817 168
59.09828 157
59.11839 175
59.13851 174
59.15862 193
59.17873 176
59.19885 185
59.21896 165
59.23908 166
59.25919 173
59.2793 175
59.29942 176
59.31953 182
59.33964 176
59.35976 188
59.37987 199
59.39998 187
59.4201 212
59.44021 176
59.46033 208
59.48044 211
59.50055 214
59.52067 200
59.54078 224
59.56089 250
59.58101 255
59.60112 269
59.62124 275
59.64135 326
59.66146 369
59.68158 349
59.70169 469
59.7218 482
59.74192 586
59.76203 712
59.78215 849
59.80226 1067
59.82237 1288
59.84249 1583
59.8626 1843
59.88271 2158
59.90283 2269
59.92294 2206
59.94305 2057
59.96317 1681
59.98328 1360
60.0034 1201
60.02351 1137
60.04362 1287
60.06374 1223
60.08385 1147
60.10396 1026
60.12408 771
60.14419 615
60.16431 418
60.18442 336
60.20453 260
60.22465 246
60.24476 231
60.26487 221
60.28499 227
60.3051 211
60.32522 195
60.34533 219
60.36544 200
60.38556 205
60.40567 193
60.42578 172
60.4459 172
60.46601 175
60.48612 185
60.50624 181
60.52635 184
60.54647 180
60.56658 168
60.58669 175
60.60681 170
60.62692 167
60.64703 162
60.66715 158
60.68726 151
60.70738 137
60.72749 173
60.7476 155
60.76772 157
60.78783 178
60.80794 173
60.82806 150
60.84817 171
60.86828 168
60.8884 166
60.90851 144
60.92863 151
60.94874 177
60.96885 137
60.98897 150
61.00908 162
61.02919 148
61.04931 123
61.06942 162
61.08954 163
61.10965 152
61.12976 167
61.14988 157
61.16999 144
61.1901 141
61.21022 135
61.23033 155
61.25045 156
61.27056 161
61.29067 132
61.31079 164
61.3309 157
61.35101 169
61.37113 141
61.39124 157
61.41135 161
61.43147 169
61.45158 195
61.4717 168
61.49181 150
61.51192 165
61.53204 156
61.55215 168
61.57226 151
61.59238 134
61.61249 182
61.63261 157
61.65272 186
61.67283 170
61.69295 173
61.71306 175
61.73317 173
61.75329 177
61.7734 173
61.79352 176
61.81363 168
61.83374 173
61.85386 176
61.87397 142
61.89408 182
61.9142 157
61.93431 160
61.95442 194
61.97454 178
61.99465 154
62.01477 167
62.03488 180
62.05499 197
62.07511 170
62.09522 218
62.11533 180
62.13545 195
62.15556 200
62.17568 223
62.19579 219
62.2159 196
62.23602 179
62.25613 215
62.27624 219
62.29636 190
62.31647 215
62.33659 226
62.3567 194
62.37681 208
62.39693 212
62.41704 198
62.43715 219
62.45727 194
62.47738 202
62.49749 193
62.51761 184
62.53772 175
62.55784 192
62.57795 197
62.59806 193
62.61818 166
62.63829 184
62.6584 188
62.67852 185
62.69863 188
62.71875 168
62.73886 163
62.75897 157
62.77909 157
62.7992 190
62.81931 164
62.83943 145
62.85954 169
62.87965 160
62.89977 172
62.91988 171
62.94 167
62.96011 171
62.98022 167
63.00034 175
63.02045 148
63.04056 163
63.06068 180
63.08079 161
63.10091 170
63.12102 168
63.14113 174
63.16125 144
63.18136 179
63.20147 138
63.22159 147
63.2417 168
63.26182 179
63.28193 143
63.30204 161
63.32216 177
63.34227 153
63.36238 182
63.3825 165
63.40261 151
63.42272 164
63.44284 158
63.46295 174
63.48307 136
63.50318 170
63.52329 169
63.54341 176
63.56352 164
63.58363 164
63.60375 214
63.62386 181
63.64398 155
63.66409 174
63.6842 178
63.70432 159
63.72443 176
63.74454 206
63.76466 213
63.78477 201
63.80489 227
63.825 237
63.84511 282
63.86523 311
63.88534 329
63.90545 365
63.92557 428
63.94568 472
63.96579 536
63.98591 530
64.00602 531
64.02614 457
64.04625 437
64.06636 379
64.08648 310
64.10659 345
64.1267 353
64.14682 351
64.16693 338
64.18705 339
64.20716 324
64.22727 281
64.24739 235
64.2675 204
64.28761 185
64.30773 175
64.32784 179
64.34796 176
64.36807 155
64.38818 165
64.4083 166
64.42841 163
64.44852 146
64.46864 172
64.48875 128
64.50886 161
64.52898 139
64.54909 139
64.56921 155
64.58932 150
64.60943 136
64.62955 163
64.64966 146
64.66977 146
64.68989 160
64.71 130
64.73012 150
64.75023 160
64.77034 150
64.79046 146
64.81057 166
64.83068 135
64.8508 169
64.87091 137
64.89102 147
64.91114 151
64.93125 133
64.95137 156
64.97148 141
64.99159 146
65.01171 152
65.03182 117
65.05193 141
65.07205 153
65.09216 168
65.11228 160
65.13239 144
65.1525 152
65.17262 149
65.19273 145
65.21284 142
65.23296 164
65.25307 153
65.27319 150
65.2933 153
65.31341 147
65.33353 158
65.35364 147
65.37375 158
65.39387 160
65.41398 166
65.43409 176
65.45421 160
65.47432 145
65.49444 159
65.51455 166
65.53466 170
65.55478 180
65.57489 180
65.595 175
65.61512 190
65.63523 199
65.65535 216
65.67546 240
65.69557 240
65.71569 240
65.7358 239
65.75591 242
65.77603 224
65.79614 224
65.81626 206
65.83637 188
65.85648 192
65.8766 240
65.89671 183
65.91682 197
65.93694 181
65.95705 213
65.97716 175
65.99728 220
66.01739 166
66.03751 152
66.05762 148
66.07773 152
66.09785 167
66.11796 146
66.13807 148
66.15819 151
66.1783 149
66.19842 143
66.21853 150
66.23864 166
66.25876 145
66.27887 131
66.29898 138
66.3191 182
66.33921 166
66.35933 155
66.37944 166
66.39955 142
66.41967 155
66.43978 160
66.45989 164
66.48001 154
66.50012 183
66.52023 145
66.54035 143
66.56046 154
66.58058 157
66.60069 158
66.6208 163
66.64092 167
66.66103 182
66.68114 152
66.70126 155
66.72137 169
66.74149 177
66.7616 133
66.78171 157
66.80183 152
66.82194 145
66.84205 160
66.86217 170
66.88228 155
66.90239 147
66.92251 172
66.94262 161
66.96274 178
66.98285 192
67.00296 179
67.02308 168
67.04319 161
67.0633 180
67.08342 156
67.10353 167
67.12365 161
67.14376 184
67.16387 171
67.18399 187
67.2041 195
67.22421 189
67.24433 183
67.26444 160
67.28456 226
67.30467 191
67.32478 195
67.3449 229
67.36501 218
67.38512 224
67.40524 237
67.42535 274
67.44546 299
67.46558 323
67.48569 344
67.50581 404
67.52592 427
67.54603 487
67.56615 615
67.58626 706
67.60637 828
67.62649 976
67.6466 1212
67.66672 1280
67.68683 1331
67.70694 1316
67.72706 1229
67.74717 990
67.76728 824
67.7874 813
67.80751 787
67.82763 776
67.84774 875
67.86785 943
67.88797 955
67.90808 931
67.92819 951
67.94831 891
67.96842 939
67.98853 967
68.00865 1120
68.02876 1247
68.04888 1451
68.06899 1613
68.0891 1742
68.10922 1793
68.12933 1686
68.14944 1443
68.16956 1359
68.18967 1299
68.20979 1377
68.2299 1454
68.25001 1588
68.27013 1588
68.29024 1576
68.31035 1351
68.33047 1203
68.35058 924
68.3707 757
68.39081 657
68.41092 628
68.43104 643
68.45115 632
68.47126 621
68.49138 552
68.51149 419
68.5316 370
68.55172 315
68.57183 238
68.59195 245
68.61206 214
68.63217 256
68.65229 210
68.6724 197
68.69251 208
68.71263 217
68.73274 191
68.75286 184
68.77297 209
68.79308 164
68.8132 162
68.83331 192
68.85342 182
68.87354 186
68.89365 141
68.91376 164
68.93388 185
68.95399 181
68.97411 161
68.99422 192
69.01433 162
69.03445 158
69.05456 173
69.07467 151
69.09479 161
69.1149 152
69.13502 160
69.15513 159
69.17524 122
69.19536 148
69.21547 138
69.23558 161
69.2557 154
69.27581 151
69.29593 164
69.31604 140
69.33615 151
69.35627 154
69.37638 148
69.39649 162
69.41661 168
69.43672 156
69.45683 139
69.47695 158
69.49706 165
69.51718 171
69.53729 159
69.5574 161
69.57752 147
69.59763 168
69.61774 166
69.63786 146
69.65797 140
69.67809 161
69.6982 154
69.71831 131
69.73843 129
69.75854 154
69.77865 156
69.79877 153
69.81888 148
69.839 160
69.85911 139
69.87922 164
69.89934 153
69.91945 133
69.93956 138
69.95968 179
69.97979 125
69.9999 140
70.02002 162
70.04013 152
70.06025 149
70.08036 166
70.10047 139
70.12059 158
70.1407 130
70.16081 146
70.18093 133
70.20104 168
70.22116 141
70.24127 157
70.26138 153
70.2815 137
70.30161 152
70.32172 144
70.34184 117
70.36195 159
70.38207 155
70.40218 145
70.42229 129
70.44241 149
70.46252 152
70.48263 155
70.50275 145
70.52286 149
70.54297 144
70.56309 132
70.5832 151
70.60332 130
70.62343 141
70.64354 139
70.66366 140
70.68377 156
70.70388 159
70.724 143
70.74411 127
70.76423 127
70.78434 123
70.80445 135
70.82457 136
70.84468 140
70.86479 117
70.88491 123
70.90502 139
70.92513 148
70.94525 137
70.96536 139
70.98548 151
71.00559 141
71.0257 148
71.04582 154
71.06593 131
71.08604 144
71.10616 130
71.12627 145
71.14639 147
71.1665 160
71.18661 125
71.20673 133
71.22684 152
71.24695 143
71.26707 116
71.28718 147
71.3073 136
71.32741 149
71.34752 129
71.36764 151
71.38775 148
71.40786 146
71.42798 142
71.44809 136
71.4682 128
71.48832 133
71.50843 161
71.52855 119
71.54866 140
71.56877 134
71.58889 147
71.609 144
71.62911 147
71.64923 134
71.66934 121
71.68946 140
71.70957 132
71.72968 146
71.7498 158
71.76991 153
71.79002 138
71.81014 142
71.83025 149
71.85037 133
71.87048 140
71.89059 163
71.91071 132
71.93082 148
71.95093 130
71.97105 137
71.99116 135
72.01127 143
72.03139 142
72.0515 145
72.07162 143
72.09173 120
72.11184 147
72.13196 139
72.15207 156
72.17218 149
72.1923 153
72.21241 124
72.23253 137
72.25264 171
72.27275 145
72.29287 143
72.31298 161
72.33309 161
72.35321 156
72.37332 143
72.39344 136
72.41355 128
72.43366 123
72.45378 146
72.47389 133
72.494 150
72.51412 145
72.53423 144
72.55434 118
72.57446 141
72.59457 141
72.61469 137
72.6348 145
72.65491 136
72.67503 155
72.69514 131
72.71525 139
72.73537 134
72.75548 127
72.7756 138
72.79571 129
72.81582 151
72.83594 147
72.85605 139
72.87616 143
72.89628 130
72.91639 159
72.9365 131
72.95662 165
72.97673 153
72.99685 151
73.01696 166
73.03707 144
73.05719 144
73.0773 178
73.09741 171
73.11753 188
73.13764 157
73.15776 181
73.17787 176
73.19798 192
73.2181 195
73.23821 198
73.25832 227
73.27844 240
73.29855 315
73.31867 347
73.33878 418
73.35889 431
73.37901 481
73.39912 522
73.41923 558
73.43935 527
73.45946 510
73.47957 395
73.49969 335
73.5198 294
73.53992 311
73.56003 282
73.58014 316
73.60026 336
73.62037 309
73.64048 342
73.6606 340
73.68071 269
73.70083 249
73.72094 206
73.74105 159
73.76117 165
73.78128 195
73.80139 168
73.82151 150
73.84162 147
73.86174 161
73.88185 149
73.90196 148
73.92208 154
73.94219 157
73.9623 154
73.98242 156
74.00253 136
74.02264 140
74.04276 143
74.06287 151
74.08299 142
74.1031 144
74.12321 134
74.14333 144
74.16344 121
74.18355 136
74.20367 127
74.22378 134
74.2439 162
74.26401 143
74.28412 141
74.30424 161
74.32435 151
74.34446 151
74.36458 141
74.38469 147
74.40481 131
74.42492 136
74.44503 137
74.46515 141
74.48526 141
74.50537 141
74.52549 141
74.5456 130
74.56571 137
74.58583 151
74.60594 154
74.62606 137
74.64617 133
74.66628 134
74.6864 120
74.70651 118
74.72662 126
74.74674 145
74.76685 141
74.78697 142
74.80708 129
74.82719 160
74.84731 147
74.86742 135
74.88753 111
74.90765 130
74.92776 136
74.94787 163
74.96799 155
74.9881 170
75.00822 138
