3.00117 19439
3.02128 19256
3.0414 18242
3.06151 18092
3.08162 17573
3.10174 17063
3.12185 16725
3.14197 15674
3.16208 15612
3.18219 15207
3.20231 14763
3.22242 14251
3.24253 13573
3.26265 13390
3.28276 12930
3.30288 12742
3.32299 12217
3.3431 11492
3.36322 11568
3.38333 11018
3.40344 10645
3.42356 10512
3.44367 9793
3.46379 9710
3.4839 9378
3.50401 9308
3.52413 8705
3.54424 8278
3.56435 8106
3.58447 7842
3.60458 7356
3.62469 7128
3.64481 6790
3.66492 6821
3.68504 6502
3.70515 6120
3.72526 6095
3.74538 5532
3.76549 5646
3.7856 5320
3.80572 4969
3.82583 4814
3.84595 4491
3.86606 4385
3.88617 4260
3.90629 3977
3.9264 3842
3.94651 3731
3.96663 3543
3.98674 3459
4.00686 3157
4.02697 3070
4.04708 2836
4.0672 2807
4.08731 2697
4.10742 2519
4.12754 2425
4.14765 2288
4.16776 2350
4.18788 2173
4.20799 2029
4.22811 1920
4.24822 1818
4.26833 1882
4.28845 1846
4.30856 1661
4.32867 1630
4.34879 1567
4.3689 1601
4.38902 1594
4.40913 1362
4.42924 1426
4.44936 1285
4.46947 1315
4.48958 1335
4.5097 1303
4.52981 1218
4.54992 1177
4.57004 1174
4.59015 1170
4.61027 1098
4.63038 1045
4.65049 1015
4.67061 1007
4.69072 1092
4.71083 910
4.73095 935
4.75106 885
4.77118 853
4.79129 925
4.8114 760
4.83152 789
4.85163 804
4.87174 798
4.89186 806
4.91197 731
4.93209 760
4.9522 725
4.97231 738
4.99243 745
5.01254 635
5.03265 632
5.05277 676
5.07288 633
5.09299 612
5.11311 547
5.13322 575
5.15334 517
5.17345 539
5.19356 534
5.21368 505
5.23379 565
5.2539 477
5.27402 496
5.29413 518
5.31425 460
5.33436 445
5.35447 397
5.37459 405
5.3947 459
5.41481 423
5.43493 394
5.45504 425
5.47516 426
5.49527 407
5.51538 379
5.5355 348
5.55561 314
5.57572 304
5.59584 320
5.61595 314
5.63606 300
5.65618 324
5.67629 337
5.69641 307
5.71652 296
5.73663 255
5.75675 292
5.77686 288
5.79697 233
5.81709 277
5.8372 278
5.85732 271
5.87743 260
5.89754 244
5.91766 242
5.93777 236
5.95788 286
5.978 257
5.99811 211
6.01823 224
6.03834 233
6.05845 242
6.07857 227
6.09868 227
6.11879 229
6.13891 237
6.15902 262
6.17913 239
6.19925 221
6.21936 201
6.23948 210
6.25959 222
6.2797 214
6.29982 223
6.31993 196
6.34004 216
6.36016 204
6.38027 210
6.40039 193
6.4205 229
6.44061 234
6.46073 203
6.48084 233
6.50095 203
6.52107 173
6.54118 191
6.56129 195
6.58141 195
6.60152 208
6.62164 186
6.64175 214
6.66186 220
6.68198 217
6.70209 203
6.7222 209
6.74232 222
6.76243 178
6.78255 185
6.80266 212
6.82277 217
6.84289 192
6.863 229
6.88311 211
6.90323 198
6.92334 186
6.94346 216
6.96357 211
6.98368 177
7.0038 184
7.02391 232
7.04402 211
7.06414 182
7.08425 200
7.10436 204
7.12448 215
7.14459 192
7.16471 191
7.18482 215
7.20493 208
7.22505 196
7.24516 214
7.26527 199
7.28539 206
7.3055 196
7.32562 175
7.34573 208
7.36584 229
7.38596 243
7.40607 216
7.42618 195
7.4463 190
7.46641 213
7.48653 191
7.50664 207
7.52675 191
7.54687 215
7.56698 218
7.58709 243
7.60721 220
7.62732 224
7.64743 224
7.66755 219
7.68766 203
7.70778 225
7.72789 227
7.748 229
7.76812 214
7.78823 213
7.80834 206
7.82846 214
7.84857 220
7.86869 203
7.8888 197
7.90891 206
7.92903 227
7.94914 190
7.96925 213
7.98937 226
8.00948 205
8.0296 215
8.04971 209
8.06982 208
8.08994 229
8.11005 224
8.13016 215
8.15028 237
8.17039 221
8.1905 216
8.21062 239
8.23073 218
8.25085 226
8.27096 242
8.29107 299
8.31119 228
8.3313 236
8.35141 234
8.37153 228
8.39164 230
8.41176 234
8.43187 259
8.45198 268
8.4721 243
8.49221 207
8.51232 236
8.53244 216
8.55255 222
8.57266 217
8.59278 231
8.61289 227
8.63301 231
8.65312 279
8.67323 222
8.69335 254
8.71346 200
8.73357 244
8.75369 221
8.7738 214
8.79392 215
8.81403 223
8.83414 238
8.85426 258
8.87437 231
8.89448 245
8.9146 235
8.93471 217
8.95483 239
8.97494 233
8.99505 223
9.01517 196
9.03528 217
9.05539 245
9.07551 257
9.09562 244
9.11573 236
9.13585 218
9.15596 235
9.17608 214
9.19619 239
9.2163 237
9.23642 232
9.25653 236
9.27664 234
9.29676 230
9.31687 238
9.33699 226
9.3571 240
9.37721 239
9.39733 219
9.41744 228
9.43755 230
9.45767 247
9.47778 242
9.4979 249
9.51801 223
9.53812 219
9.55824 232
9.57835 249
9.59846 240
9.61858 209
9.63869 248
9.6588 264
9.67892 232
9.69903 227
9.71915 232
9.73926 241
9.75937 237
9.77949 220
9.7996 229
9.81971 247
9.83983 231
9.85994 204
9.88006 251
9.90017 232
9.92028 236
9.9404 238
9.96051 260
9.98062 270
10.00074 225
10.02085 226
10.04097 243
10.06108 196
10.08119 222
10.10131 243
10.12142 276
10.14153 262
10.16165 249
10.18176 223
10.20187 237
10.22199 231
10.2421 242
10.26222 205
10.28233 202
10.30244 211
10.32256 244
10.34267 225
10.36278 236
10.3829 204
10.40301 235
10.42313 262
10.44324 224
10.46335 238
10.48347 231
10.50358 233
10.52369 211
10.54381 225
10.56392 243
10.58403 234
10.60415 260
10.62426 215
10.64438 249
10.66449 249
10.6846 226
10.70472 246
10.72483 233
10.74494 259
10.76506 227
10.78517 233
10.80529 234
10.8254 228
10.84551 235
10.86563 223
10.88574 230
10.90585 239
10.92597 236
10.94608 222
10.9662 227
10.98631 239
11.00642 221
11.02654 222
11.04665 250
11.06676 223
11.08688 225
11.10699 245
11.1271 217
11.14722 217
11.16733 237
11.18745 248
11.20756 236
11.22767 240
11.24779 251
11.2679 244
11.28801 249
11.30813 241
11.32824 229
11.34836 206
11.36847 235
11.38858 218
11.4087 246
11.42881 254
11.44892 242
11.46904 242
11.48915 270
11.50927 244
11.52938 249
11.54949 284
11.56961 258
11.58972 256
11.60983 274
11.62995 262
11.65006 254
11.67017 259
11.69029 257
11.7104 245
11.73052 276
11.75063 253
11.77074 256
11.79086 258
11.81097 287
11.83108 265
11.8512 254
11.87131 285
11.89143 276
11.91154 283
11.93165 272
11.95177 289
11.97188 297
11.99199 328
12.01211 308
12.03222 296
12.05234 369
12.07245 314
12.09256 355
12.11268 356
12.13279 345
12.1529 370
12.17302 406
12.19313 412
12.21324 415
12.23336 463
12.25347 467
12.27359 525
12.2937 582
12.31381 558
12.33393 629
12.35404 559
12.37415 564
12.39427 524
12.41438 524
12.4345 448
12.45461 369
12.47472 365
12.49484 357
12.51495 318
12.53506 334
12.55518 329
12.57529 316
12.5954 297
12.61552 275
12.63563 272
12.65575 258
12.67586 284
12.69597 262
12.71609 265
12.7362 240
12.75631 250
12.77643 218
12.79654 261
12.81666 244
12.83677 245
12.85688 258
12.877 241
12.89711 234
12.91722 221
12.93734 234
12.95745 222
12.97757 213
12.99768 223
13.01779 214
13.03791 224
13.05802 227
13.07813 209
13.09825 226
13.11836 234
13.13847 225
13.15859 211
13.1787 208
13.19882 225
13.21893 189
13.23904 198
13.25916 220
13.27927 192
13.29938 207
13.3195 222
13.33961 225
13.35973 210
13.37984 227
13.39995 215
13.42007 225
13.44018 212
13.46029 234
13.48041 173
13.50052 221
13.52064 180
13.54075 222
13.56086 175
13.58098 197
13.60109 221
13.6212 209
13.64132 204
13.66143 217
13.68154 204
13.70166 219
13.72177 240
13.74189 179
13.762 210
13.78211 225
13.80223 209
13.82234 202
13.84245 220
13.86257 190
13.88268 205
13.9028 230
13.92291 222
13.94302 243
13.96314 220
13.98325 191
14.00336 233
14.02348 202
14.04359 213
14.06371 210
14.08382 239
14.10393 209
14.12405 220
14.14416 237
14.16427 236
14.18439 203
14.2045 210
14.22461 202
14.24473 208
14.26484 218
14.28496 232
14.30507 198
14.32518 235
14.3453 201
14.36541 218
14.38552 231
14.40564 201
14.42575 246
14.44587 228
14.46598 215
14.48609 216
14.50621 180
14.52632 228
14.54643 188
14.56655 187
14.58666 209
14.60677 204
14.62689 192
14.647 184
14.66712 197
14.68723 200
14.70734 213
14.72746 182
14.74757 187
14.76768 223
14.7878 184
14.80791 190
14.82803 225
14.84814 202
14.86825 210
14.88837 182
14.90848 188
14.92859 198
14.94871 210
14.96882 228
14.98894 182
15.00905 190
15.02916 205
15.04928 176
15.06939 212
15.0895 186
15.10962 184
15.12973 202
15.14984 157
15.16996 187
15.19007 218
15.21019 162
15.2303 195
15.25041 168
15.27053 172
15.29064 192
15.31075 206
15.33087 174
15.35098 187
15.3711 164
15.39121 181
15.41132 185
15.43144 203
15.45155 220
15.47166 183
15.49178 179
15.51189 176
15.53201 208
15.55212 172
15.57223 214
15.59235 191
15.61246 228
15.63257 171
15.65269 186
15.6728 178
15.69291 189
15.71303 192
15.73314 199
15.75326 192
15.77337 200
15.79348 181
15.8136 206
15.83371 176
15.85382 189
15.87394 190
15.89405 184
15.91417 188
15.93428 189
15.95439 189
15.97451 200
15.99462 206
16.01473 184
16.03485 188
16.05496 193
16.07508 164
16.09519 193
16.1153 175
16.13542 187
16.15553 204
16.17564 202
16.19576 187
16.21587 169
16.23598 171
16.2561 191
16.27621 185
16.29633 202
16.31644 170
16.33655 161
16.35667 187
16.37678 175
16.39689 204
16.41701 161
16.43712 173
16.45724 174
16.47735 191
16.49746 187
16.51758 183
16.53769 189
16.5578 189
16.57792 201
16.59803 193
16.61814 183
16.63826 180
16.65837 184
16.67849 178
16.6986 186
16.71871 161
16.73883 208
16.75894 180
16.77905 168
16.79917 179
16.81928 201
16.8394 183
16.85951 173
16.87962 163
16.89974 186
16.91985 189
16.93996 199
16.96008 177
16.98019 189
17.00031 208
17.02042 206
17.04053 170
17.06065 192
17.08076 170
17.10087 189
17.12099 158
17.1411 191
17.16121 180
17.18133 181
17.20144 188
17.22156 175
17.24167 189
17.26178 177
17.2819 161
17.30201 172
17.32212 188
17.34224 168
17.36235 147
17.38247 155
17.40258 161
17.42269 186
17.44281 170
17.46292 185
17.48303 188
17.50315 170
17.52326 146
17.54338 161
17.56349 191
17.5836 167
17.60372 203
17.62383 170
17.64394 208
17.66406 197
17.68417 176
17.70428 190
17.7244 175
17.74451 179
17.76463 172
17.78474 205
17.80485 177
17.82497 195
17.84508 177
17.86519 207
17.88531 163
17.90542 193
17.92554 170
17.94565 189
17.96576 184
17.98588 203
18.00599 181
18.0261 193
18.04622 181
18.06633 192
18.08645 183
18.10656 150
18.12667 188
18.14679 197
18.1669 169
18.18701 179
18.20713 180
18.22724 190
18.24735 185
18.26747 209
18.28758 206
18.3077 191
18.32781 175
18.34792 188
18.36804 176
18.38815 187
18.40826 209
18.42838 202
18.44849 191
18.46861 214
18.48872 195
18.50883 192
18.52895 203
18.54906 153
18.56917 178
18.58929 174
18.6094 190
18.62951 187
18.64963 190
18.66974 192
18.68986 183
18.70997 165
18.73008 203
18.7502 210
18.77031 191
18.79042 213
18.81054 227
18.83065 188
18.85077 186
18.87088 186
18.89099 208
18.91111 185
18.93122 204
18.95133 159
18.97145 213
18.99156 177
19.01168 199
19.03179 169
19.0519 168
19.07202 185
19.09213 169
19.11224 167
19.13236 196
19.15247 182
19.17258 166
19.1927 175
19.21281 171
19.23293 182
19.25304 196
19.27315 177
19.29327 205
19.31338 178
19.33349 197
19.35361 206
19.37372 205
19.39384 170
19.41395 195
19.43406 203
19.45418 192
19.47429 218
19.4944 202
19.51452 171
19.53463 193
19.55475 210
19.57486 208
19.59497 215
19.61509 201
19.6352 202
19.65531 252
19.67543 233
19.69554 245
19.71565 273
19.73577 238
19.75588 308
19.776 315
19.79611 336
19.81622 380
19.83634 390
19.85645 404
19.87656 393
19.89668 395
19.91679 389
19.93691 375
19.95702 366
19.97713 397
19.99725 400
20.01736 378
20.03747 354
20.05759 371
20.0777 362
20.09782 344
20.11793 387
20.13804 384
20.15816 352
20.17827 398
20.19838 379
20.2185 381
20.23861 411
20.25872 387
20.27884 396
20.29895 409
20.31907 406
20.33918 412
20.35929 430
20.37941 433
20.39952 458
20.41963 418
20.43975 460
20.45986 459
20.47998 426
20.50009 456
20.5202 466
20.54032 525
20.56043 523
20.58054 528
20.60066 531
20.62077 655
20.64088 626
20.661 758
20.68111 934
20.70123 1309
20.72134 1759
20.74145 2489
20.76157 3600
20.78168 4997
20.80179 6455
20.82191 7578
20.84202 8002
20.86214 7661
20.88225 6099
20.90236 4447
20.92248 3100
20.94259 1861
20.9627 1066
20.98282 772
21.00293 626
21.02305 529
21.04316 519
21.06327 508
21.08339 513
21.1035 477
21.12361 450
21.14373 418
21.16384 444
21.18395 440
21.20407 428
21.22418 408
21.2443 420
21.26441 393
21.28452 416
21.30464 369
21.32475 362
21.34486 343
21.36498 374
21.38509 311
21.40521 361
21.42532 345
21.44543 380
21.46555 381
21.48566 329
21.50577 322
21.52589 292
21.546 308
21.56612 279
21.58623 329
21.60634 325
21.62646 322
21.64657 335
21.66668 267
21.6868 297
21.70691 292
21.72702 299
21.74714 283
21.76725 289
21.78737 267
21.80748 293
21.82759 303
21.84771 278
21.86782 274
21.88793 238
21.90805 262
21.92816 279
21.94828 260
21.96839 276
21.9885 273
22.00862 288
22.02873 247
22.04884 298
22.06896 267
22.08907 248
22.10919 307
22.1293 247
22.14941 236
22.16953 278
22.18964 260
22.20975 246
22.22987 280
22.24998 253
22.27009 269
22.29021 243
22.31032 265
22.33044 241
22.35055 267
22.37066 250
22.39078 257
22.41089 256
22.431 216
22.45112 248
22.47123 246
22.49135 244
22.51146 234
22.53157 259
22.55169 263
22.5718 256
22.59191 228
22.61203 264
22.63214 219
22.65225 225
22.67237 275
22.69248 255
22.7126 243
22.73271 278
22.75282 245
22.77294 212
22.79305 266
22.81316 249
22.83328 257
22.85339 240
22.87351 254
22.89362 244
22.91373 246
22.93385 229
22.95396 241
22.97407 247
22.99419 251
23.0143 230
23.03442 230
23.05453 255
23.07464 249
23.09476 244
23.11487 235
23.13498 246
23.1551 240
23.17521 216
23.19532 284
23.21544 240
23.23555 231
23.25567 211
23.27578 223
23.29589 240
23.31601 241
23.33612 260
23.35623 249
23.37635 241
23.39646 264
23.41658 238
23.43669 220
23.4568 252
23.47692 242
23.49703 207
23.51714 212
23.53726 246
23.55737 234
23.57749 240
23.5976 238
23.61771 227
23.63783 241
23.65794 226
23.67805 230
23.69817 240
23.71828 214
23.73839 251
23.75851 257
23.77862 247
23.79874 236
23.81885 229
23.83896 268
23.85908 261
23.87919 275
23.8993 304
23.91942 304
23.93953 308
23.95965 323
23.97976 317
23.99987 350
24.01999 352
24.0401 338
24.06021 300
24.08033 270
24.10044 274
24.12056 248
24.14067 252
24.16078 295
24.1809 259
24.20101 271
24.22112 284
24.24124 262
24.26135 255
24.28146 295
24.30158 289
24.32169 213
24.34181 226
24.36192 290
24.38203 257
24.40215 243
24.42226 274
24.44237 227
24.46249 248
24.4826 292
24.50272 292
24.52283 265
24.54294 275
24.56306 300
24.58317 284
24.60328 275
24.6234 291
24.64351 323
24.66362 320
24.68374 353
24.70385 319
24.72397 358
24.74408 393
24.76419 434
24.78431 481
24.80442 456
24.82453 480
24.84465 495
24.86476 463
24.88488 502
24.90499 418
24.9251 455
24.94522 380
24.96533 380
24.98544 369
25.00556 349
25.02567 347
25.04579 339
25.0659 323
25.08601 301
25.10613 300
25.12624 315
25.14635 311
25.16647 290
25.18658 319
25.20669 345
25.22681 332
25.24692 338
25.26704 335
25.28715 289
25.30726 327
25.32738 287
25.34749 310
25.3676 285
25.38772 237
25.40783 281
25.42795 300
25.44806 287
25.46817 283
25.48829 285
25.5084 263
25.52851 270
25.54863 275
25.56874 285
25.58886 303
25.60897 285
25.62908 329
25.6492 335
25.66931 330
25.68942 356
25.70954 377
25.72965 434
25.74976 408
25.76988 448
25.78999 412
25.81011 453
25.83022 450
25.85033 419
25.87045 477
25.89056 464
25.91067 453
25.93079 471
25.9509 454
25.97102 495
25.99113 498
26.01124 478
26.03136 467
26.05147 531
26.07158 582
26.0917 576
26.11181 651
26.13193 599
26.15204 659
26.17215 722
26.19227 796
26.21238 831
26.23249 841
26.25261 880
26.27272 1023
26.29283 1085
26.31295 1131
26.33306 1197
26.35318 1381
26.37329 1617
26.3934 1836
26.41352 2312
26.43363 2952
26.45374 3996
26.47386 5573
26.49397 7732
26.51409 11109
26.5342 15892
26.55431 21985
26.57443 28408
26.59454 33936
26.61465 36669
26.63477 34971
26.65488 29873
26.67499 22507
26.69511 17207
26.71522 11796
26.73534 7107
26.75545 3920
26.77556 2523
26.79568 1901
26.81579 1551
26.8359 1429
26.85602 1317
26.87613 1153
26.89625 1108
26.91636 1065
26.93647 975
26.95659 838
26.9767 782
26.99681 677
27.01693 642
27.03704 585
27.05716 543
27.07727 509
27.09738 480
27.1175 474
27.13761 436
27.15772 480
27.17784 461
27.19795 452
27.21806 415
27.23818 416
27.25829 426
27.27841 419
27.29852 404
27.31863 398
27.33875 416
27.35886 410
27.37897 388
27.39909 390
27.4192 408
27.43932 381
27.45943 417
27.47954 381
27.49966 382
27.51977 358
27.53988 358
27.56 328
27.58011 328
27.60023 333
27.62034 344
27.64045 340
27.66057 339
27.68068 290
27.70079 324
27.72091 344
27.74102 327
27.76113 292
27.78125 281
27.80136 280
27.82148 325
27.84159 319
27.8617 310
27.88182 299
27.90193 299
27.92204 282
27.94216 289
27.96227 316
27.98239 320
28.0025 286
28.02261 272
28.04273 284
28.06284 291
28.08295 265
28.10307 261
28.12318 290
28.1433 264
28.16341 286
28.18352 268
28.20364 269
28.22375 265
28.24386 274
28.26398 244
28.28409 269
28.3042 268
28.32432 274
28.34443 249
28.36455 277
28.38466 254
28.40477 276
28.42489 280
28.445 285
28.46511 292
28.48523 274
28.50534 267
28.52546 253
28.54557 265
28.56568 248
28.5858 243
28.60591 226
28.62602 281
28.64614 276
28.66625 245
28.68636 249
28.70648 248
28.72659 260
28.74671 237
28.76682 274
28.78693 256
28.80705 260
28.82716 247
28.84727 251
28.86739 270
28.8875 216
28.90762 246
28.92773 260
28.94784 231
28.96796 251
28.98807 237
29.00818 243
29.0283 265
29.04841 243
29.06853 264
29.08864 231
29.10875 234
29.12887 238
29.14898 212
29.16909 202
29.18921 228
29.20932 234
29.22943 248
29.24955 227
29.26966 224
29.28978 221
29.30989 237
29.33 264
29.35012 255
29.37023 244
29.39034 230
29.41046 246
29.43057 232
29.45069 237
29.4708 222
29.49091 207
29.51103 252
29.53114 211
29.55125 223
29.57137 221
29.59148 227
29.6116 203
29.63171 219
29.65182 219
29.67194 227
29.69205 220
29.71216 222
29.73228 198
29.75239 199
29.7725 231
29.79262 215
29.81273 199
29.83285 219
29.85296 202
29.87307 246
29.89319 226
29.9133 235
29.93341 213
29.95353 229
29.97364 231
29.99376 199
30.01387 228
30.03398 213
30.0541 201
30.07421 208
30.09432 206
30.11444 218
30.13455 225
30.15467 206
30.17478 218
30.19489 217
30.21501 227
30.23512 235
30.25523 206
30.27535 219
30.29546 223
30.31557 198
30.33569 220
30.3558 212
30.37592 209
30.39603 244
30.41614 196
30.43626 232
30.45637 205
30.47648 210
30.4966 207
30.51671 205
30.53683 211
30.55694 225
30.57705 225
30.59717 224
30.61728 188
30.63739 211
30.65751 239
30.67762 190
30.69773 192
30.71785 188
30.73796 234
30.75808 211
30.77819 199
30.7983 234
30.81842 231
30.83853 236
30.85864 205
30.87876 203
30.89887 209
30.91899 203
30.9391 186
30.95921 206
30.97933 219
30.99944 189
31.01955 202
31.03967 207
31.05978 211
31.0799 211
31.10001 210
31.12012 180
31.14024 184
31.16035 217
31.18046 226
31.20058 200
31.22069 208
31.2408 230
31.26092 198
31.28103 208
31.30115 214
31.32126 184
31.34137 216
31.36149 176
31.3816 194
31.40171 217
31.42183 213
31.44194 202
31.46206 164
31.48217 176
31.50228 197
31.5224 189
31.54251 176
31.56262 188
31.58274 196
31.60285 196
31.62297 173
31.64308 162
31.66319 166
31.68331 202
31.70342 209
31.72353 179
31.74365 192
31.76376 198
31.78387 179
31.80399 191
31.8241 207
31.84422 188
31.86433 188
31.88444 194
31.90456 214
31.92467 186
31.94478 189
31.9649 188
31.98501 157
32.00513 207
32.02524 178
32.04535 186
32.06547 175
32.08558 173
32.10569 198
32.12581 163
32.14592 179
32.16604 201
32.18615 190
32.20626 205
32.22638 202
32.24649 184
32.2666 171
32.28672 176
32.30683 194
32.32694 190
32.34706 194
32.36717 182
32.38729 212
32.4074 189
32.42751 187
32.44763 174
32.46774 193
32.48785 188
32.50797 219
32.52808 206
32.5482 182
32.56831 187
32.58842 191
32.60854 201
32.62865 204
32.64876 194
32.66888 201
32.68899 209
32.7091 209
32.72922 197
32.74933 199
32.76945 214
32.78956 190
32.80967 234
32.82979 216
32.8499 205
32.87001 232
32.89013 223
32.91024 209
32.93036 207
32.95047 247
32.97058 215
32.9907 219
33.01081 216
33.03092 248
33.05104 214
33.07115 249
33.09127 221
33.11138 229
33.13149 249
33.15161 213
33.17172 253
33.19183 253
33.21195 237
33.23206 241
33.25217 220
33.27229 205
33.2924 235
33.31252 236
33.33263 206
33.35274 195
33.37286 173
33.39297 203
33.41308 229
33.4332 192
33.45331 194
33.47343 209
33.49354 212
33.51365 233
33.53377 193
33.55388 194
33.57399 205
33.59411 180
33.61422 180
33.63434 177
33.65445 178
33.67456 191
33.69468 174
33.71479 156
33.7349 174
33.75502 175
33.77513 172
33.79524 159
33.81536 201
33.83547 175
33.85559 175
33.8757 145
33.89581 158
33.91593 175
33.93604 197
33.95615 162
33.97627 190
33.99638 176
34.0165 177
34.03661 164
34.05672 141
34.07684 170
34.09695 164
34.11706 185
34.13718 172
34.15729 161
34.17741 168
34.19752 173
34.21763 184
34.23775 163
34.25786 181
34.27797 183
34.29809 181
34.3182 197
34.33831 162
34.35843 161
34.37854 174
34.39866 186
34.41877 188
34.43888 139
34.459 177
34.47911 173
34.49922 178
34.51934 180
34.53945 206
34.55957 190
34.57968 177
34.59979 202
34.61991 203
34.64002 174
34.66013 201
34.68025 185
34.70036 187
34.72047 227
34.74059 216
34.7607 204
34.78082 226
34.80093 240
34.82104 220
34.84116 244
34.86127 269
34.88138 290
34.9015 260
34.92161 259
34.94173 252
34.96184 268
34.98195 256
35.00207 299
35.02218 264
35.04229 255
35.06241 249
35.08252 238
35.10264 240
35.12275 226
35.14286 238
35.16298 227
35.18309 230
35.2032 222
35.22332 211
35.24343 203
35.26354 241
35.28366 244
35.30377 218
35.32389 247
35.344 285
35.36411 253
35.38423 247
35.40434 257
35.42445 259
35.44457 291
35.46468 291
35.4848 300
35.50491 299
35.52502 308
35.54514 315
35.56525 308
35.58536 354
35.60548 338
35.62559 320
35.64571 317
35.66582 319
35.68593 293
35.70605 345
35.72616 305
35.74627 332
35.76639 295
35.7865 300
35.80661 314
35.82673 317
35.84684 318
35.86696 285
35.88707 313
35.90718 304
35.9273 290
35.94741 311
35.96752 284
35.98764 311
36.00775 300
36.02787 292
36.04798 299
36.06809 283
36.08821 283
36.10832 270
36.12843 268
36.14855 247
36.16866 298
36.18878 286
36.20889 297
36.229 311
36.24912 308
36.26923 373
36.28934 369
36.30946 407
36.32957 445
36.34968 534
36.3698 678
36.38991 842
36.41003 1051
36.43014 1361
36.45025 1737
36.47037 2178
36.49048 2478
36.51059 2541
36.53071 2341
36.55082 2097
36.57094 1798
36.59105 1440
36.61116 1287
36.63128 1039
36.65139 774
36.6715 579
36.69162 398
36.71173 319
36.73184 290
36.75196 319
36.77207 278
36.79219 228
36.8123 277
36.83241 271
36.85253 254
36.87264 247
36.89275 230
36.91287 236
36.93298 222
36.9531 235
36.97321 210
36.99332 210
37.01344 204
37.03355 199
37.05366 215
37.07378 214
37.09389 216
37.11401 218
37.13412 226
37.15423 207
37.17435 209
37.19446 218
37.21457 210
37.23469 224
37.2548 208
37.27491 204
37.29503 194
37.31514 200
37.33526 216
37.35537 228
37.37548 208
37.3956 185
37.41571 233
37.43582 203
37.45594 214
37.47605 211
37.49617 232
37.51628 234
37.53639 232
37.55651 224
37.57662 225
37.59673 230
37.61685 201
37.63696 269
37.65708 222
37.67719 233
37.6973 246
37.71742 237
37.73753 221
37.75764 216
37.77776 202
37.79787 218
37.81798 222
37.8381 199
37.85821 229
37.87833 211
37.89844 225
37.91855 200
37.93867 204
37.95878 214
37.97889 198
37.99901 221
38.01912 214
38.03924 256
38.05935 241
38.07946 242
38.09958 231
38.11969 234
38.1398 226
38.15992 254
38.18003 224
38.20015 229
38.22026 271
38.24037 268
38.26049 284
38.2806 280
38.30071 267
38.32083 272
38.34094 284
38.36105 280
38.38117 295
38.40128 281
38.4214 288
38.44151 303
38.46162 267
38.48174 316
38.50185 281
38.52196 273
38.54208 293
38.56219 290
38.58231 271
38.60242 246
38.62253 272
38.64265 222
38.66276 256
38.68287 241
38.70299 236
38.7231 254
38.74321 258
38.76333 270
38.78344 277
38.80356 272
38.82367 260
38.84378 270
38.8639 223
38.88401 261
38.90412 231
38.92424 272
38.94435 245
38.96447 272
38.98458 233
39.00469 266
39.02481 253
39.04492 252
39.06503 282
39.08515 254
39.10526 314
39.12538 305
39.14549 273
39.1656 340
39.18572 343
39.20583 337
39.22594 444
39.24606 467
39.26617 545
39.28628 640
39.3064 730
39.32651 966
39.34663 1180
39.36674 1479
39.38685 1788
39.40697 2160
39.42708 2286
39.44719 2237
39.46731 2004
39.48742 1579
39.50754 1402
39.52765 1266
39.54776 1139
39.56788 916
39.58799 681
39.6081 475
39.62822 358
39.64833 317
39.66845 312
39.68856 242
39.70867 224
39.72879 302
39.7489 243
39.76901 224
39.78913 221
39.80924 220
39.82935 225
39.84947 236
39.86958 226
39.8897 238
39.90981 252
39.92992 226
39.95004 243
39.97015 245
39.99026 221
40.01038 245
40.03049 291
40.05061 271
40.07072 302
40.09083 351
40.11095 405
40.13106 462
40.15117 603
40.17129 744
40.1914 858
40.21152 949
40.23163 1135
40.25174 1247
40.27186 1209
40.29197 976
40.31208 853
40.3322 758
40.35231 669
40.37242 634
40.39254 519
40.41265 405
40.43277 316
40.45288 267
40.47299 263
40.49311 247
40.51322 223
40.53333 256
40.55345 224
40.57356 221
40.59368 209
40.61379 199
40.6339 188
40.65402 188
40.67413 212
40.69424 231
40.71436 208
40.73447 210
40.75458 213
40.7747 197
40.79481 222
40.81493 221
40.83504 229
40.85515 245
40.87527 190
40.89538 220
40.91549 231
40.93561 236
40.95572 207
40.97584 229
40.99595 221
41.01606 199
41.03618 214
41.05629 221
41.0764 213
41.09652 238
41.11663 226
41.13675 207
41.15686 223
41.17697 214
41.19709 225
41.2172 201
41.23731 197
41.25743 211
41.27754 221
41.29765 191
41.31777 193
41.33788 204
41.358 203
41.37811 187
41.39822 197
41.41834 221
41.43845 193
41.45856 191
41.47868 181
41.49879 209
41.51891 168
41.53902 192
41.55913 192
41.57925 173
41.59936 205
41.61947 190
41.63959 169
41.6597 175
41.67982 210
41.69993 232
41.72004 175
41.74016 194
41.76027 176
41.78038 195
41.8005 194
41.82061 166
41.84072 190
41.86084 202
41.88095 212
41.90107 195
41.92118 172
41.94129 182
41.96141 188
41.98152 207
42.00163 203
42.02175 187
42.04186 207
42.06198 203
42.08209 238
42.1022 248
42.12232 212
42.14243 228
42.16254 278
42.18266 295
42.20277 304
42.22289 314
42.243 417
42.26311 474
42.28323 537
42.30334 719
42.32345 839
42.34357 1071
42.36368 1309
42.38379 1587
42.40391 1650
42.42402 1532
42.44414 1425
42.46425 1286
42.48436 1034
42.50448 998
42.52459 901
42.5447 776
42.56482 600
42.58493 413
42.60505 322
42.62516 275
42.64527 249
42.66539 250
42.6855 236
42.70561 215
42.72573 223
42.74584 219
42.76595 196
42.78607 205
42.80618 150
42.8263 197
42.84641 180
42.86652 188
42.88664 191
42.90675 158
42.92686 165
42.94698 191
42.96709 160
42.98721 167
43.00732 182
43.02743 167
43.04755 180
43.06766 187
43.08777 198
43.10789 166
43.128 189
43.14812 181
43.16823 154
43.18834 182
43.20846 157
43.22857 187
43.24868 169
43.2688 176
43.28891 161
43.30902 187
43.32914 202
43.34925 155
43.36937 177
43.38948 189
43.40959 162
43.42971 185
43.44982 145
43.46993 195
43.49005 157
43.51016 176
43.53028 153
43.55039 172
43.5705 173
43.59062 165
43.61073 173
43.63084 177
43.65096 163
43.67107 153
43.69119 179
43.7113 190
43.73141 172
43.75153 184
43.77164 177
43.79175 157
43.81187 181
43.83198 162
43.85209 172
43.87221 173
43.89232 167
43.91244 156
43.93255 160
43.95266 142
43.97278 157
43.99289 162
44.013 183
44.03312 150
44.05323 189
44.07335 166
44.09346 156
44.11357 173
44.13369 186
44.1538 169
44.17391 182
44.19403 170
44.21414 168
44.23426 185
44.25437 166
44.27448 180
44.2946 166
44.31471 172
44.33482 160
44.35494 162
44.37505 173
44.39516 177
44.41528 155
44.43539 184
44.45551 162
44.47562 176
44.49573 168
44.51585 188
44.53596 192
44.55607 168
44.57619 175
44.5963 161
44.61642 170
44.63653 158
44.65664 169
44.67676 167
44.69687 183
44.71698 177
44.7371 164
44.75721 192
44.77732 161
44.79744 199
44.81755 179
44.83767 166
44.85778 173
44.87789 163
44.89801 180
44.91812 171
44.93823 186
44.95835 175
44.97846 189
44.99858 169
45.01869 173
45.0388 196
45.05892 155
45.07903 191
45.09914 179
45.11926 162
45.13937 168
45.15949 178
45.1796 185
45.19971 187
45.21983 182
45.23994 176
45.26005 178
45.28017 200
45.30028 196
45.32039 201
45.34051 201
45.36062 191
45.38074 205
45.40085 211
45.42096 195
45.44108 219
45.46119 234
45.4813 263
45.50142 264
45.52153 251
45.54165 264
45.56176 297
45.58187 333
45.60199 393
45.6221 447
45.64221 473
45.66233 590
45.68244 771
45.70256 914
45.72267 1104
45.74278 1098
45.7629 1164
45.78301 1066
45.80312 877
45.82324 783
45.84335 691
45.86346 650
45.88358 600
45.90369 492
45.92381 419
45.94392 311
45.96403 250
45.98415 238
46.00426 225
46.02437 171
46.04449 209
46.0646 185
46.08472 212
46.10483 197
46.12494 201
46.14506 186
46.16517 177
46.18528 174
46.2054 164
46.22551 162
46.24563 185
46.26574 171
46.28585 184
46.30597 167
46.32608 172
46.34619 187
46.36631 155
46.38642 165
46.40653 176
46.42665 174
46.44676 170
46.46688 145
46.48699 171
46.5071 183
46.52722 169
46.54733 176
46.56744 166
46.58756 162
46.60767 159
46.62779 178
46.6479 145
46.66801 163
46.68813 167
46.70824 163
46.72835 184
46.74847 200
46.76858 143
46.78869 163
46.80881 181
46.82892 167
46.84904 149
46.86915 163
46.88926 150
46.90938 192
46.92949 167
46.9496 171
46.96972 171
46.98983 154
47.00995 151
47.03006 176
47.05017 175
47.07029 159
47.0904 175
47.11051 150
47.13063 165
47.15074 175
47.17086 160
47.19097 176
47.21108 187
47.2312 160
47.25131 153
47.27142 155
47.29154 170
47.31165 135
47.33176 171
47.35188 153
47.37199 182
47.39211 173
47.41222 168
47.43233 175
47.45245 162
47.47256 140
47.49267 170
47.51279 165
47.5329 157
47.55302 185
47.57313 169
47.59324 133
47.61336 184
47.63347 155
47.65358 170
47.6737 175
47.69381 167
47.71393 152
47.73404 177
47.75415 165
47.77427 162
47.79438 153
47.81449 165
47.83461 185
47.85472 175
47.87483 181
47.89495 170
47.91506 187
47.93518 147
47.95529 180
47.9754 185
47.99552 150
48.01563 167
48.03574 169
48.05586 157
48.07597 176
48.09609 168
48.1162 164
48.13631 161
48.15643 166
48.17654 148
48.19665 174
48.21677 149
48.23688 168
48.257 171
48.27711 167
48.29722 160
48.31734 171
48.33745 174
48.35756 179
48.37768 159
48.39779 183
48.4179 192
48.43802 181
48.45813 166
48.47825 155
48.49836 178
48.51847 165
48.53859 174
48.5587 180
48.57881 163
48.59893 152
48.61904 157
48.63916 156
48.65927 176
48.67938 163
48.6995 184
48.71961 170
48.73972 200
48.75984 180
48.77995 160
48.80006 180
48.82018 175
48.84029 178
48.86041 170
48.88052 156
48.90063 188
48.92075 155
48.94086 190
48.96097 176
48.98109 186
49.0012 184
49.02132 181
49.04143 177
49.06154 199
49.08166 152
49.10177 209
49.12188 200
49.142 156
49.16211 202
49.18223 181
49.20234 193
49.22245 210
49.24257 190
49.26268 215
49.28279 196
49.30291 231
49.32302 172
49.34313 177
49.36325 178
49.38336 212
49.40348 188
49.42359 202
49.4437 226
49.46382 233
49.48393 216
49.50404 223
49.52416 185
49.54427 226
49.56439 224
49.5845 240
49.60461 223
49.62473 221
49.64484 234
49.66495 249
49.68507 287
49.70518 255
49.7253 282
49.74541 293
49.76552 309
49.78564 316
49.80575 356
49.82586 415
49.84598 421
49.86609 501
49.8862 534
49.90632 637
49.92643 787
49.94655 945
49.96666 1153
49.98677 1480
50.00689 1911
50.027 2371
50.04711 2840
50.06723 3349
50.08734 3729
50.10746 3585
50.12757 3196
50.14768 2635
50.1678 2223
50.18791 1975
50.20802 2020
50.22814 1904
50.24825 1732
50.26837 1352
50.28848 993
50.30859 632
50.32871 452
50.34882 349
50.36893 335
50.38905 315
50.40916 270
50.42927 273
50.44939 275
50.4695 272
50.48962 274
50.50973 259
50.52984 249
50.54996 322
50.57007 288
50.59018 282
50.6103 279
50.63041 257
50.65053 253
50.67064 255
50.69075 192
50.71087 229
50.73098 238
50.75109 189
50.77121 187
50.79132 196
50.81143 196
50.83155 168
50.85166 204
50.87178 195
50.89189 176
50.912 169
50.93212 176
50.95223 194
50.97234 185
50.99246 178
51.01257 154
51.03269 197
51.0528 169
51.07291 177
51.09303 167
51.11314 151
51.13325 180
51.15337 152
51.17348 165
51.1936 152
51.21371 181
51.23382 174
51.25394 147
51.27405 154
51.29416 154
51.31428 154
51.33439 171
51.3545 139
51.37462 181
51.39473 142
51.41485 175
51.43496 176
51.45507 133
51.47519 160
51.4953 136
51.51541 158
51.53553 178
51.55564 154
51.57576 160
51.59587 156
51.61598 132
51.6361 148
51.65621 149
51.67632 148
51.69644 136
51.71655 162
51.73667 154
51.75678 162
51.77689 174
51.79701 161
51.81712 143
51.83723 152
51.85735 153
51.87746 148
51.89757 175
51.91769 156
51.9378 164
51.95792 143
51.97803 133
51.99814 157
52.01826 161
52.03837 136
52.05848 166
52.0786 151
52.09871 151
52.11883 168
52.13894 169
52.15905 148
52.17917 169
52.19928 123
52.21939 168
52.23951 148
52.25962 129
52.27974 155
52.29985 134
52.31996 125
52.34008 151
52.36019 137
52.3803 165
52.40042 156
52.42053 169
52.44064 144
52.46076 134
52.48087 175
52.50099 152
52.5211 169
52.54121 163
52.56133 179
52.58144 146
52.60155 165
52.62167 152
52.64178 148
52.6619 146
52.68201 152
52.70212 156
52.72224 167
52.74235 164
52.76246 157
52.78258 150
52.80269 148
52.8228 136
52.84292 167
52.86303 166
52.88315 154
52.90326 170
52.92337 140
52.94349 155
52.9636 148
52.98371 146
53.00383 156
53.02394 169
53.04406 163
53.06417 178
53.08428 172
53.1044 159
53.12451 134
53.14462 171
53.16474 157
53.18485 173
53.20497 175
53.22508 179
53.24519 175
53.26531 182
53.28542 169
53.30553 179
53.32565 171
53.34576 194
53.36587 170
53.38599 208
53.4061 184
53.42622 181
53.44633 186
53.46644 187
53.48656 186
53.50667 190
53.52678 177
53.5469 196
53.56701 175
53.58713 187
53.60724 179
53.62735 192
53.64747 197
53.66758 183
53.68769 194
53.70781 190
53.72792 184
53.74804 167
53.76815 195
53.78826 187
53.80838 182
53.82849 211
53.8486 185
53.86872 193
53.88883 220
53.90894 173
53.92906 195
53.94917 205
53.96929 201
53.9894 192
54.00951 213
54.02963 229
54.04974 222
54.06985 203
54.08997 221
54.11008 220
54.1302 229
54.15031 189
54.17042 214
54.19054 223
54.21065 222
54.23076 223
54.25088 234
54.27099 240
54.29111 236
54.31122 227
54.33133 233
54.35145 218
54.37156 208
54.39167 238
54.41179 231
54.4319 240
54.45201 246
54.47213 216
54.49224 224
54.51236 263
54.53247 261
54.55258 227
54.5727 247
54.59281 302
54.61292 296
54.63304 323
54.65315 350
54.67327 390
54.69338 453
54.71349 533
54.73361 717
54.75372 756
54.77383 933
54.79395 1078
54.81406 1129
54.83417 1165
54.85429 1083
54.8744 987
54.89452 774
54.91463 731
54.93474 695
54.95486 692
54.97497 735
54.99508 641
55.0152 617
55.03531 471
55.05543 402
55.07554 349
55.09565 306
55.11577 330
55.13588 351
55.15599 352
55.17611 375
55.19622 403
55.21634 469
55.23645 567
55.25656 592
55.27668 679
55.29679 606
55.3169 511
55.33702 483
55.35713 410
55.37724 432
55.39736 384
55.41747 410
55.43759 389
55.4577 372
55.47781 340
55.49793 294
55.51804 258
55.53815 243
55.55827 228
55.57838 206
55.5985 185
55.61861 205
55.63872 177
55.65884 188
55.67895 181
55.69906 196
55.71918 191
55.73929 190
55.75941 181
55.77952 199
55.79963 183
55.81975 187
55.83986 174
55.85997 178
55.88009 163
55.9002 152
55.92031 160
55.94043 162
55.96054 169
55.98066 176
56.00077 166
56.02088 161
56.041 169
56.06111 176
56.08122 183
56.10134 187
56.12145 169
56.14157 159
56.16168 180
56.18179 160
56.20191 171
56.22202 172
56.24213 163
56.26225 180
56.28236 171
56.30248 187
56.32259 182
56.3427 158
56.36282 183
56.38293 194
56.40304 179
56.42316 168
56.44327 153
56.46338 150
56.4835 172
56.50361 162
56.52373 168
56.54384 156
56.56395 156
56.58407 152
56.60418 168
56.62429 184
56.64441 158
56.66452 174
56.68464 166
56.70475 190
56.72486 178
56.74498 169
56.76509 145
56.7852 161
56.80532 168
56.82543 183
56.84554 169
56.86566 170
56.88577 161
56.90589 158
56.926 156
56.94611 145
56.96623 185
56.98634 180
57.00645 153
57.02657 184
57.04668 186
57.0668 196
57.08691 217
57.10702 186
57.12714 227
57.14725 201
57.16736 207
57.18748 197
57.20759 217
57.22771 189
57.24782 215
57.26793 222
57.28805 179
57.30816 175
57.32827 166
57.34839 170
57.3685 185
57.38861 188
57.40873 176
57.42884 202
57.44896 183
57.46907 166
57.48918 177
57.5093 181
57.52941 150
57.54952 164
57.56964 146
57.58975 189
57.60987 162
57.62998 165
57.65009 146
57.67021 152
57.69032 161
57.71043 159
57.73055 159
57.75066 162
57.77078 166
57.79089 149
57.811 171
57.83112 162
57.85123 166
57.87134 170
57.89146 131
57.91157 150
57.93168 136
57.9518 166
57.97191 144
57.99203 147
58.01214 159
58.03225 148
58.05237 165
58.07248 171
58.09259 175
58.11271 145
58.13282 150
58.15294 172
58.17305 157
58.19316 143
58.21328 144
58.23339 154
58.2535 164
58.27362 179
58.29373 168
58.31385 186
58.33396 146
58.35407 156
58.37419 160
58.3943 153
58.41441 155
58.43453 155
58.45464 158
58.47475 158
58.49487 133
58.51498 164
58.5351 158
58.55521 169
58.57532 169
58.59544 145
58.61555 159
58.63566 164
58.65578 159
58.67589 186
58.69601 172
58.71612 124
58.73623 154
58.75635 170
58.77646 153
58.79657 156
58.81669 165
58.8368 182
58.85691 170
58.87703 158
58.89714 166
58.91726 151
58.93737 156
58.95748 172
58.9776 159
58.99771 173
59.01782 181
59.03794 171
59.05805 179
59.07817 143
59.09828 185
59.11839 152
59.13851 175
59.15862 162
59.17873 166
59.19885 158
59.21896 174
59.23908 193
59.25919 150
59.2793 170
59.29942 206
59.31953 162
59.33964 153
59.35976 207
59.37987 196
59.39998 190
59.4201 204
59.44021 188
59.46033 200
59.48044 198
59.50055 234
59.52067 233
59.54078 203
59.56089 270
59.58101 271
59.60112 304
59.62124 298
59.64135 312
59.66146 344
59.68158 356
59.70169 418
59.7218 530
59.74192 606
59.76203 743
59.78215 910
59.80226 1122
59.82237 1417
59.84249 1700
59.8626 1952
59.88271 2150
59.90283 2262
59.92294 2195
59.94305 1993
59.96317 1595
59.98328 1342
60.0034 1179
60.02351 1055
60.04362 1234
60.06374 1197
60.08385 1089
60.10396 1061
60.12408 798
60.14419 611
60.16431 408
60.18442 345
60.20453 285
60.22465 243
60.24476 260
60.26487 232
60.28499 196
60.3051 198
60.32522 200
60.34533 221
60.36544 210
60.38556 189
60.40567 176
60.42578 196
60.4459 167
60.46601 167
60.48612 162
60.50624 166
60.52635 186
60.54647 173
60.56658 164
60.58669 173
60.60681 168
60.62692 171
60.64703 176
60.66715 168
60.68726 169
60.70738 162
60.72749 160
60.7476 152
60.76772 155
60.78783 155
60.80794 170
60.82806 148
60.84817 134
60.86828 155
60.8884 182
60.90851 176
60.92863 145
60.94874 156
60.96885 157
60.98897 152
61.00908 181
61.02919 170
61.04931 152
61.06942 156
61.08954 141
61.10965 145
61.12976 137
61.14988 159
61.16999 148
61.1901 156
61.21022 144
61.23033 121
61.25045 139
61.27056 159
61.29067 154
61.31079 167
61.3309 149
61.35101 138
61.37113 143
61.39124 146
61.41135 157
61.43147 172
61.45158 142
61.4717 170
61.49181 139
61.51192 160
61.53204 153
61.55215 157
61.57226 150
61.59238 153
61.61249 153
61.63261 160
61.65272 143
61.67283 163
61.69295 166
61.71306 155
61.73317 171
61.75329 177
61.7734 175
61.79352 157
61.81363 152
61.83374 153
61.85386 152
61.87397 156
61.89408 145
61.9142 170
61.93431 182
61.95442 165
61.97454 166
61.99465 186
62.01477 206
62.03488 201
62.05499 183
62.07511 201
62.09522 215
62.11533 209
62.13545 215
62.15556 222
62.17568 211
62.19579 212
62.2159 260
62.23602 217
62.25613 204
62.27624 270
62.29636 260
62.31647 270
62.33659 247
62.3567 242
62.37681 241
62.39693 247
62.41704 244
62.43715 222
62.45727 205
62.47738 233
62.49749 206
62.51761 199
62.53772 192
62.55784 189
62.57795 195
62.59806 186
62.61818 190
62.63829 169
62.6584 176
62.67852 195
62.69863 171
62.71875 181
62.73886 174
62.75897 181
62.77909 149
62.7992 159
62.81931 168
62.83943 172
62.85954 174
62.87965 156
62.89977 142
62.91988 178
62.94 162
62.96011 173
62.98022 150
63.00034 152
63.02045 174
63.04056 153
63.06068 166
63.08079 170
63.10091 159
63.12102 168
63.14113 141
63.16125 151
63.18136 137
63.20147 145
63.22159 136
63.2417 155
63.26182 138
63.28193 167
63.30204 167
63.32216 163
63.34227 188
63.36238 145
63.3825 146
63.40261 174
63.42272 165
63.44284 172
63.46295 143
63.48307 152
63.50318 136
63.52329 147
63.54341 176
63.56352 172
63.58363 185
63.60375 167
63.62386 192
63.64398 192
63.66409 166
63.6842 173
63.70432 181
63.72443 198
63.74454 222
63.76466 218
63.78477 201
63.80489 210
63.825 249
63.84511 302
63.86523 338
63.88534 373
63.90545 389
63.92557 414
63.94568 541
63.96579 535
63.98591 522
64.00602 491
64.02614 509
64.04625 430
64.06636 366
64.08648 364
64.10659 339
64.1267 378
64.14682 371
64.16693 342
64.18705 353
64.20716 296
64.22727 258
64.24739 216
64.2675 205
64.28761 193
64.30773 189
64.32784 170
64.34796 165
64.36807 166
64.38818 179
64.4083 160
64.42841 191
64.44852 164
64.46864 150
64.48875 146
64.50886 162
64.52898 132
64.54909 157
64.56921 163
64.58932 166
64.60943 139
64.62955 163
64.64966 129
64.66977 140
64.68989 140
64.71 144
64.73012 130
64.75023 135
64.77034 143
64.79046 150
64.81057 181
64.83068 136
64.8508 150
64.87091 134
64.89102 144
64.91114 133
64.93125 136
64.95137 145
64.97148 169
64.99159 141
65.01171 148
65.03182 153
65.05193 133
65.07205 157
65.09216 154
65.11228 144
65.13239 155
65.1525 163
65.17262 147
65.19273 134
65.21284 160
65.23296 132
65.25307 138
65.27319 167
65.2933 151
65.31341 143
65.33353 150
65.35364 131
65.37375 148
65.39387 135
65.41398 162
65.43409 163
65.45421 157
65.47432 162
65.49444 158
65.51455 150
65.53466 173
65.55478 181
65.57489 186
65.595 211
65.61512 170
65.63523 194
65.65535 206
65.67546 240
65.69557 246
65.71569 212
65.7358 229
65.75591 218
65.77603 231
65.79614 212
65.81626 198
65.83637 191
65.85648 215
65.8766 181
65.89671 189
65.91682 206
65.93694 188
65.95705 204
65.97716 177
65.99728 179
66.01739 148
66.03751 164
66.05762 152
66.07773 143
66.09785 171
66.11796 162
66.13807 171
66.15819 134
66.1783 177
66.19842 147
66.21853 168
66.23864 153
66.25876 142
66.27887 159
66.29898 166
66.3191 150
66.33921 151
66.35933 138
66.37944 154
66.39955 148
66.41967 146
66.43978 149
66.45989 162
66.48001 149
66.50012 150
66.52023 145
66.54035 151
66.56046 138
66.58058 145
66.60069 149
66.6208 174
66.64092 181
66.66103 140
66.68114 147
66.70126 155
66.72137 154
66.74149 137
66.7616 163
66.78171 153
66.80183 175
66.82194 178
66.84205 174
66.86217 162
66.88228 151
66.90239 161
66.92251 174
66.94262 163
66.96274 197
66.98285 173
67.00296 167
67.02308 153
67.04319 155
67.0633 178
67.08342 172
67.10353 170
67.12365 166
67.14376 175
67.16387 189
67.18399 165
67.2041 166
67.22421 210
67.24433 181
67.26444 192
67.28456 197
67.30467 205
67.32478 223
67.3449 239
67.36501 225
67.38512 233
67.40524 243
67.42535 280
67.44546 280
67.46558 304
67.48569 364
67.50581 388
67.52592 455
67.54603 509
67.56615 653
67.58626 747
67.60637 867
67.62649 1025
67.6466 1193
67.66672 1337
67.68683 1374
67.70694 1278
67.72706 1231
67.74717 1057
67.76728 913
67.7874 752
67.80751 785
67.82763 820
67.84774 882
67.86785 902
67.88797 956
67.90808 954
67.92819 997
67.94831 932
67.96842 952
67.98853 1024
68.00865 1172
68.02876 1293
68.04888 1473
68.06899 1666
68.0891 1734
68.10922 1798
68.12933 1703
68.14944 1543
68.16956 1411
68.18967 1432
68.20979 1426
68.2299 1506
68.25001 1691
68.27013 1683
68.29024 1572
68.31035 1409
68.33047 1114
68.35058 953
68.3707 768
68.39081 655
68.41092 704
68.43104 605
68.45115 632
68.47126 596
68.49138 497
68.51149 439
68.5316 354
68.55172 304
68.57183 260
68.59195 248
68.61206 235
68.63217 209
68.65229 199
68.6724 209
68.69251 170
68.71263 226
68.73274 183
68.75286 212
68.77297 173
68.79308 186
68.8132 161
68.83331 187
68.85342 155
68.87354 186
68.89365 192
68.91376 167
68.93388 175
68.95399 184
68.97411 172
68.99422 175
69.01433 170
69.03445 150
69.05456 159
69.07467 163
69.09479 155
69.1149 151
69.13502 155
69.15513 161
69.17524 150
69.19536 167
69.21547 172
69.23558 156
69.2557 152
69.27581 152
69.29593 159
69.31604 140
69.33615 153
69.35627 158
69.37638 147
69.39649 156
69.41661 139
69.43672 126
69.45683 125
69.47695 141
69.49706 131
69.51718 155
69.53729 139
69.5574 157
69.57752 145
69.59763 148
69.61774 139
69.63786 133
69.65797 164
69.67809 119
69.6982 127
69.71831 166
69.73843 125
69.75854 148
69.77865 135
69.79877 142
69.81888 141
69.839 163
69.85911 153
69.87922 144
69.89934 146
69.91945 139
69.93956 154
69.95968 141
69.97979 148
69.9999 150
70.02002 150
70.04013 153
70.06025 151
70.08036 140
70.10047 143
70.12059 137
70.1407 158
70.16081 151
70.18093 150
70.20104 163
70.22116 144
70.24127 151
70.26138 155
70.2815 155
70.30161 144
70.32172 115
70.34184 127
70.36195 144
70.38207 136
70.40218 161
70.42229 132
70.44241 141
70.46252 131
70.48263 136
70.50275 131
70.52286 133
70.54297 145
70.56309 135
70.5832 115
70.60332 142
70.62343 142
70.64354 138
70.66366 129
70.68377 170
70.70388 131
70.724 131
70.74411 121
70.76423 131
70.78434 140
70.80445 129
70.82457 145
70.84468 135
70.86479 119
70.88491 134
70.90502 150
70.92513 139
70.94525 124
70.96536 131
70.98548 122
71.00559 128
71.0257 130
71.04582 154
71.06593 154
71.08604 122
71.10616 132
71.12627 133
71.14639 131
71.1665 134
71.18661 148
71.20673 151
71.22684 128
71.24695 155
71.26707 136
71.28718 115
71.3073 117
71.32741 136
71.34752 140
71.36764 133
71.38775 129
71.40786 132
71.42798 142
71.44809 120
71.4682 165
71.48832 129
71.50843 136
71.52855 135
71.54866 125
71.56877 156
71.58889 143
71.609 127
71.62911 167
71.64923 133
71.66934 142
71.68946 147
71.70957 161
71.72968 119
71.7498 135
71.76991 123
71.79002 140
71.81014 152
71.83025 141
71.85037 138
71.87048 119
71.89059 141
71.91071 145
71.93082 138
71.95093 146
71.97105 139
71.99116 156
72.01127 143
72.03139 140
72.0515 147
72.07162 155
72.09173 139
72.11184 135
72.13196 155
72.15207 134
72.17218 157
72.1923 153
72.21241 135
72.23253 130
72.25264 110
72.27275 149
72.29287 150
72.31298 140
72.33309 133
72.35321 144
72.37332 137
72.39344 139
72.41355 158
72.43366 130
72.45378 125
72.47389 156
72.494 134
72.51412 138
72.53423 139
72.55434 149
72.57446 158
72.59457 141
72.61469 155
72.6348 152
72.65491 153
72.67503 142
72.69514 142
72.71525 128
72.73537 144
72.75548 139
72.7756 139
72.79571 114
72.81582 145
72.83594 146
72.85605 140
72.87616 155
72.89628 140
72.91639 138
72.9365 165
72.95662 163
72.97673 147
72.99685 150
73.01696 165
73.03707 141
73.05719 142
73.0773 171
73.09741 165
73.11753 174
73.13764 180
73.15776 181
73.17787 220
73.19798 193
73.2181 217
73.23821 215
73.25832 253
73.27844 258
73.29855 313
73.31867 356
73.33878 424
73.35889 486
73.37901 512
73.39912 570
73.41923 551
73.43935 552
73.45946 472
73.47957 387
73.49969 320
73.5198 337
73.53992 298
73.56003 320
73.58014 325
73.60026 349
73.62037 355
73.64048 360
73.6606 292
73.68071 316
73.70083 229
73.72094 222
73.74105 182
73.76117 182
73.78128 172
73.80139 151
73.82151 173
73.84162 163
73.86174 144
73.88185 141
73.90196 125
73.92208 150
73.94219 143
73.9623 136
73.98242 137
74.00253 163
74.02264 130
74.04276 145
74.06287 146
74.08299 143
74.1031 156
74.12321 154
74.14333 134
74.16344 133
74.18355 139
74.20367 131
74.22378 144
74.2439 136
74.26401 141
74.28412 154
74.30424 142
74.32435 118
74.34446 116
74.36458 148
74.38469 135
74.40481 148
74.42492 123
74.44503 134
74.46515 117
74.48526 141
74.50537 127
74.52549 116
74.5456 147
74.56571 132
74.58583 141
74.60594 112
74.62606 125
74.64617 131
74.66628 134
74.6864 151
74.70651 136
74.72662 130
74.74674 120
74.76685 143
74.78697 156
74.80708 157
74.82719 143
74.84731 152
74.86742 121
74.88753 136
74.90765 139
74.92776 145
74.94787 158
74.96799 157
74.9881 149
75.00822 127
