3.00117 20671
3.02128 20517
3.0414 20033
3.06151 19170
3.08162 18888
3.10174 18080
3.12185 17664
3.14197 17397
3.16208 16493
3.18219 16564
3.20231 15747
3.22242 15462
3.24253 15114
3.26265 14432
3.28276 13844
3.30288 13550
3.32299 12935
3.3431 12688
3.36322 12091
3.38333 12128
3.40344 11418
3.42356 11031
3.44367 10817
3.46379 10266
3.4839 10162
3.50401 9927
3.52413 9247
3.54424 9281
3.56435 8581
3.58447 8465
3.60458 7964
3.62469 7750
3.64481 7634
3.66492 7014
3.68504 7055
3.70515 6639
3.72526 6455
3.74538 6370
3.76549 5851
3.7856 5708
3.80572 5499
3.82583 5265
3.84595 5210
3.86606 4629
3.88617 4482
3.90629 4439
3.9264 4265
3.94651 4063
3.96663 3702
3.98674 3673
4.00686 3459
4.02697 3321
4.04708 3299
4.0672 2958
4.08731 2959
4.10742 2866
4.12754 2730
4.14765 2544
4.16776 2476
4.18788 2301
4.20799 2328
4.22811 2118
4.24822 2146
4.26833 1911
4.28845 1956
4.30856 2005
4.32867 1819
4.34879 1847
4.3689 1634
4.38902 1644
4.40913 1622
4.42924 1596
4.44936 1631
4.46947 1385
4.48958 1447
4.5097 1339
4.52981 1355
4.54992 1291
4.57004 1265
4.59015 1221
4.61027 1294
4.63038 1220
4.65049 1185
4.67061 1088
4.69072 1150
4.71083 1104
4.73095 1064
4.75106 1098
4.77118 1041
4.79129 976
4.8114 1020
4.83152 981
4.85163 1022
4.87174 845
4.89186 905
4.91197 907
4.93209 878
4.9522 837
4.97231 756
4.99243 837
5.01254 843
5.03265 760
5.05277 772
5.07288 801
5.09299 665
5.11311 735
5.13322 702
5.15334 675
5.17345 715
5.19356 655
5.21368 673
5.23379 628
5.2539 619
5.27402 610
5.29413 578
5.31425 567
5.33436 590
5.35447 533
5.37459 571
5.3947 535
5.41481 530
5.43493 537
5.45504 476
5.47516 517
5.49527 528
5.51538 483
5.5355 475
5.55561 460
5.57572 443
5.59584 472
5.61595 439
5.63606 463
5.65618 442
5.67629 471
5.69641 448
5.71652 437
5.73663 401
5.75675 389
5.77686 406
5.79697 364
5.81709 363
5.8372 427
5.85732 349
5.87743 374
5.89754 351
5.91766 356
5.93777 385
5.95788 329
5.978 374
5.99811 348
6.01823 362
6.03834 334
6.05845 364
6.07857 324
6.09868 373
6.11879 336
6.13891 334
6.15902 294
6.17913 347
6.19925 342
6.21936 326
6.23948 301
6.25959 336
6.2797 331
6.29982 308
6.31993 353
6.34004 334
6.36016 292
6.38027 336
6.40039 323
6.4205 381
6.44061 341
6.46073 319
6.48084 265
6.50095 338
6.52107 304
6.54118 317
6.56129 299
6.58141 316
6.60152 313
6.62164 312
6.64175 323
6.66186 302
6.68198 296
6.70209 291
6.7222 293
6.74232 300
6.76243 319
6.78255 317
6.80266 286
6.82277 351
6.84289 320
6.863 281
6.88311 329
6.90323 255
6.92334 308
6.94346 331
6.96357 339
6.98368 286
7.0038 309
7.02391 313
7.04402 280
7.06414 344
7.08425 310
7.10436 327
7.12448 305
7.14459 307
7.16471 311
7.18482 311
7.20493 304
7.22505 295
7.24516 309
7.26527 315
7.28539 343
7.3055 332
7.32562 346
7.34573 310
7.36584 332
7.38596 316
7.40607 320
7.42618 288
7.4463 326
7.46641 355
7.48653 311
7.50664 334
7.52675 290
7.54687 357
7.56698 308
7.58709 306
7.60721 335
7.62732 358
7.64743 333
7.66755 313
7.68766 342
7.70778 314
7.72789 336
7.748 298
7.76812 322
7.78823 296
7.80834 316
7.82846 312
7.84857 360
7.86869 316
7.8888 344
7.90891 321
7.92903 296
7.94914 359
7.96925 340
7.98937 295
8.00948 335
8.0296 349
8.04971 338
8.06982 338
8.08994 346
8.11005 321
8.13016 309
8.15028 325
8.17039 307
8.1905 337
8.21062 328
8.23073 355
8.25085 336
8.27096 353
8.29107 307
8.31119 334
8.3313 385
8.35141 334
8.37153 331
8.39164 304
8.41176 366
8.43187 365
8.45198 376
8.4721 356
8.49221 364
8.51232 399
8.53244 386
8.55255 387
8.57266 388
8.59278 400
8.61289 395
8.63301 416
8.65312 421
8.67323 456
8.69335 474
8.71346 481
8.73357 495
8.75369 589
8.7738 633
8.79392 705
8.81403 902
8.83414 950
8.85426 1049
8.87437 1188
8.89448 1239
8.9146 1154
8.93471 966
8.95483 797
8.97494 643
8.99505 512
9.01517 429
9.03528 375
9.05539 368
9.07551 340
9.09562 370
9.11573 341
9.13585 359
9.15596 336
9.17608 373
9.19619 357
9.2163 292
9.23642 355
9.25653 337
9.27664 316
9.29676 320
9.31687 288
9.33699 304
9.3571 303
9.37721 328
9.39733 281
9.41744 311
9.43755 306
9.45767 332
9.47778 302
9.4979 314
9.51801 304
9.53812 313
9.55824 301
9.57835 269
9.59846 324
9.61858 282
9.63869 339
9.6588 293
9.67892 316
9.69903 320
9.71915 305
9.73926 312
9.75937 291
9.77949 296
9.7996 324
9.81971 302
9.83983 292
9.85994 307
9.88006 320
9.90017 288
9.92028 309
9.9404 336
9.96051 288
9.98062 289
10.00074 310
10.02085 308
10.04097 308
10.06108 302
10.08119 312
10.10131 298
10.12142 305
10.14153 268
10.16165 328
10.18176 279
10.20187 355
10.22199 254
10.2421 287
10.26222 307
10.28233 287
10.30244 304
10.32256 300
10.34267 323
10.36278 330
10.3829 267
10.40301 341
10.42313 309
10.44324 296
10.46335 284
10.48347 297
10.50358 284
10.52369 313
10.54381 284
10.56392 275
10.58403 290
10.60415 309
10.62426 293
10.64438 290
10.66449 316
10.6846 282
10.70472 271
10.72483 275
10.74494 273
10.76506 284
10.78517 273
10.80529 307
10.8254 290
10.84551 289
10.86563 255
10.88574 297
10.90585 308
10.92597 288
10.94608 309
10.9662 311
10.98631 272
11.00642 289
11.02654 301
11.04665 305
11.06676 268
11.08688 306
11.10699 295
11.1271 291
11.14722 319
11.16733 286
11.18745 290
11.20756 294
11.22767 307
11.24779 303
11.2679 292
11.28801 278
11.30813 306
11.32824 295
11.34836 306
11.36847 294
11.38858 320
11.4087 303
11.42881 318
11.44892 287
11.46904 311
11.48915 287
11.50927 312
11.52938 299
11.54949 296
11.56961 302
11.58972 308
11.60983 287
11.62995 282
11.65006 308
11.67017 318
11.69029 317
11.7104 326
11.73052 299
11.75063 315
11.77074 292
11.79086 302
11.81097 278
11.83108 297
11.8512 278
11.87131 303
11.89143 322
11.91154 314
11.93165 328
11.95177 317
11.97188 295
11.99199 308
12.01211 313
12.03222 317
12.05234 326
12.07245 341
12.09256 321
12.11268 340
12.13279 320
12.1529 328
12.17302 316
12.19313 354
12.21324 343
12.23336 350
12.25347 378
12.27359 332
12.2937 317
12.31381 321
12.33393 344
12.35404 314
12.37415 342
12.39427 312
12.41438 309
12.4345 309
12.45461 334
12.47472 323
12.49484 309
12.51495 321
12.53506 296
12.55518 295
12.57529 340
12.5954 324
12.61552 298
12.63563 345
12.65575 292
12.67586 315
12.69597 296
12.71609 302
12.7362 270
12.75631 284
12.77643 281
12.79654 295
12.81666 289
12.83677 296
12.85688 288
12.877 301
12.89711 296
12.91722 273
12.93734 295
12.95745 271
12.97757 316
12.99768 302
13.01779 288
13.03791 271
13.05802 304
13.07813 267
13.09825 268
13.11836 260
13.13847 298
13.15859 306
13.1787 278
13.19882 277
13.21893 289
13.23904 264
13.25916 249
13.27927 288
13.29938 310
13.3195 297
13.33961 319
13.35973 329
13.37984 265
13.39995 285
13.42007 309
13.44018 292
13.46029 287
13.48041 263
13.50052 267
13.52064 286
13.54075 278
13.56086 285
13.58098 275
13.60109 327
13.6212 291
13.64132 335
13.66143 314
13.68154 279
13.70166 301
13.72177 285
13.74189 279
13.762 283
13.78211 288
13.80223 285
13.82234 317
13.84245 307
13.86257 310
13.88268 345
13.9028 321
13.92291 314
13.94302 284
13.96314 268
13.98325 294
14.00336 319
14.02348 268
14.04359 284
14.06371 321
14.08382 303
14.10393 276
14.12405 261
14.14416 255
14.16427 275
14.18439 276
14.2045 292
14.22461 290
14.24473 271
14.26484 278
14.28496 308
14.30507 278
14.32518 327
14.3453 272
14.36541 268
14.38552 241
14.40564 267
14.42575 281
14.44587 262
14.46598 276
14.48609 258
14.50621 262
14.52632 293
14.54643 260
14.56655 269
14.58666 227
14.60677 245
14.62689 272
14.647 236
14.66712 309
14.68723 260
14.70734 280
14.72746 266
14.74757 262
14.76768 271
14.7878 278
14.80791 258
14.82803 289
14.84814 271
14.86825 238
14.88837 272
14.90848 275
14.92859 286
14.94871 300
14.96882 318
14.98894 296
15.00905 288
15.02916 270
15.04928 280
15.06939 267
15.0895 308
15.10962 296
15.12973 261
15.14984 258
15.16996 256
15.19007 308
15.21019 271
15.2303 253
15.25041 282
15.27053 269
15.29064 258
15.31075 295
15.33087 300
15.35098 268
15.3711 263
15.39121 263
15.41132 235
15.43144 253
15.45155 238
15.47166 278
15.49178 245
15.51189 284
15.53201 290
15.55212 301
15.57223 247
15.59235 270
15.61246 285
15.63257 247
15.65269 285
15.6728 281
15.69291 276
15.71303 252
15.73314 255
15.75326 243
15.77337 267
15.79348 280
15.8136 290
15.83371 296
15.85382 263
15.87394 249
15.89405 292
15.91417 269
15.93428 290
15.95439 259
15.97451 278
15.99462 266
16.01473 262
16.03485 244
16.05496 251
16.07508 262
16.09519 251
16.1153 270
16.13542 281
16.15553 258
16.17564 259
16.19576 279
16.21587 262
16.23598 253
16.2561 258
16.27621 259
16.29633 229
16.31644 272
16.33655 242
16.35667 284
16.37678 280
16.39689 254
16.41701 242
16.43712 262
16.45724 271
16.47735 226
16.49746 271
16.51758 211
16.53769 268
16.5578 249
16.57792 269
16.59803 252
16.61814 264
16.63826 279
16.65837 289
16.67849 290
16.6986 269
16.71871 265
16.73883 238
16.75894 265
16.77905 272
16.79917 269
16.81928 270
16.8394 262
16.85951 289
16.87962 301
16.89974 277
16.91985 260
16.93996 245
16.96008 267
16.98019 249
17.00031 246
17.02042 267
17.04053 261
17.06065 277
17.08076 232
17.10087 245
17.12099 308
17.1411 261
17.16121 279
17.18133 243
17.20144 260
17.22156 271
17.24167 271
17.26178 265
17.2819 290
17.30201 270
17.32212 232
17.34224 264
17.36235 222
17.38247 222
17.40258 264
17.42269 255
17.44281 257
17.46292 266
17.48303 287
17.50315 287
17.52326 262
17.54338 299
17.56349 297
17.5836 242
17.60372 276
17.62383 293
17.64394 289
17.66406 290
17.68417 324
17.70428 295
17.7244 315
17.74451 359
17.76463 364
17.78474 403
17.80485 398
17.82497 412
17.84508 401
17.86519 304
17.88531 304
17.90542 299
17.92554 285
17.94565 299
17.96576 258
17.98588 275
18.00599 292
18.0261 273
18.04622 282
18.06633 265
18.08645 233
18.10656 247
18.12667 263
18.14679 260
18.1669 268
18.18701 223
18.20713 289
18.22724 260
18.24735 262
18.26747 220
18.28758 258
18.3077 275
18.32781 261
18.34792 279
18.36804 295
18.38815 258
18.40826 244
18.42838 292
18.44849 252
18.46861 263
18.48872 272
18.50883 253
18.52895 270
18.54906 252
18.56917 263
18.58929 269
18.6094 255
18.62951 264
18.64963 258
18.66974 249
18.68986 284
18.70997 266
18.73008 304
18.7502 273
18.77031 264
18.79042 283
18.81054 294
18.83065 272
18.85077 293
18.87088 271
18.89099 255
18.91111 288
18.93122 246
18.95133 266
18.97145 271
18.99156 250
19.01168 264
19.03179 248
19.0519 281
19.07202 295
19.09213 254
19.11224 264
19.13236 292
19.15247 273
19.17258 273
19.1927 299
19.21281 276
19.23293 316
19.25304 342
19.27315 277
19.29327 361
19.31338 349
19.33349 338
19.35361 319
19.37372 325
19.39384 328
19.41395 309
19.43406 304
19.45418 340
19.47429 304
19.4944 343
19.51452 343
19.53463 372
19.55475 355
19.57486 392
19.59497 423
19.61509 430
19.6352 457
19.65531 469
19.67543 506
19.69554 503
19.71565 587
19.73577 587
19.75588 623
19.776 705
19.79611 673
19.81622 685
19.83634 585
19.85645 537
19.87656 527
19.89668 469
19.91679 423
19.93691 381
19.95702 375
19.97713 373
19.99725 365
20.01736 387
20.03747 373
20.05759 376
20.0777 395
20.09782 397
20.11793 392
20.13804 416
20.15816 371
20.17827 382
20.19838 375
20.2185 384
20.23861 396
20.25872 374
20.27884 369
20.29895 433
20.31907 373
20.33918 374
20.35929 360
20.37941 403
20.39952 387
20.41963 399
20.43975 410
20.45986 412
20.47998 427
20.50009 448
20.5202 498
20.54032 490
20.56043 471
20.58054 522
20.60066 561
20.62077 604
20.64088 552
20.661 612
20.68111 697
20.70123 825
20.72134 971
20.74145 1293
20.76157 1690
20.78168 2259
20.80179 3100
20.82191 3984
20.84202 4657
20.86214 5080
20.88225 4945
20.90236 3921
20.92248 2917
20.94259 2108
20.9627 1395
20.98282 919
21.00293 746
21.02305 690
21.04316 626
21.06327 588
21.08339 547
21.1035 528
21.12361 487
21.14373 417
21.16384 412
21.18395 423
21.20407 424
21.22418 372
21.2443 423
21.26441 377
21.28452 357
21.30464 397
21.32475 376
21.34486 358
21.36498 316
21.38509 385
21.40521 373
21.42532 343
21.44543 419
21.46555 394
21.48566 408
21.50577 400
21.52589 392
21.546 407
21.56612 380
21.58623 374
21.60634 402
21.62646 354
21.64657 342
21.66668 352
21.6868 374
21.70691 354
21.72702 342
21.74714 310
21.76725 367
21.78737 304
21.80748 350
21.82759 368
21.84771 366
21.86782 352
21.88793 344
21.90805 379
21.92816 424
21.94828 436
21.96839 479
21.9885 498
22.00862 528
22.02873 544
22.04884 513
22.06896 520
22.08907 440
22.10919 400
22.1293 375
22.14941 381
22.16953 359
22.18964 340
22.20975 341
22.22987 366
22.24998 355
22.27009 367
22.29021 354
22.31032 383
22.33044 343
22.35055 352
22.37066 376
22.39078 395
22.41089 356
22.431 342
22.45112 350
22.47123 349
22.49135 338
22.51146 359
22.53157 332
22.55169 335
22.5718 316
22.59191 333
22.61203 343
22.63214 363
22.65225 341
22.67237 361
22.69248 365
22.7126 426
22.73271 404
22.75282 398
22.77294 467
22.79305 446
22.81316 440
22.83328 452
22.85339 466
22.87351 452
22.89362 476
22.91373 412
22.93385 434
22.95396 387
22.97407 407
22.99419 394
23.0143 385
23.03442 406
23.05453 344
23.07464 383
23.09476 357
23.11487 345
23.13498 376
23.1551 364
23.17521 355
23.19532 354
23.21544 374
23.23555 387
23.25567 332
23.27578 365
23.29589 366
23.31601 384
23.33612 370
23.35623 322
23.37635 339
23.39646 326
23.41658 407
23.43669 358
23.4568 374
23.47692 353
23.49703 396
23.51714 415
23.53726 465
23.55737 476
23.57749 466
23.5976 460
23.61771 459
23.63783 437
23.65794 466
23.67805 482
23.69817 440
23.71828 465
23.73839 477
23.75851 499
23.77862 524
23.79874 493
23.81885 486
23.83896 472
23.85908 442
23.87919 410
23.8993 462
23.91942 413
23.93953 430
23.95965 454
23.97976 475
23.99987 490
24.01999 480
24.0401 522
24.06021 481
24.08033 550
24.10044 523
24.12056 566
24.14067 546
24.16078 513
24.1809 523
24.20101 494
24.22112 481
24.24124 446
24.26135 429
24.28146 469
24.30158 446
24.32169 395
24.34181 412
24.36192 437
24.38203 364
24.40215 383
24.42226 371
24.44237 368
24.46249 348
24.4826 362
24.50272 341
24.52283 379
24.54294 345
24.56306 354
24.58317 318
24.60328 331
24.6234 344
24.64351 354
24.66362 382
24.68374 372
24.70385 348
24.72397 352
24.74408 370
24.76419 379
24.78431 367
24.80442 332
24.82453 368
24.84465 369
24.86476 381
24.88488 396
24.90499 360
24.9251 399
24.94522 354
24.96533 384
24.98544 367
25.00556 349
25.02567 331
25.04579 372
25.0659 372
25.08601 383
25.10613 358
25.12624 362
25.14635 374
25.16647 379
25.18658 414
25.20669 404
25.22681 416
25.24692 416
25.26704 419
25.28715 468
25.30726 445
25.32738 508
25.34749 529
25.3676 557
25.38772 568
25.40783 576
25.42795 618
25.44806 595
25.46817 634
25.48829 584
25.5084 591
25.52851 535
25.54863 584
25.56874 532
25.58886 524
25.60897 524
25.62908 491
25.6492 514
25.66931 533
25.68942 483
25.70954 490
25.72965 512
25.74976 472
25.76988 494
25.78999 443
25.81011 445
25.83022 461
25.85033 457
25.87045 439
25.89056 497
25.91067 496
25.93079 462
25.9509 521
25.97102 536
25.99113 503
26.01124 506
26.03136 504
26.05147 548
26.07158 592
26.0917 565
26.11181 599
26.13193 609
26.15204 586
26.17215 668
26.19227 694
26.21238 695
26.23249 820
26.25261 831
26.27272 845
26.29283 941
26.31295 944
26.33306 1053
26.35318 1203
26.37329 1350
26.3934 1606
26.41352 1816
26.43363 2044
26.45374 2612
26.47386 3281
26.49397 4347
26.51409 5706
26.5342 7526
26.55431 9884
26.57443 13373
26.59454 17459
26.61465 20798
26.63477 22673
26.65488 21596
26.67499 17598
26.69511 13592
26.71522 10552
26.73534 7512
26.75545 4530
26.77556 2728
26.79568 2049
26.81579 1911
26.8359 1601
26.85602 1477
26.87613 1279
26.89625 1227
26.91636 1078
26.93647 1001
26.95659 902
26.9767 881
26.99681 796
27.01693 790
27.03704 762
27.05716 784
27.07727 732
27.09738 649
27.1175 660
27.13761 624
27.15772 596
27.17784 558
27.19795 518
27.21806 548
27.23818 539
27.25829 547
27.27841 542
27.29852 579
27.31863 591
27.33875 616
27.35886 678
27.37897 764
27.39909 792
27.4192 832
27.43932 820
27.45943 838
27.47954 813
27.49966 789
27.51977 798
27.53988 658
27.56 621
27.58011 567
27.60023 608
27.62034 546
27.64045 537
27.66057 563
27.68068 621
27.70079 674
27.72091 757
27.74102 811
27.76113 815
27.78125 779
27.80136 785
27.82148 833
27.84159 812
27.8617 864
27.88182 864
27.90193 870
27.92204 837
27.94216 847
27.96227 825
27.98239 788
28.0025 661
28.02261 607
28.04273 515
28.06284 495
28.08295 449
28.10307 451
28.12318 447
28.1433 498
28.16341 429
28.18352 431
28.20364 475
28.22375 438
28.24386 473
28.26398 409
28.28409 422
28.3042 417
28.32432 397
28.34443 391
28.36455 375
28.38466 378
28.40477 394
28.42489 345
28.445 356
28.46511 366
28.48523 375
28.50534 336
28.52546 351
28.54557 369
28.56568 357
28.5858 377
28.60591 356
28.62602 333
28.64614 400
28.66625 328
28.68636 342
28.70648 341
28.72659 342
28.74671 332
28.76682 320
28.78693 342
28.80705 346
28.82716 342
28.84727 323
28.86739 344
28.8875 331
28.90762 304
28.92773 322
28.94784 335
28.96796 335
28.98807 326
29.00818 358
29.0283 317
29.04841 306
29.06853 298
29.08864 312
29.10875 297
29.12887 335
29.14898 341
29.16909 340
29.18921 335
29.20932 321
29.22943 318
29.24955 338
29.26966 307
29.28978 301
29.30989 278
29.33 300
29.35012 326
29.37023 350
29.39034 374
29.41046 352
29.43057 338
29.45069 332
29.4708 370
29.49091 359
29.51103 361
29.53114 343
29.55125 375
29.57137 368
29.59148 394
29.6116 355
29.63171 386
29.65182 419
29.67194 413
29.69205 418
29.71216 467
29.73228 492
29.75239 488
29.7725 505
29.79262 533
29.81273 571
29.83285 600
29.85296 539
29.87307 546
29.89319 519
29.9133 491
29.93341 493
29.95353 405
29.97364 428
29.99376 387
30.01387 419
30.03398 429
30.0541 382
30.07421 390
30.09432 400
30.11444 367
30.13455 343
30.15467 421
30.17478 422
30.19489 407
30.21501 393
30.23512 385
30.25523 384
30.27535 352
30.29546 349
30.31557 335
30.33569 340
30.3558 351
30.37592 377
30.39603 354
30.41614 361
30.43626 365
30.45637 371
30.47648 378
30.4966 368
30.51671 377
30.53683 370
30.55694 335
30.57705 338
30.59717 335
30.61728 320
30.63739 356
30.65751 314
30.67762 370
30.69773 348
30.71785 331
30.73796 370
30.75808 355
30.77819 361
30.7983 395
30.81842 388
30.83853 379
30.85864 356
30.87876 361
30.89887 351
30.91899 381
30.9391 323
30.95921 326
30.97933 351
30.99944 334
31.01955 356
31.03967 311
31.05978 401
31.0799 366
31.10001 418
31.12012 425
31.14024 462
31.16035 435
31.18046 482
31.20058 475
31.22069 450
31.2408 428
31.26092 461
31.28103 438
31.30115 429
31.32126 351
31.34137 348
31.36149 365
31.3816 302
31.40171 334
31.42183 317
31.44194 312
31.46206 305
31.48217 324
31.50228 293
31.5224 303
31.54251 293
31.56262 284
31.58274 303
31.60285 305
31.62297 276
31.64308 319
31.66319 277
31.68331 281
31.70342 279
31.72353 306
31.74365 317
31.76376 309
31.78387 319
31.80399 301
31.8241 320
31.84422 321
31.86433 332
31.88444 311
31.90456 358
31.92467 391
31.94478 382
31.9649 406
31.98501 423
32.00513 393
32.02524 400
32.04535 418
32.06547 373
32.08558 386
32.10569 340
32.12581 349
32.14592 348
32.16604 297
32.18615 309
32.20626 299
32.22638 336
32.24649 340
32.2666 308
32.28672 305
32.30683 280
32.32694 302
32.34706 291
32.36717 328
32.38729 304
32.4074 298
32.42751 308
32.44763 321
32.46774 306
32.48785 343
32.50797 322
32.52808 295
32.5482 273
32.56831 274
32.58842 289
32.60854 300
32.62865 311
32.64876 262
32.66888 314
32.68899 266
32.7091 324
32.72922 270
32.74933 320
32.76945 297
32.78956 313
32.80967 278
32.82979 300
32.8499 324
32.87001 340
32.89013 347
32.91024 376
32.93036 346
32.95047 409
32.97058 403
32.9907 470
33.01081 488
33.03092 595
33.05104 638
33.07115 737
33.09127 694
33.11138 723
33.13149 618
33.15161 621
33.17172 556
33.19183 500
33.21195 476
33.23206 426
33.25217 359
33.27229 322
33.2924 346
33.31252 348
33.33263 328
33.35274 327
33.37286 342
33.39297 285
33.41308 297
33.4332 300
33.45331 298
33.47343 276
33.49354 276
33.51365 313
33.53377 273
33.55388 282
33.57399 280
33.59411 281
33.61422 263
33.63434 274
33.65445 278
33.67456 283
33.69468 257
33.71479 282
33.7349 290
33.75502 305
33.77513 322
33.79524 298
33.81536 300
33.83547 320
33.85559 311
33.8757 305
33.89581 330
33.91593 296
33.93604 336
33.95615 287
33.97627 342
33.99638 335
34.0165 336
34.03661 334
34.05672 349
34.07684 349
34.09695 364
34.11706 400
34.13718 379
34.15729 440
34.17741 384
34.19752 401
34.21763 413
34.23775 430
34.25786 444
34.27797 443
34.29809 463
34.3182 483
34.33831 494
34.35843 482
34.37854 486
34.39866 485
34.41877 495
34.43888 487
34.459 515
34.47911 447
34.49922 434
34.51934 436
34.53945 445
34.55957 452
34.57968 473
34.59979 427
34.61991 441
34.64002 463
34.66013 476
34.68025 485
34.70036 579
34.72047 540
34.74059 566
34.7607 607
34.78082 598
34.80093 653
34.82104 700
34.84116 642
34.86127 650
34.88138 606
34.9015 608
34.92161 543
34.94173 536
34.96184 514
34.98195 497
35.00207 442
35.02218 431
35.04229 427
35.06241 401
35.08252 388
35.10264 340
35.12275 355
35.14286 375
35.16298 387
35.18309 367
35.2032 377
35.22332 363
35.24343 353
35.26354 366
35.28366 333
35.30377 341
35.32389 408
35.344 383
35.36411 410
35.38423 361
35.40434 397
35.42445 414
35.44457 458
35.46468 472
35.4848 478
35.50491 520
35.52502 528
35.54514 588
35.56525 627
35.58536 633
35.60548 570
35.62559 587
35.64571 550
35.66582 530
35.68593 497
35.70605 468
35.72616 436
35.74627 473
35.76639 386
35.7865 386
35.80661 396
35.82673 357
35.84684 392
35.86696 331
35.88707 385
35.90718 416
35.9273 374
35.94741 400
35.96752 431
35.98764 397
36.00775 397
36.02787 403
36.04798 396
36.06809 392
36.08821 389
36.10832 401
36.12843 405
36.14855 373
36.16866 404
36.18878 360
36.20889 373
36.229 378
36.24912 379
36.26923 439
36.28934 408
36.30946 490
36.32957 473
36.34968 504
36.3698 582
36.38991 695
36.41003 740
36.43014 828
36.45025 1005
36.47037 1199
36.49048 1334
36.51059 1538
36.53071 1682
36.55082 1605
36.57094 1377
36.59105 1136
36.61116 986
36.63128 942
36.65139 814
36.6715 712
36.69162 501
36.71173 411
36.73184 417
36.75196 381
36.77207 407
36.79219 385
36.8123 362
36.83241 339
36.85253 338
36.87264 318
36.89275 382
36.91287 361
36.93298 358
36.9531 332
36.97321 326
36.99332 348
37.01344 343
37.03355 308
37.05366 343
37.07378 354
37.09389 309
37.11401 325
37.13412 340
37.15423 345
37.17435 355
37.19446 296
37.21457 337
37.23469 319
37.2548 367
37.27491 362
37.29503 370
37.31514 395
37.33526 368
37.35537 351
37.37548 362
37.3956 358
37.41571 370
37.43582 381
37.45594 367
37.47605 392
37.49617 345
37.51628 395
37.53639 413
37.55651 389
37.57662 371
37.59673 371
37.61685 408
37.63696 392
37.65708 399
37.67719 377
37.6973 363
37.71742 346
37.73753 342
37.75764 308
37.77776 306
37.79787 321
37.81798 308
37.8381 267
37.85821 298
37.87833 308
37.89844 284
37.91855 288
37.93867 309
37.95878 266
37.97889 276
37.99901 265
38.01912 274
38.03924 262
38.05935 241
38.07946 285
38.09958 280
38.11969 307
38.1398 294
38.15992 299
38.18003 309
38.20015 275
38.22026 296
38.24037 282
38.26049 272
38.2806 311
38.30071 292
38.32083 295
38.34094 289
38.36105 274
38.38117 314
38.40128 278
38.4214 304
38.44151 290
38.46162 296
38.48174 281
38.50185 275
38.52196 323
38.54208 304
38.56219 294
38.58231 303
38.60242 291
38.62253 310
38.64265 293
38.66276 293
38.68287 294
38.70299 311
38.7231 284
38.74321 278
38.76333 306
38.78344 277
38.80356 267
38.82367 291
38.84378 314
38.8639 293
38.88401 302
38.90412 279
38.92424 284
38.94435 294
38.96447 326
38.98458 312
39.00469 285
39.02481 321
39.04492 324
39.06503 318
39.08515 309
39.10526 300
39.12538 331
39.14549 374
39.1656 350
39.18572 357
39.20583 369
39.22594 387
39.24606 415
39.26617 497
39.28628 515
39.3064 614
39.32651 658
39.34663 732
39.36674 943
39.38685 1004
39.40697 1177
39.42708 1345
39.44719 1472
39.46731 1451
39.48742 1318
39.50754 1099
39.52765 963
39.54776 919
39.56788 839
39.58799 734
39.6081 601
39.62822 477
39.64833 351
39.66845 375
39.68856 379
39.70867 372
39.72879 367
39.7489 351
39.76901 327
39.78913 360
39.80924 347
39.82935 346
39.84947 335
39.86958 341
39.8897 349
39.90981 332
39.92992 325
39.95004 343
39.97015 311
39.99026 302
40.01038 358
40.03049 352
40.05061 386
40.07072 369
40.09083 408
40.11095 404
40.13106 413
40.15117 477
40.17129 549
40.1914 578
40.21152 647
40.23163 759
40.25174 830
40.27186 857
40.29197 881
40.31208 777
40.3322 669
40.35231 581
40.37242 588
40.39254 530
40.41265 478
40.43277 455
40.45288 342
40.47299 323
40.49311 329
40.51322 365
40.53333 315
40.55345 329
40.57356 312
40.59368 315
40.61379 320
40.6339 327
40.65402 333
40.67413 348
40.69424 369
40.71436 354
40.73447 375
40.75458 382
40.7747 386
40.79481 381
40.81493 367
40.83504 371
40.85515 341
40.87527 360
40.89538 324
40.91549 344
40.93561 318
40.95572 361
40.97584 283
40.99595 325
41.01606 311
41.03618 346
41.05629 311
41.0764 310
41.09652 325
41.11663 350
41.13675 321
41.15686 346
41.17697 313
41.19709 323
41.2172 354
41.23731 319
41.25743 346
41.27754 291
41.29765 331
41.31777 336
41.33788 332
41.358 297
41.37811 313
41.39822 298
41.41834 322
41.43845 292
41.45856 288
41.47868 305
41.49879 318
41.51891 266
41.53902 292
41.55913 330
41.57925 307
41.59936 289
41.61947 306
41.63959 276
41.6597 325
41.67982 333
41.69993 332
41.72004 357
41.74016 381
41.76027 342
41.78038 354
41.8005 377
41.82061 374
41.84072 364
41.86084 373
41.88095 346
41.90107 357
41.92118 387
41.94129 384
41.96141 370
41.98152 381
42.00163 359
42.02175 360
42.04186 342
42.06198 363
42.08209 355
42.1022 367
42.12232 356
42.14243 375
42.16254 421
42.18266 409
42.20277 439
42.22289 460
42.243 460
42.26311 514
42.28323 549
42.30334 621
42.32345 729
42.34357 754
42.36368 845
42.38379 971
42.40391 1085
42.42402 1125
42.44414 1232
42.46425 1051
42.48436 900
42.50448 780
42.52459 704
42.5447 712
42.56482 610
42.58493 523
42.60505 482
42.62516 375
42.64527 338
42.66539 319
42.6855 278
42.70561 313
42.72573 327
42.74584 322
42.76595 295
42.78607 303
42.80618 284
42.8263 276
42.84641 284
42.86652 267
42.88664 284
42.90675 281
42.92686 281
42.94698 270
42.96709 249
42.98721 270
43.00732 240
43.02743 274
43.04755 256
43.06766 266
43.08777 245
43.10789 244
43.128 264
43.14812 260
43.16823 268
43.18834 237
43.20846 251
43.22857 281
43.24868 299
43.2688 284
43.28891 279
43.30902 259
43.32914 262
43.34925 276
43.36937 260
43.38948 271
43.40959 273
43.42971 257
43.44982 283
43.46993 265
43.49005 260
43.51016 273
43.53028 258
43.55039 278
43.5705 278
43.59062 259
43.61073 276
43.63084 271
43.65096 248
43.67107 273
43.69119 269
43.7113 266
43.73141 270
43.75153 261
43.77164 260
43.79175 264
43.81187 270
43.83198 249
43.85209 261
43.87221 258
43.89232 231
43.91244 282
43.93255 271
43.95266 286
43.97278 274
43.99289 249
44.013 285
44.03312 235
44.05323 241
44.07335 253
44.09346 259
44.11357 242
44.13369 248
44.1538 276
44.17391 253
44.19403 249
44.21414 258
44.23426 251
44.25437 275
44.27448 298
44.2946 245
44.31471 247
44.33482 252
44.35494 236
44.37505 257
44.39516 236
44.41528 273
44.43539 265
44.45551 283
44.47562 279
44.49573 229
44.51585 255
44.53596 251
44.55607 297
44.57619 238
44.5963 254
44.61642 248
44.63653 249
44.65664 233
44.67676 242
44.69687 243
44.71698 267
44.7371 239
44.75721 273
44.77732 262
44.79744 251
44.81755 247
44.83767 259
44.85778 238
44.87789 264
44.89801 277
44.91812 252
44.93823 293
44.95835 268
44.97846 281
44.99858 272
45.01869 283
45.0388 282
45.05892 259
45.07903 273
45.09914 272
45.11926 279
45.13937 274
45.15949 288
45.1796 280
45.19971 276
45.21983 292
45.23994 307
45.26005 289
45.28017 317
45.30028 338
45.32039 317
45.34051 376
45.36062 354
45.38074 371
45.40085 399
45.42096 426
45.44108 390
45.46119 453
45.4813 390
45.50142 418
45.52153 414
45.54165 432
45.56176 444
45.58187 444
45.60199 460
45.6221 454
45.64221 480
45.66233 534
45.68244 567
45.70256 613
45.72267 711
45.74278 803
45.7629 839
45.78301 804
45.80312 797
45.82324 690
45.84335 633
45.86346 592
45.88358 591
45.90369 551
45.92381 500
45.94392 422
45.96403 395
45.98415 330
46.00426 345
46.02437 307
46.04449 271
46.0646 297
46.08472 278
46.10483 274
46.12494 246
46.14506 284
46.16517 282
46.18528 270
46.2054 264
46.22551 259
46.24563 281
46.26574 254
46.28585 265
46.30597 237
46.32608 252
46.34619 296
46.36631 304
46.38642 263
46.40653 268
46.42665 278
46.44676 288
46.46688 243
46.48699 268
46.5071 274
46.52722 248
46.54733 264
46.56744 273
46.58756 228
46.60767 223
46.62779 234
46.6479 227
46.66801 249
46.68813 218
46.70824 230
46.72835 231
46.74847 235
46.76858 222
46.78869 236
46.80881 210
46.82892 240
46.84904 230
46.86915 231
46.88926 239
46.90938 234
46.92949 253
46.9496 243
46.96972 249
46.98983 257
47.00995 269
47.03006 242
47.05017 253
47.07029 245
47.0904 265
47.11051 272
47.13063 253
47.15074 252
47.17086 257
47.19097 247
47.21108 261
47.2312 273
47.25131 252
47.27142 249
47.29154 229
47.31165 219
47.33176 246
47.35188 245
47.37199 230
47.39211 228
47.41222 240
47.43233 240
47.45245 258
47.47256 228
47.49267 264
47.51279 261
47.5329 240
47.55302 244
47.57313 240
47.59324 253
47.61336 228
47.63347 292
47.65358 227
47.6737 265
47.69381 229
47.71393 253
47.73404 259
47.75415 228
47.77427 275
47.79438 230
47.81449 243
47.83461 251
47.85472 256
47.87483 239
47.89495 248
47.91506 265
47.93518 240
47.95529 240
47.9754 227
47.99552 254
48.01563 251
48.03574 226
48.05586 251
48.07597 245
48.09609 236
48.1162 251
48.13631 238
48.15643 249
48.17654 217
48.19665 276
48.21677 246
48.23688 266
48.257 282
48.27711 271
48.29722 271
48.31734 245
48.33745 249
48.35756 243
48.37768 228
48.39779 252
48.4179 249
48.43802 239
48.45813 277
48.47825 262
48.49836 233
48.51847 241
48.53859 272
48.5587 246
48.57881 242
48.59893 227
48.61904 247
48.63916 242
48.65927 255
48.67938 246
48.6995 267
48.71961 258
48.73972 231
48.75984 249
48.77995 274
48.80006 295
48.82018 255
48.84029 282
48.86041 264
48.88052 247
48.90063 262
48.92075 279
48.94086 262
48.96097 273
48.98109 254
49.0012 267
49.02132 239
49.04143 266
49.06154 292
49.08166 268
49.10177 284
49.12188 320
49.142 301
49.16211 305
49.18223 327
49.20234 335
49.22245 317
49.24257 306
49.26268 331
49.28279 300
49.30291 355
49.32302 348
49.34313 383
49.36325 372
49.38336 358
49.40348 354
49.42359 317
49.4437 347
49.46382 334
49.48393 303
49.50404 303
49.52416 324
49.54427 307
49.56439 283
49.5845 294
49.60461 317
49.62473 308
49.64484 291
49.66495 344
49.68507 334
49.70518 343
49.7253 321
49.74541 337
49.76552 366
49.78564 329
49.80575 405
49.82586 416
49.84598 469
49.86609 501
49.8862 505
49.90632 569
49.92643 662
49.94655 664
49.96666 779
49.98677 922
50.00689 1053
50.027 1339
50.04711 1525
50.06723 1785
50.08734 1980
50.10746 2115
50.12757 2168
50.14768 1910
50.1678 1515
50.18791 1315
50.20802 1174
50.22814 1196
50.24825 1218
50.26837 1110
50.28848 915
50.30859 632
50.32871 536
50.34882 399
50.36893 376
50.38905 346
50.40916 349
50.42927 366
50.44939 338
50.4695 350
50.48962 348
50.50973 342
50.52984 351
50.54996 369
50.57007 338
50.59018 339
50.6103 368
50.63041 331
50.65053 325
50.67064 328
50.69075 317
50.71087 316
50.73098 309
50.75109 291
50.77121 294
50.79132 259
50.81143 251
50.83155 247
50.85166 243
50.87178 264
50.89189 269
50.912 261
50.93212 265
50.95223 284
50.97234 271
50.99246 246
51.01257 234
51.03269 254
51.0528 267
51.07291 266
51.09303 269
51.11314 250
51.13325 236
51.15337 263
51.17348 230
51.1936 253
51.21371 277
51.23382 246
51.25394 266
51.27405 240
51.29416 243
51.31428 233
51.33439 243
51.3545 231
51.37462 244
51.39473 229
51.41485 241
51.43496 258
51.45507 232
51.47519 240
51.4953 239
51.51541 222
51.53553 233
51.55564 240
51.57576 238
51.59587 258
51.61598 210
51.6361 235
51.65621 187
51.67632 212
51.69644 222
51.71655 255
51.73667 228
51.75678 222
51.77689 273
51.79701 229
51.81712 223
51.83723 256
51.85735 233
51.87746 219
51.89757 209
51.91769 236
51.9378 237
51.95792 208
51.97803 231
51.99814 234
52.01826 183
52.03837 252
52.05848 242
52.0786 254
52.09871 251
52.11883 267
52.13894 266
52.15905 222
52.17917 244
52.19928 257
52.21939 216
52.23951 228
52.25962 254
52.27974 240
52.29985 247
52.31996 236
52.34008 247
52.36019 204
52.3803 234
52.40042 250
52.42053 250
52.44064 249
52.46076 226
52.48087 255
52.50099 237
52.5211 242
52.54121 232
52.56133 222
52.58144 237
52.60155 239
52.62167 240
52.64178 264
52.6619 261
52.68201 231
52.70212 242
52.72224 236
52.74235 255
52.76246 265
52.78258 276
52.80269 254
52.8228 235
52.84292 252
52.86303 255
52.88315 251
52.90326 259
52.92337 233
52.94349 220
52.9636 230
52.98371 260
53.00383 241
53.02394 257
53.04406 234
53.06417 255
53.08428 245
53.1044 226
53.12451 249
53.14462 262
53.16474 282
53.18485 231
53.20497 264
53.22508 225
53.24519 260
53.26531 252
53.28542 254
53.30553 273
53.32565 264
53.34576 261
53.36587 265
53.38599 255
53.4061 249
53.42622 263
53.44633 260
53.46644 247
53.48656 270
53.50667 247
53.52678 276
53.5469 275
53.56701 281
53.58713 272
53.60724 274
53.62735 267
53.64747 251
53.66758 261
53.68769 282
53.70781 276
53.72792 286
53.74804 282
53.76815 260
53.78826 287
53.80838 322
53.82849 275
53.8486 354
53.86872 340
53.88883 348
53.90894 357
53.92906 387
53.94917 381
53.96929 397
53.9894 357
54.00951 336
54.02963 353
54.04974 346
54.06985 321
54.08997 307
54.11008 344
54.1302 339
54.15031 322
54.17042 320
54.19054 380
54.21065 316
54.23076 343
54.25088 294
54.27099 344
54.29111 332
54.31122 357
54.33133 298
54.35145 320
54.37156 291
54.39167 286
54.41179 350
54.4319 306
54.45201 297
54.47213 275
54.49224 289
54.51236 306
54.53247 312
54.55258 306
54.5727 307
54.59281 329
54.61292 332
54.63304 353
54.65315 375
54.67327 383
54.69338 421
54.71349 444
54.73361 470
54.75372 530
54.77383 681
54.79395 723
54.81406 773
54.83417 746
54.85429 780
54.8744 753
54.89452 677
54.91463 606
54.93474 562
54.95486 538
54.97497 586
54.99508 539
55.0152 532
55.03531 514
55.05543 427
55.07554 412
55.09565 404
55.11577 398
55.13588 401
55.15599 417
55.17611 416
55.19622 408
55.21634 418
55.23645 443
55.25656 478
55.27668 512
55.29679 506
55.3169 522
55.33702 459
55.35713 445
55.37724 428
55.39736 425
55.41747 380
55.43759 409
55.4577 402
55.47781 422
55.49793 373
55.51804 324
55.53815 355
55.55827 306
55.57838 358
55.5985 308
55.61861 324
55.63872 336
55.65884 331
55.67895 323
55.69906 341
55.71918 333
55.73929 331
55.75941 342
55.77952 303
55.79963 280
55.81975 280
55.83986 290
55.85997 291
55.88009 253
55.9002 270
55.92031 287
55.94043 259
55.96054 286
55.98066 274
56.00077 280
56.02088 250
56.041 259
56.06111 253
56.08122 250
56.10134 288
56.12145 246
56.14157 252
56.16168 244
56.18179 237
56.20191 228
56.22202 244
56.24213 274
56.26225 264
56.28236 275
56.30248 267
56.32259 269
56.3427 247
56.36282 258
56.38293 242
56.40304 227
56.42316 269
56.44327 264
56.46338 249
56.4835 234
56.50361 270
56.52373 262
56.54384 246
56.56395 241
56.58407 256
56.60418 249
56.62429 260
56.64441 255
56.66452 254
56.68464 242
56.70475 239
56.72486 234
56.74498 242
56.76509 240
56.7852 240
56.80532 231
56.82543 209
56.84554 293
56.86566 217
56.88577 250
56.90589 228
56.926 233
56.94611 239
56.96623 223
56.98634 240
57.00645 208
57.02657 268
57.04668 247
57.0668 272
57.08691 231
57.10702 247
57.12714 252
57.14725 260
57.16736 273
57.18748 271
57.20759 289
57.22771 273
57.24782 280
57.26793 274
57.28805 244
57.30816 256
57.32827 311
57.34839 287
57.3685 265
57.38861 268
57.40873 261
57.42884 287
57.44896 283
57.46907 284
57.48918 251
57.5093 267
57.52941 273
57.54952 265
57.56964 233
57.58975 255
57.60987 259
57.62998 222
57.65009 234
57.67021 254
57.69032 244
57.71043 232
57.73055 232
57.75066 226
57.77078 230
57.79089 240
57.811 231
57.83112 191
57.85123 230
57.87134 211
57.89146 232
57.91157 247
57.93168 224
57.9518 234
57.97191 224
57.99203 217
58.01214 208
58.03225 230
58.05237 231
58.07248 220
58.09259 219
58.11271 225
58.13282 214
58.15294 223
58.17305 235
58.19316 235
58.21328 235
58.23339 232
58.2535 226
58.27362 245
58.29373 236
58.31385 236
58.33396 231
58.35407 243
58.37419 232
58.3943 247
58.41441 228
58.43453 216
58.45464 219
58.47475 224
58.49487 239
58.51498 230
58.5351 238
58.55521 235
58.57532 223
58.59544 231
58.61555 197
58.63566 238
58.65578 216
58.67589 244
58.69601 240
58.71612 234
58.73623 216
58.75635 222
58.77646 211
58.79657 229
58.81669 248
58.8368 241
58.85691 243
58.87703 242
58.89714 257
58.91726 256
58.93737 233
58.95748 245
58.9776 278
58.99771 248
59.01782 228
59.03794 255
59.05805 244
59.07817 256
59.09828 240
59.11839 256
59.13851 256
59.15862 261
59.17873 253
59.19885 229
59.21896 256
59.23908 239
59.25919 258
59.2793 239
59.29942 256
59.31953 230
59.33964 243
59.35976 242
59.37987 240
59.39998 258
59.4201 245
59.44021 238
59.46033 288
59.48044 288
59.50055 272
59.52067 280
59.54078 281
59.56089 308
59.58101 321
59.60112 339
59.62124 367
59.64135 364
59.66146 374
59.68158 404
59.70169 399
59.7218 464
59.74192 493
59.76203 590
59.78215 619
59.80226 727
59.82237 854
59.84249 971
59.8626 1059
59.88271 1163
59.90283 1302
59.92294 1352
59.94305 1344
59.96317 1175
59.98328 999
60.0034 870
60.02351 828
60.04362 773
60.06374 842
60.08385 762
60.10396 781
60.12408 722
60.14419 579
60.16431 514
60.18442 436
60.20453 362
60.22465 336
60.24476 321
60.26487 328
60.28499 333
60.3051 296
60.32522 298
60.34533 282
60.36544 285
60.38556 279
60.40567 288
60.42578 245
60.4459 264
60.46601 277
60.48612 261
60.50624 298
60.52635 289
60.54647 251
60.56658 276
60.58669 264
60.60681 276
60.62692 250
60.64703 277
60.66715 249
60.68726 272
60.70738 253
60.72749 289
60.7476 289
60.76772 246
60.78783 238
60.80794 268
60.82806 236
60.84817 294
60.86828 274
60.8884 250
60.90851 257
60.92863 256
60.94874 274
60.96885 232
60.98897 248
61.00908 251
61.02919 253
61.04931 277
61.06942 278
61.08954 272
61.10965 283
61.12976 287
61.14988 278
61.16999 298
61.1901 302
61.21022 270
61.23033 293
61.25045 295
61.27056 317
61.29067 295
61.31079 303
61.3309 333
61.35101 318
61.37113 344
61.39124 321
61.41135 315
61.43147 321
61.45158 315
61.4717 328
61.49181 322
61.51192 305
61.53204 309
61.55215 305
61.57226 293
61.59238 272
61.61249 281
61.63261 278
61.65272 310
61.67283 267
61.69295 275
61.71306 276
61.73317 258
61.75329 287
61.7734 243
61.79352 246
61.81363 240
61.83374 250
61.85386 244
61.87397 293
61.89408 274
61.9142 247
61.93431 253
61.95442 278
61.97454 226
61.99465 288
62.01477 265
62.03488 287
62.05499 267
62.07511 270
62.09522 286
62.11533 274
62.13545 258
62.15556 280
62.17568 272
62.19579 298
62.2159 297
62.23602 310
62.25613 329
62.27624 293
62.29636 312
62.31647 311
62.33659 296
62.3567 291
62.37681 319
62.39693 296
62.41704 290
62.43715 271
62.45727 255
62.47738 277
62.49749 264
62.51761 286
62.53772 266
62.55784 266
62.57795 242
62.59806 248
62.61818 248
62.63829 232
62.6584 265
62.67852 257
62.69863 217
62.71875 233
62.73886 232
62.75897 232
62.77909 227
62.7992 230
62.81931 216
62.83943 216
62.85954 222
62.87965 230
62.89977 225
62.91988 207
62.94 244
62.96011 249
62.98022 221
63.00034 232
63.02045 241
63.04056 219
63.06068 217
63.08079 256
63.10091 200
63.12102 223
63.14113 225
63.16125 212
63.18136 218
63.20147 239
63.22159 195
63.2417 223
63.26182 230
63.28193 216
63.30204 253
63.32216 212
63.34227 237
63.36238 236
63.3825 223
63.40261 192
63.42272 215
63.44284 235
63.46295 224
63.48307 247
63.50318 239
63.52329 233
63.54341 231
63.56352 206
63.58363 259
63.60375 231
63.62386 247
63.64398 274
63.66409 249
63.6842 248
63.70432 255
63.72443 247
63.74454 311
63.76466 298
63.78477 305
63.80489 356
63.825 338
63.84511 360
63.86523 354
63.88534 401
63.90545 403
63.92557 424
63.94568 471
63.96579 469
63.98591 470
64.00602 430
64.02614 444
64.04625 435
64.06636 396
64.08648 352
64.10659 345
64.1267 360
64.14682 348
64.16693 338
64.18705 329
64.20716 319
64.22727 275
64.24739 297
64.2675 265
64.28761 248
64.30773 231
64.32784 240
64.34796 209
64.36807 258
64.38818 215
64.4083 218
64.42841 197
64.44852 218
64.46864 227
64.48875 209
64.50886 201
64.52898 199
64.54909 199
64.56921 196
64.58932 189
64.60943 216
64.62955 225
64.64966 208
64.66977 202
64.68989 199
64.71 204
64.73012 211
64.75023 190
64.77034 192
64.79046 214
64.81057 233
64.83068 221
64.8508 230
64.87091 203
64.89102 204
64.91114 217
64.93125 219
64.95137 202
64.97148 216
64.99159 217
65.01171 230
65.03182 230
65.05193 222
65.07205 223
65.09216 248
65.11228 237
65.13239 229
65.1525 226
65.17262 255
65.19273 227
65.21284 220
65.23296 224
65.25307 237
65.27319 216
65.2933 220
65.31341 233
65.33353 261
65.35364 222
65.37375 227
65.39387 224
65.41398 235
65.43409 232
65.45421 230
65.47432 254
65.49444 220
65.51455 253
65.53466 215
65.55478 235
65.57489 245
65.595 228
65.61512 202
65.63523 243
65.65535 235
65.67546 243
65.69557 256
65.71569 254
65.7358 253
65.75591 227
65.77603 263
65.79614 237
65.81626 233
65.83637 249
65.85648 218
65.8766 258
65.89671 233
65.91682 203
65.93694 227
65.95705 211
65.97716 245
65.99728 204
66.01739 242
66.03751 216
66.05762 195
66.07773 208
66.09785 197
66.11796 184
66.13807 205
66.15819 213
66.1783 198
66.19842 240
66.21853 229
66.23864 214
66.25876 208
66.27887 217
66.29898 214
66.3191 200
66.33921 229
66.35933 208
66.37944 218
66.39955 204
66.41967 220
66.43978 221
66.45989 213
66.48001 201
66.50012 216
66.52023 207
66.54035 208
66.56046 199
66.58058 190
66.60069 206
66.6208 204
66.64092 198
66.66103 227
66.68114 203
66.70126 197
66.72137 203
66.74149 212
66.7616 217
66.78171 204
66.80183 223
66.82194 191
66.84205 214
66.86217 203
66.88228 200
66.90239 206
66.92251 230
66.94262 239
66.96274 224
66.98285 238
67.00296 222
67.02308 223
67.04319 219
67.0633 212
67.08342 232
67.10353 221
67.12365 253
67.14376 241
67.16387 236
67.18399 245
67.2041 227
67.22421 244
67.24433 235
67.26444 230
67.28456 245
67.30467 271
67.32478 255
67.3449 285
67.36501 255
67.38512 271
67.40524 285
67.42535 296
67.44546 290
67.46558 306
67.48569 355
67.50581 342
67.52592 390
67.54603 432
67.56615 493
67.58626 550
67.60637 551
67.62649 626
67.6466 741
67.66672 749
67.68683 804
67.70694 849
67.72706 781
67.74717 762
67.76728 732
67.7874 600
67.80751 582
67.82763 561
67.84774 604
67.86785 638
67.88797 644
67.90808 668
67.92819 695
67.94831 684
67.96842 694
67.98853 734
68.00865 806
68.02876 810
68.04888 903
68.06899 981
68.0891 1022
68.10922 1113
68.12933 1055
68.14944 991
68.16956 944
68.18967 877
68.20979 868
68.2299 842
68.25001 960
68.27013 939
68.29024 898
68.31035 915
68.33047 854
68.35058 680
68.3707 597
68.39081 510
68.41092 533
68.43104 435
68.45115 450
68.47126 491
68.49138 449
68.51149 396
68.5316 369
68.55172 296
68.57183 273
68.59195 284
68.61206 280
68.63217 268
68.65229 225
68.6724 211
68.69251 235
68.71263 247
68.73274 226
68.75286 228
68.77297 222
68.79308 244
68.8132 224
68.83331 235
68.85342 217
68.87354 236
68.89365 241
68.91376 212
68.93388 241
68.95399 236
68.97411 245
68.99422 239
69.01433 248
69.03445 207
69.05456 241
69.07467 222
69.09479 246
69.1149 251
69.13502 238
69.15513 210
69.17524 242
69.19536 224
69.21547 225
69.23558 231
69.2557 242
69.27581 266
69.29593 253
69.31604 265
69.33615 262
69.35627 247
69.37638 267
69.39649 260
69.41661 252
69.43672 267
69.45683 230
69.47695 253
69.49706 252
69.51718 229
69.53729 245
69.5574 236
69.57752 246
69.59763 249
69.61774 236
69.63786 233
69.65797 207
69.67809 233
69.6982 221
69.71831 199
69.73843 224
69.75854 227
69.77865 211
69.79877 198
69.81888 197
69.839 221
69.85911 224
69.87922 220
69.89934 213
69.91945 215
69.93956 212
69.95968 236
69.97979 234
69.9999 224
70.02002 234
70.04013 221
70.06025 211
70.08036 208
70.10047 211
70.12059 239
70.1407 218
70.16081 229
70.18093 239
70.20104 227
70.22116 215
70.24127 221
70.26138 227
70.2815 205
70.30161 223
70.32172 227
70.34184 202
70.36195 205
70.38207 198
70.40218 246
70.42229 191
70.44241 226
70.46252 189
70.48263 214
70.50275 192
70.52286 166
70.54297 215
70.56309 203
70.5832 218
70.60332 202
70.62343 193
70.64354 194
70.66366 194
70.68377 200
70.70388 198
70.724 204
70.74411 211
70.76423 195
70.78434 199
70.80445 179
70.82457 187
70.84468 220
70.86479 205
70.88491 212
70.90502 206
70.92513 204
70.94525 204
70.96536 184
70.98548 224
71.00559 181
71.0257 207
71.04582 224
71.06593 217
71.08604 198
71.10616 218
71.12627 197
71.14639 225
71.1665 196
71.18661 219
71.20673 205
71.22684 196
71.24695 244
71.26707 218
71.28718 189
71.3073 224
71.32741 195
71.34752 204
71.36764 193
71.38775 200
71.40786 203
71.42798 211
71.44809 217
71.4682 211
71.48832 200
71.50843 222
71.52855 189
71.54866 204
71.56877 223
71.58889 204
71.609 223
71.62911 207
71.64923 171
71.66934 219
71.68946 223
71.70957 234
71.72968 249
71.7498 237
71.76991 206
71.79002 217
71.81014 211
71.83025 216
71.85037 215
71.87048 208
71.89059 237
71.91071 247
71.93082 208
71.95093 202
71.97105 227
71.99116 229
72.01127 197
72.03139 221
72.0515 232
72.07162 228
72.09173 197
72.11184 240
72.13196 233
72.15207 213
72.17218 225
72.1923 223
72.21241 233
72.23253 235
72.25264 232
72.27275 232
72.29287 231
72.31298 215
72.33309 257
72.35321 247
72.37332 234
72.39344 236
72.41355 232
72.43366 221
72.45378 206
72.47389 228
72.494 237
72.51412 221
72.53423 214
72.55434 211
72.57446 234
72.59457 238
72.61469 241
72.6348 227
72.65491 229
72.67503 238
72.69514 228
72.71525 235
72.73537 232
72.75548 221
72.7756 217
72.79571 208
72.81582 184
72.83594 209
72.85605 218
72.87616 220
72.89628 221
72.91639 225
72.9365 239
72.95662 230
72.97673 252
72.99685 225
73.01696 219
73.03707 225
73.05719 225
73.0773 210
73.09741 243
73.11753 226
73.13764 241
73.15776 214
73.17787 240
73.19798 241
73.2181 265
73.23821 280
73.25832 292
73.27844 276
73.29855 319
73.31867 317
73.33878 336
73.35889 338
73.37901 359
73.39912 402
73.41923 361
73.43935 394
73.45946 377
73.47957 363
73.49969 300
73.5198 282
73.53992 278
73.56003 283
73.58014 293
73.60026 301
73.62037 316
73.64048 306
73.6606 327
73.68071 271
73.70083 260
73.72094 217
73.74105 228
73.76117 221
73.78128 195
73.80139 187
73.82151 185
73.84162 227
73.86174 200
73.88185 224
73.90196 209
73.92208 233
73.94219 187
73.9623 213
73.98242 220
74.00253 208
74.02264 208
74.04276 183
74.06287 192
74.08299 223
74.1031 180
74.12321 212
74.14333 191
74.16344 179
74.18355 174
74.20367 204
74.22378 183
74.2439 202
74.26401 187
74.28412 214
74.30424 207
74.32435 198
74.34446 182
74.36458 223
74.38469 196
74.40481 204
74.42492 205
74.44503 184
74.46515 199
74.48526 222
74.50537 182
74.52549 202
74.5456 214
74.56571 223
74.58583 190
74.60594 177
74.62606 213
74.64617 209
74.66628 202
74.6864 216
74.70651 197
74.72662 191
74.74674 197
74.76685 214
74.78697 189
74.80708 190
74.82719 211
74.84731 202
74.86742 201
74.88753 187
74.90765 196
74.92776 222
74.94787 201
74.96799 215
74.9881 188
75.00822 189
