3.00117 20570
3.02128 20115
3.0414 19223
3.06151 18933
3.08162 18691
3.10174 17794
3.12185 17404
3.14197 16655
3.16208 16760
3.18219 15957
3.20231 15340
3.22242 15057
3.24253 14414
3.26265 13957
3.28276 13916
3.30288 12875
3.32299 13002
3.3431 12316
3.36322 12129
3.38333 11388
3.40344 11103
3.42356 11003
3.44367 10283
3.46379 10295
3.4839 9761
3.50401 9298
3.52413 9230
3.54424 8639
3.56435 8618
3.58447 8299
3.60458 7808
3.62469 7667
3.64481 7303
3.66492 7065
3.68504 6642
3.70515 6482
3.72526 6335
3.74538 5869
3.76549 5818
3.7856 5463
3.80572 5312
3.82583 5190
3.84595 4731
3.86606 4593
3.88617 4303
3.90629 4275
3.9264 4200
3.94651 3816
3.96663 3643
3.98674 3409
4.00686 3404
4.02697 3428
4.04708 3012
4.0672 2954
4.08731 2799
4.10742 2703
4.12754 2716
4.14765 2296
4.16776 2320
4.18788 2340
4.20799 2199
4.22811 2191
4.24822 1840
4.26833 1914
4.28845 1805
4.30856 1792
4.32867 1847
4.34879 1575
4.3689 1568
4.38902 1581
4.40913 1501
4.42924 1550
4.44936 1358
4.46947 1393
4.48958 1378
4.5097 1294
4.52981 1323
4.54992 1190
4.57004 1223
4.59015 1257
4.61027 1188
4.63038 1293
4.65049 1129
4.67061 1039
4.69072 1075
4.71083 1048
4.73095 1013
4.75106 992
4.77118 983
4.79129 1063
4.8114 922
4.83152 904
4.85163 897
4.87174 833
4.89186 855
4.91197 773
4.93209 782
4.9522 777
4.97231 737
4.99243 794
5.01254 772
5.03265 664
5.05277 689
5.07288 633
5.09299 667
5.11311 668
5.13322 603
5.15334 642
5.17345 587
5.19356 614
5.21368 564
5.23379 588
5.2539 512
5.27402 508
5.29413 492
5.31425 553
5.33436 498
5.35447 470
5.37459 513
5.3947 428
5.41481 486
5.43493 454
5.45504 418
5.47516 456
5.49527 404
5.51538 380
5.5355 361
5.55561 431
5.57572 357
5.59584 397
5.61595 360
5.63606 378
5.65618 335
5.67629 370
5.69641 335
5.71652 348
5.73663 323
5.75675 367
5.77686 317
5.79697 329
5.81709 321
5.8372 265
5.85732 255
5.87743 279
5.89754 300
5.91766 282
5.93777 301
5.95788 290
5.978 279
5.99811 294
6.01823 295
6.03834 249
6.05845 281
6.07857 284
6.09868 231
6.11879 258
6.13891 294
6.15902 254
6.17913 273
6.19925 269
6.21936 262
6.23948 268
6.25959 265
6.2797 236
6.29982 214
6.31993 214
6.34004 225
6.36016 229
6.38027 261
6.40039 232
6.4205 236
6.44061 227
6.46073 259
6.48084 225
6.50095 277
6.52107 242
6.54118 231
6.56129 241
6.58141 219
6.60152 212
6.62164 216
6.64175 234
6.66186 229
6.68198 194
6.70209 244
6.7222 224
6.74232 225
6.76243 210
6.78255 228
6.80266 241
6.82277 193
6.84289 207
6.863 268
6.88311 195
6.90323 239
6.92334 217
6.94346 211
6.96357 248
6.98368 226
7.0038 193
7.02391 248
7.04402 244
7.06414 247
7.08425 255
7.10436 204
7.12448 222
7.14459 239
7.16471 201
7.18482 255
7.20493 218
7.22505 201
7.24516 229
7.26527 181
7.28539 242
7.3055 236
7.32562 212
7.34573 230
7.36584 230
7.38596 244
7.40607 224
7.42618 245
7.4463 204
7.46641 208
7.48653 226
7.50664 233
7.52675 209
7.54687 205
7.56698 227
7.58709 237
7.60721 213
7.62732 223
7.64743 231
7.66755 200
7.68766 215
7.70778 229
7.72789 227
7.748 222
7.76812 245
7.78823 228
7.80834 233
7.82846 259
7.84857 259
7.86869 221
7.8888 257
7.90891 230
7.92903 222
7.94914 232
7.96925 225
7.98937 252
8.00948 228
8.0296 243
8.04971 250
8.06982 219
8.08994 226
8.11005 214
8.13016 235
8.15028 221
8.17039 211
8.1905 236
8.21062 224
8.23073 229
8.25085 224
8.27096 254
8.29107 207
8.31119 207
8.3313 251
8.35141 241
8.37153 232
8.39164 213
8.41176 241
8.43187 263
8.45198 262
8.4721 271
8.49221 230
8.51232 261
8.53244 286
8.55255 227
8.57266 243
8.59278 252
8.61289 242
8.63301 251
8.65312 247
8.67323 259
8.69335 232
8.71346 254
8.73357 251
8.75369 267
8.7738 242
8.79392 279
8.81403 227
8.83414 230
8.85426 258
8.87437 254
8.89448 266
8.9146 268
8.93471 265
8.95483 233
8.97494 259
8.99505 232
9.01517 226
9.03528 218
9.05539 264
9.07551 235
9.09562 237
9.11573 245
9.13585 252
9.15596 231
9.17608 255
9.19619 238
9.2163 233
9.23642 206
9.25653 213
9.27664 242
9.29676 272
9.31687 199
9.33699 216
9.3571 241
9.37721 251
9.39733 226
9.41744 245
9.43755 242
9.45767 257
9.47778 255
9.4979 251
9.51801 243
9.53812 237
9.55824 237
9.57835 215
9.59846 254
9.61858 232
9.63869 251
9.6588 233
9.67892 237
9.69903 205
9.71915 239
9.73926 248
9.75937 249
9.77949 284
9.7996 239
9.81971 255
9.83983 238
9.85994 238
9.88006 267
9.90017 246
9.92028 248
9.9404 224
9.96051 231
9.98062 223
10.00074 262
10.02085 224
10.04097 235
10.06108 233
10.08119 244
10.10131 241
10.12142 225
10.14153 231
10.16165 236
10.18176 240
10.20187 246
10.22199 208
10.2421 230
10.26222 224
10.28233 234
10.30244 226
10.32256 230
10.34267 245
10.36278 253
10.3829 259
10.40301 278
10.42313 242
10.44324 262
10.46335 263
10.48347 288
10.50358 245
10.52369 251
10.54381 228
10.56392 218
10.58403 233
10.60415 261
10.62426 262
10.64438 227
10.66449 207
10.6846 200
10.70472 226
10.72483 235
10.74494 242
10.76506 250
10.78517 236
10.80529 251
10.8254 211
10.84551 239
10.86563 239
10.88574 251
10.90585 262
10.92597 262
10.94608 232
10.9662 235
10.98631 227
11.00642 230
11.02654 238
11.04665 253
11.06676 213
11.08688 221
11.10699 234
11.1271 254
11.14722 247
11.16733 252
11.18745 230
11.20756 232
11.22767 239
11.24779 244
11.2679 260
11.28801 271
11.30813 256
11.32824 251
11.34836 273
11.36847 257
11.38858 260
11.4087 237
11.42881 251
11.44892 257
11.46904 254
11.48915 266
11.50927 248
11.52938 216
11.54949 270
11.56961 264
11.58972 262
11.60983 259
11.62995 253
11.65006 284
11.67017 245
11.69029 254
11.7104 263
11.73052 290
11.75063 281
11.77074 252
11.79086 319
11.81097 261
11.83108 280
11.8512 307
11.87131 266
11.89143 270
11.91154 304
11.93165 346
11.95177 296
11.97188 348
11.99199 343
12.01211 356
12.03222 391
12.05234 382
12.07245 390
12.09256 381
12.11268 388
12.13279 370
12.1529 423
12.17302 409
12.19313 444
12.21324 432
12.23336 458
12.25347 464
12.27359 458
12.2937 454
12.31381 479
12.33393 443
12.35404 400
12.37415 399
12.39427 389
12.41438 422
12.4345 422
12.45461 377
12.47472 391
12.49484 355
12.51495 320
12.53506 314
12.55518 341
12.57529 308
12.5954 333
12.61552 254
12.63563 284
12.65575 279
12.67586 281
12.69597 266
12.71609 230
12.7362 275
12.75631 256
12.77643 299
12.79654 273
12.81666 272
12.83677 233
12.85688 250
12.877 218
12.89711 251
12.91722 260
12.93734 231
12.95745 211
12.97757 234
12.99768 229
13.01779 259
13.03791 261
13.05802 236
13.07813 218
13.09825 221
13.11836 255
13.13847 213
13.15859 264
13.1787 221
13.19882 247
13.21893 204
13.23904 213
13.25916 192
13.27927 206
13.29938 206
13.3195 186
13.33961 195
13.35973 214
13.37984 220
13.39995 213
13.42007 207
13.44018 231
13.46029 230
13.48041 235
13.50052 244
13.52064 233
13.54075 226
13.56086 269
13.58098 240
13.60109 295
13.6212 271
13.64132 285
13.66143 244
13.68154 202
13.70166 234
13.72177 258
13.74189 234
13.762 238
13.78211 237
13.80223 241
13.82234 272
13.84245 263
13.86257 255
13.88268 234
13.9028 229
13.92291 236
13.94302 219
13.96314 206
13.98325 229
14.00336 189
14.02348 229
14.04359 221
14.06371 228
14.08382 205
14.10393 229
14.12405 213
14.14416 193
14.16427 204
14.18439 226
14.2045 198
14.22461 191
14.24473 201
14.26484 194
14.28496 198
14.30507 178
14.32518 206
14.3453 196
14.36541 203
14.38552 200
14.40564 188
14.42575 187
14.44587 207
14.46598 181
14.48609 198
14.50621 206
14.52632 205
14.54643 176
14.56655 209
14.58666 198
14.60677 181
14.62689 200
14.647 205
14.66712 184
14.68723 212
14.70734 209
14.72746 209
14.74757 204
14.76768 182
14.7878 190
14.80791 187
14.82803 210
14.84814 211
14.86825 199
14.88837 211
14.90848 226
14.92859 227
14.94871 234
14.96882 263
14.98894 188
15.00905 231
15.02916 207
15.04928 193
15.06939 238
15.0895 217
15.10962 206
15.12973 200
15.14984 221
15.16996 193
15.19007 203
15.21019 224
15.2303 181
15.25041 199
15.27053 214
15.29064 208
15.31075 183
15.33087 211
15.35098 199
15.3711 185
15.39121 178
15.41132 177
15.43144 192
15.45155 178
15.47166 203
15.49178 181
15.51189 189
15.53201 198
15.55212 174
15.57223 197
15.59235 157
15.61246 195
15.63257 206
15.65269 215
15.6728 198
15.69291 174
15.71303 213
15.73314 167
15.75326 189
15.77337 213
15.79348 198
15.8136 197
15.83371 190
15.85382 181
15.87394 182
15.89405 183
15.91417 194
15.93428 208
15.95439 160
15.97451 207
15.99462 177
16.01473 161
16.03485 171
16.05496 186
16.07508 188
16.09519 187
16.1153 176
16.13542 175
16.15553 202
16.17564 211
16.19576 170
16.21587 158
16.23598 197
16.2561 184
16.27621 178
16.29633 196
16.31644 206
16.33655 196
16.35667 170
16.37678 191
16.39689 180
16.41701 167
16.43712 170
16.45724 183
16.47735 196
16.49746 191
16.51758 163
16.53769 167
16.5578 205
16.57792 175
16.59803 207
16.61814 204
16.63826 166
16.65837 175
16.67849 177
16.6986 188
16.71871 192
16.73883 194
16.75894 206
16.77905 162
16.79917 173
16.81928 175
16.8394 174
16.85951 173
16.87962 170
16.89974 169
16.91985 192
16.93996 172
16.96008 186
16.98019 179
17.00031 173
17.02042 201
17.04053 196
17.06065 158
17.08076 171
17.10087 171
17.12099 179
17.1411 190
17.16121 182
17.18133 169
17.20144 194
17.22156 149
17.24167 186
17.26178 162
17.2819 168
17.30201 207
17.32212 181
17.34224 183
17.36235 171
17.38247 182
17.40258 179
17.42269 176
17.44281 204
17.46292 180
17.48303 198
17.50315 179
17.52326 172
17.54338 194
17.56349 185
17.5836 160
17.60372 159
17.62383 196
17.64394 204
17.66406 170
17.68417 176
17.70428 156
17.7244 168
17.74451 174
17.76463 184
17.78474 186
17.80485 176
17.82497 165
17.84508 172
17.86519 186
17.88531 197
17.90542 219
17.92554 149
17.94565 154
17.96576 152
17.98588 157
18.00599 155
18.0261 199
18.04622 174
18.06633 191
18.08645 174
18.10656 188
18.12667 203
18.14679 186
18.1669 162
18.18701 176
18.20713 175
18.22724 191
18.24735 181
18.26747 196
18.28758 166
18.3077 173
18.32781 152
18.34792 144
18.36804 167
18.38815 172
18.40826 161
18.42838 187
18.44849 171
18.46861 183
18.48872 177
18.50883 171
18.52895 184
18.54906 160
18.56917 172
18.58929 205
18.6094 196
18.62951 210
18.64963 185
18.66974 148
18.68986 168
18.70997 195
18.73008 223
18.7502 184
18.77031 211
18.79042 204
18.81054 203
18.83065 190
18.85077 215
18.87088 166
18.89099 189
18.91111 192
18.93122 189
18.95133 192
18.97145 180
18.99156 169
19.01168 202
19.03179 205
19.0519 192
19.07202 175
19.09213 183
19.11224 196
19.13236 181
19.15247 181
19.17258 207
19.1927 181
19.21281 206
19.23293 206
19.25304 186
19.27315 212
19.29327 241
19.31338 198
19.33349 193
19.35361 230
19.37372 185
19.39384 228
19.41395 217
19.43406 224
19.45418 197
19.47429 221
19.4944 242
19.51452 222
19.53463 212
19.55475 231
19.57486 234
19.59497 235
19.61509 228
19.6352 244
19.65531 265
19.67543 271
19.69554 271
19.71565 287
19.73577 333
19.75588 308
19.776 370
19.79611 389
19.81622 425
19.83634 442
19.85645 418
19.87656 402
19.89668 408
19.91679 431
19.93691 404
19.95702 444
19.97713 450
19.99725 378
20.01736 409
20.03747 366
20.05759 378
20.0777 365
20.09782 419
20.11793 426
20.13804 387
20.15816 379
20.17827 397
20.19838 368
20.2185 410
20.23861 392
20.25872 412
20.27884 392
20.29895 378
20.31907 407
20.33918 418
20.35929 412
20.37941 402
20.39952 430
20.41963 410
20.43975 427
20.45986 429
20.47998 484
20.50009 491
20.5202 477
20.54032 544
20.56043 512
20.58054 562
20.60066 560
20.62077 591
20.64088 696
20.661 925
20.68111 1072
20.70123 1390
20.72134 1769
20.74145 2606
20.76157 3552
20.78168 4448
20.80179 5254
20.82191 5713
20.84202 5645
20.86214 5018
20.88225 4203
20.90236 3089
20.92248 2183
20.94259 1573
20.9627 1182
20.98282 1015
21.00293 955
21.02305 850
21.04316 775
21.06327 731
21.08339 598
21.1035 578
21.12361 531
21.14373 437
21.16384 442
21.18395 397
21.20407 399
21.22418 374
21.2443 373
21.26441 377
21.28452 360
21.30464 376
21.32475 332
21.34486 341
21.36498 349
21.38509 334
21.40521 324
21.42532 372
21.44543 342
21.46555 344
21.48566 285
21.50577 283
21.52589 321
21.546 353
21.56612 318
21.58623 338
21.60634 345
21.62646 308
21.64657 322
21.66668 318
21.6868 327
21.70691 284
21.72702 291
21.74714 304
21.76725 307
21.78737 284
21.80748 330
21.82759 330
21.84771 320
21.86782 422
21.88793 454
21.90805 501
21.92816 560
21.94828 566
21.96839 543
21.9885 567
22.00862 486
22.02873 461
22.04884 406
22.06896 381
22.08907 337
22.10919 306
22.1293 307
22.14941 314
22.16953 298
22.18964 296
22.20975 332
22.22987 322
22.24998 366
22.27009 345
22.29021 367
22.31032 344
22.33044 337
22.35055 316
22.37066 290
22.39078 335
22.41089 312
22.431 287
22.45112 298
22.47123 262
22.49135 315
22.51146 290
22.53157 321
22.55169 313
22.5718 321
22.59191 299
22.61203 311
22.63214 246
22.65225 286
22.67237 301
22.69248 277
22.7126 276
22.73271 254
22.75282 295
22.77294 251
22.79305 259
22.81316 278
22.83328 288
22.85339 291
22.87351 319
22.89362 356
22.91373 358
22.93385 333
22.95396 322
22.97407 310
22.99419 345
23.0143 331
23.03442 330
23.05453 351
23.07464 340
23.09476 358
23.11487 357
23.13498 401
23.1551 380
23.17521 351
23.19532 369
23.21544 381
23.23555 362
23.25567 346
23.27578 376
23.29589 342
23.31601 295
23.33612 299
23.35623 330
23.37635 311
23.39646 302
23.41658 320
23.43669 323
23.4568 345
23.47692 317
23.49703 350
23.51714 366
23.53726 371
23.55737 432
23.57749 395
23.5976 390
23.61771 386
23.63783 376
23.65794 386
23.67805 344
23.69817 319
23.71828 325
23.73839 302
23.75851 355
23.77862 354
23.79874 381
23.81885 395
23.83896 377
23.85908 441
23.87919 515
23.8993 534
23.91942 507
23.93953 549
23.95965 574
23.97976 511
23.99987 541
24.01999 502
24.0401 407
24.06021 395
24.08033 328
24.10044 324
24.12056 342
24.14067 310
24.16078 305
24.1809 347
24.20101 364
24.22112 410
24.24124 404
24.26135 470
24.28146 438
24.30158 432
24.32169 480
24.34181 419
24.36192 403
24.38203 389
24.40215 352
24.42226 328
24.44237 321
24.46249 305
24.4826 306
24.50272 331
24.52283 329
24.54294 350
24.56306 308
24.58317 352
24.60328 381
24.6234 382
24.64351 421
24.66362 399
24.68374 424
24.70385 464
24.72397 440
24.74408 472
24.76419 457
24.78431 459
24.80442 477
24.82453 421
24.84465 434
24.86476 432
24.88488 421
24.90499 414
24.9251 387
24.94522 407
24.96533 379
24.98544 437
25.00556 389
25.02567 373
25.04579 390
25.0659 383
25.08601 347
25.10613 319
25.12624 306
25.14635 352
25.16647 355
25.18658 329
25.20669 338
25.22681 347
25.24692 317
25.26704 324
25.28715 317
25.30726 303
25.32738 348
25.34749 346
25.3676 378
25.38772 382
25.40783 381
25.42795 422
25.44806 463
25.46817 491
25.48829 532
25.5084 547
25.52851 590
25.54863 570
25.56874 555
25.58886 555
25.60897 531
25.62908 561
25.6492 512
25.66931 499
25.68942 466
25.70954 479
25.72965 442
25.74976 461
25.76988 418
25.78999 454
25.81011 405
25.83022 372
25.85033 473
25.87045 419
25.89056 420
25.91067 438
25.93079 448
25.9509 439
25.97102 462
25.99113 456
26.01124 456
26.03136 514
26.05147 534
26.07158 533
26.0917 572
26.11181 551
26.13193 606
26.15204 597
26.17215 720
26.19227 731
26.21238 779
26.23249 835
26.25261 870
26.27272 979
26.29283 1077
26.31295 1210
26.33306 1320
26.35318 1540
26.37329 1856
26.3934 2249
26.41352 2691
26.43363 3408
26.45374 4472
26.47386 5974
26.49397 8609
26.51409 11704
26.5342 15572
26.55431 19720
26.57443 23296
26.59454 25335
26.61465 25084
26.63477 22751
26.65488 19082
26.67499 14742
26.69511 10586
26.71522 7485
26.73534 4725
26.75545 2955
26.77556 2023
26.79568 1527
26.81579 1390
26.8359 1156
26.85602 1166
26.87613 1104
26.89625 1031
26.91636 890
26.93647 967
26.95659 885
26.9767 880
26.99681 853
27.01693 815
27.03704 870
27.05716 852
27.07727 768
27.09738 689
27.1175 745
27.13761 656
27.15772 594
27.17784 522
27.19795 568
27.21806 588
27.23818 576
27.25829 606
27.27841 603
27.29852 659
27.31863 734
27.33875 860
27.35886 948
27.37897 977
27.39909 1051
27.4192 1085
27.43932 1076
27.45943 1018
27.47954 948
27.49966 865
27.51977 737
27.53988 663
27.56 575
27.58011 529
27.60023 531
27.62034 544
27.64045 575
27.66057 573
27.68068 678
27.70079 686
27.72091 700
27.74102 775
27.76113 831
27.78125 771
27.80136 763
27.82148 752
27.84159 779
27.8617 707
27.88182 743
27.90193 721
27.92204 764
27.94216 779
27.96227 764
27.98239 686
28.0025 614
28.02261 546
28.04273 472
28.06284 431
28.08295 382
28.10307 377
28.12318 366
28.1433 360
28.16341 373
28.18352 389
28.20364 394
28.22375 399
28.24386 400
28.26398 378
28.28409 405
28.3042 382
28.32432 355
28.34443 335
28.36455 285
28.38466 300
28.40477 294
28.42489 278
28.445 276
28.46511 257
28.48523 281
28.50534 274
28.52546 219
28.54557 281
28.56568 305
28.5858 265
28.60591 258
28.62602 281
28.64614 234
28.66625 240
28.68636 257
28.70648 256
28.72659 238
28.74671 242
28.76682 212
28.78693 255
28.80705 284
28.82716 221
28.84727 267
28.86739 273
28.8875 260
28.90762 280
28.92773 253
28.94784 230
28.96796 267
28.98807 223
29.00818 265
29.0283 253
29.04841 241
29.06853 269
29.08864 238
29.10875 228
29.12887 220
29.14898 255
29.16909 248
29.18921 233
29.20932 257
29.22943 243
29.24955 264
29.26966 250
29.28978 283
29.30989 278
29.33 287
29.35012 283
29.37023 298
29.39034 316
29.41046 358
29.43057 352
29.45069 340
29.4708 322
29.49091 307
29.51103 324
29.53114 277
29.55125 309
29.57137 270
29.59148 268
29.6116 299
29.63171 291
29.65182 287
29.67194 292
29.69205 303
29.71216 317
29.73228 349
29.75239 295
29.7725 331
29.79262 317
29.81273 314
29.83285 301
29.85296 303
29.87307 296
29.89319 269
29.9133 268
29.93341 263
29.95353 290
29.97364 286
29.99376 328
30.01387 293
30.03398 288
30.0541 281
30.07421 333
30.09432 322
30.11444 337
30.13455 356
30.15467 342
30.17478 343
30.19489 374
30.21501 340
30.23512 330
30.25523 347
30.27535 325
30.29546 346
30.31557 391
30.33569 370
30.3558 362
30.37592 404
30.39603 324
30.41614 337
30.43626 324
30.45637 322
30.47648 293
30.4966 288
30.51671 273
30.53683 253
30.55694 281
30.57705 251
30.59717 299
30.61728 289
30.63739 302
30.65751 271
30.67762 348
30.69773 312
30.71785 391
30.73796 352
30.75808 386
30.77819 348
30.7983 355
30.81842 322
30.83853 366
30.85864 298
30.87876 292
30.89887 284
30.91899 253
30.9391 234
30.95921 244
30.97933 248
30.99944 243
31.01955 225
31.03967 214
31.05978 211
31.0799 197
31.10001 193
31.12012 235
31.14024 209
31.16035 229
31.18046 203
31.20058 222
31.22069 238
31.2408 252
31.26092 248
31.28103 243
31.30115 262
31.32126 296
31.34137 268
31.36149 267
31.3816 231
31.40171 210
31.42183 238
31.44194 179
31.46206 221
31.48217 218
31.50228 214
31.5224 212
31.54251 221
31.56262 215
31.58274 213
31.60285 213
31.62297 209
31.64308 214
31.66319 208
31.68331 220
31.70342 198
31.72353 203
31.74365 215
31.76376 199
31.78387 203
31.80399 196
31.8241 219
31.84422 218
31.86433 195
31.88444 204
31.90456 194
31.92467 195
31.94478 182
31.9649 208
31.98501 196
32.00513 235
32.02524 216
32.04535 185
32.06547 246
32.08558 226
32.10569 240
32.12581 225
32.14592 199
32.16604 251
32.18615 251
32.20626 219
32.22638 245
32.24649 256
32.2666 254
32.28672 238
32.30683 223
32.32694 248
32.34706 255
32.36717 229
32.38729 250
32.4074 236
32.42751 274
32.44763 230
32.46774 210
32.48785 230
32.50797 239
32.52808 227
32.5482 196
32.56831 191
32.58842 224
32.60854 203
32.62865 179
32.64876 177
32.66888 202
32.68899 194
32.7091 174
32.72922 205
32.74933 190
32.76945 189
32.78956 202
32.80967 209
32.82979 167
32.8499 202
32.87001 193
32.89013 199
32.91024 212
32.93036 198
32.95047 172
32.97058 198
32.9907 164
33.01081 196
33.03092 211
33.05104 186
33.07115 184
33.09127 170
33.11138 182
33.13149 195
33.15161 197
33.17172 184
33.19183 224
33.21195 189
33.23206 173
33.25217 175
33.27229 191
33.2924 194
33.31252 168
33.33263 165
33.35274 165
33.37286 199
33.39297 184
33.41308 192
33.4332 187
33.45331 174
33.47343 171
33.49354 214
33.51365 195
33.53377 144
33.55388 180
33.57399 213
33.59411 148
33.61422 193
33.63434 218
33.65445 176
33.67456 202
33.69468 229
33.71479 192
33.7349 227
33.75502 243
33.77513 247
33.79524 214
33.81536 211
33.83547 219
33.85559 203
33.8757 204
33.89581 217
33.91593 195
33.93604 229
33.95615 224
33.97627 196
33.99638 197
34.0165 187
34.03661 203
34.05672 204
34.07684 258
34.09695 237
34.11706 246
34.13718 274
34.15729 288
34.17741 275
34.19752 287
34.21763 272
34.23775 286
34.25786 292
34.27797 271
34.29809 269
34.3182 247
34.33831 257
34.35843 227
34.37854 246
34.39866 237
34.41877 219
34.43888 259
34.459 227
34.47911 208
34.49922 221
34.51934 231
34.53945 252
34.55957 212
34.57968 244
34.59979 248
34.61991 253
34.64002 275
34.66013 265
34.68025 266
34.70036 249
34.72047 279
34.74059 264
34.7607 298
34.78082 278
34.80093 312
34.82104 291
34.84116 327
34.86127 317
34.88138 343
34.9015 308
34.92161 324
34.94173 300
34.96184 298
34.98195 323
35.00207 323
35.02218 337
35.04229 308
35.06241 285
35.08252 335
35.10264 299
35.12275 322
35.14286 293
35.16298 328
35.18309 335
35.2032 351
35.22332 329
35.24343 357
35.26354 345
35.28366 344
35.30377 364
35.32389 312
35.344 350
35.36411 334
35.38423 360
35.40434 355
35.42445 334
35.44457 342
35.46468 363
35.4848 312
35.50491 357
35.52502 366
35.54514 329
35.56525 333
35.58536 327
35.60548 357
35.62559 318
35.64571 291
35.66582 306
35.68593 281
35.70605 325
35.72616 285
35.74627 322
35.76639 277
35.7865 304
35.80661 310
35.82673 303
35.84684 297
35.86696 291
35.88707 303
35.90718 291
35.9273 280
35.94741 290
35.96752 259
35.98764 280
36.00775 274
36.02787 295
36.04798 299
36.06809 278
36.08821 270
36.10832 335
36.12843 311
36.14855 308
36.16866 320
36.18878 339
36.20889 345
36.229 334
36.24912 368
36.26923 355
36.28934 378
36.30946 425
36.32957 471
36.34968 588
36.3698 668
36.38991 917
36.41003 1080
36.43014 1297
36.45025 1511
36.47037 1631
36.49048 1829
36.51059 1822
36.53071 1781
36.55082 1485
36.57094 1257
36.59105 1113
36.61116 933
36.63128 816
36.65139 597
36.6715 458
36.69162 401
36.71173 327
36.73184 335
36.75196 322
36.77207 303
36.79219 284
36.8123 290
36.83241 282
36.85253 325
36.87264 279
36.89275 295
36.91287 326
36.93298 295
36.9531 290
36.97321 304
36.99332 308
37.01344 300
37.03355 264
37.05366 283
37.07378 261
37.09389 291
37.11401 261
37.13412 231
37.15423 250
37.17435 271
37.19446 283
37.21457 236
37.23469 227
37.2548 236
37.27491 252
37.29503 247
37.31514 252
37.33526 224
37.35537 241
37.37548 242
37.3956 225
37.41571 234
37.43582 217
37.45594 245
37.47605 282
37.49617 251
37.51628 243
37.53639 288
37.55651 283
37.57662 253
37.59673 291
37.61685 271
37.63696 266
37.65708 248
37.67719 244
37.6973 230
37.71742 274
37.73753 250
37.75764 250
37.77776 252
37.79787 250
37.81798 269
37.8381 255
37.85821 256
37.87833 229
37.89844 258
37.91855 219
37.93867 220
37.95878 282
37.97889 237
37.99901 226
38.01912 256
38.03924 242
38.05935 256
38.07946 245
38.09958 240
38.11969 254
38.1398 294
38.15992 248
38.18003 242
38.20015 261
38.22026 246
38.24037 272
38.26049 280
38.2806 259
38.30071 273
38.32083 298
38.34094 269
38.36105 293
38.38117 290
38.40128 320
38.4214 291
38.44151 333
38.46162 303
38.48174 296
38.50185 325
38.52196 289
38.54208 308
38.56219 301
38.58231 287
38.60242 295
38.62253 267
38.64265 287
38.66276 247
38.68287 271
38.70299 250
38.7231 271
38.74321 271
38.76333 249
38.78344 223
38.80356 244
38.82367 270
38.84378 234
38.8639 237
38.88401 259
38.90412 255
38.92424 229
38.94435 292
38.96447 264
38.98458 277
39.00469 259
39.02481 265
39.04492 292
39.06503 329
39.08515 312
39.10526 314
39.12538 321
39.14549 313
39.1656 323
39.18572 369
39.20583 400
39.22594 453
39.24606 494
39.26617 564
39.28628 673
39.3064 789
39.32651 958
39.34663 1161
39.36674 1420
39.38685 1587
39.40697 1688
39.42708 1704
39.44719 1626
39.46731 1435
39.48742 1284
39.50754 1105
39.52765 1013
39.54776 862
39.56788 658
39.58799 524
39.6081 404
39.62822 342
39.64833 303
39.66845 318
39.68856 248
39.70867 261
39.72879 251
39.7489 213
39.76901 218
39.78913 228
39.80924 221
39.82935 214
39.84947 198
39.86958 211
39.8897 222
39.90981 225
39.92992 225
39.95004 217
39.97015 257
39.99026 264
40.01038 225
40.03049 322
40.05061 293
40.07072 365
40.09083 356
40.11095 393
40.13106 471
40.15117 556
40.17129 656
40.1914 771
40.21152 867
40.23163 909
40.25174 935
40.27186 883
40.29197 800
40.31208 732
40.3322 602
40.35231 535
40.37242 486
40.39254 407
40.41265 363
40.43277 291
40.45288 241
40.47299 292
40.49311 228
40.51322 229
40.53333 217
40.55345 204
40.57356 237
40.59368 225
40.61379 197
40.6339 202
40.65402 216
40.67413 218
40.69424 212
40.71436 233
40.73447 208
40.75458 230
40.7747 232
40.79481 216
40.81493 190
40.83504 189
40.85515 191
40.87527 218
40.89538 235
40.91549 232
40.93561 214
40.95572 189
40.97584 202
40.99595 195
41.01606 209
41.03618 196
41.05629 223
41.0764 223
41.09652 203
41.11663 190
41.13675 223
41.15686 197
41.17697 215
41.19709 191
41.2172 198
41.23731 210
41.25743 199
41.27754 214
41.29765 209
41.31777 227
41.33788 217
41.358 196
41.37811 190
41.39822 189
41.41834 203
41.43845 196
41.45856 238
41.47868 223
41.49879 221
41.51891 232
41.53902 237
41.55913 245
41.57925 198
41.59936 238
41.61947 247
41.63959 264
41.6597 288
41.67982 288
41.69993 310
41.72004 353
41.74016 351
41.76027 331
41.78038 345
41.8005 305
41.82061 311
41.84072 316
41.86084 287
41.88095 288
41.90107 307
41.92118 255
41.94129 268
41.96141 231
41.98152 226
42.00163 247
42.02175 221
42.04186 232
42.06198 230
42.08209 252
42.1022 240
42.12232 254
42.14243 265
42.16254 287
42.18266 299
42.20277 338
42.22289 431
42.243 452
42.26311 487
42.28323 585
42.30334 737
42.32345 875
42.34357 990
42.36368 1111
42.38379 1176
42.40391 1253
42.42402 1216
42.44414 1090
42.46425 927
42.48436 799
42.50448 724
42.52459 671
42.5447 543
42.56482 465
42.58493 389
42.60505 319
42.62516 274
42.64527 262
42.66539 251
42.6855 256
42.70561 263
42.72573 249
42.74584 267
42.76595 247
42.78607 253
42.80618 236
42.8263 240
42.84641 214
42.86652 221
42.88664 233
42.90675 231
42.92686 232
42.94698 221
42.96709 222
42.98721 184
43.00732 211
43.02743 207
43.04755 202
43.06766 209
43.08777 214
43.10789 187
43.128 200
43.14812 187
43.16823 194
43.18834 201
43.20846 177
43.22857 211
43.24868 189
43.2688 211
43.28891 184
43.30902 191
43.32914 189
43.34925 176
43.36937 193
43.38948 173
43.40959 204
43.42971 184
43.44982 188
43.46993 175
43.49005 189
43.51016 189
43.53028 203
43.55039 160
43.5705 202
43.59062 213
43.61073 196
43.63084 195
43.65096 184
43.67107 190
43.69119 205
43.7113 203
43.73141 171
43.75153 196
43.77164 182
43.79175 175
43.81187 164
43.83198 187
43.85209 181
43.87221 173
43.89232 179
43.91244 167
43.93255 177
43.95266 177
43.97278 170
43.99289 182
44.013 181
44.03312 205
44.05323 187
44.07335 177
44.09346 204
44.11357 193
44.13369 183
44.1538 175
44.17391 179
44.19403 184
44.21414 183
44.23426 188
44.25437 180
44.27448 193
44.2946 186
44.31471 185
44.33482 174
44.35494 166
44.37505 167
44.39516 184
44.41528 186
44.43539 192
44.45551 188
44.47562 185
44.49573 186
44.51585 192
44.53596 192
44.55607 158
44.57619 181
44.5963 184
44.61642 165
44.63653 198
44.65664 182
44.67676 183
44.69687 188
44.71698 171
44.7371 174
44.75721 192
44.77732 216
44.79744 197
44.81755 197
44.83767 169
44.85778 191
44.87789 216
44.89801 199
44.91812 198
44.93823 188
44.95835 212
44.97846 157
44.99858 204
45.01869 191
45.0388 210
45.05892 213
45.07903 173
45.09914 218
45.11926 196
45.13937 196
45.15949 194
45.1796 207
45.19971 204
45.21983 197
45.23994 200
45.26005 214
45.28017 199
45.30028 207
45.32039 204
45.34051 242
45.36062 222
45.38074 247
45.40085 260
45.42096 256
45.44108 259
45.46119 262
45.4813 281
45.50142 305
45.52153 284
45.54165 353
45.56176 374
45.58187 414
45.60199 454
45.6221 523
45.64221 580
45.66233 679
45.68244 762
45.70256 803
45.72267 938
45.74278 924
45.7629 909
45.78301 794
45.80312 686
45.82324 652
45.84335 598
45.86346 575
45.88358 456
45.90369 426
45.92381 364
45.94392 336
45.96403 272
45.98415 243
46.00426 229
46.02437 222
46.04449 204
46.0646 215
46.08472 205
46.10483 219
46.12494 232
46.14506 182
46.16517 174
46.18528 224
46.2054 207
46.22551 211
46.24563 205
46.26574 197
46.28585 188
46.30597 220
46.32608 193
46.34619 194
46.36631 204
46.38642 221
46.40653 189
46.42665 190
46.44676 186
46.46688 202
46.48699 155
46.5071 166
46.52722 181
46.54733 195
46.56744 179
46.58756 175
46.60767 193
46.62779 180
46.6479 172
46.66801 193
46.68813 187
46.70824 206
46.72835 193
46.74847 195
46.76858 186
46.78869 184
46.80881 196
46.82892 183
46.84904 184
46.86915 182
46.88926 191
46.90938 204
46.92949 183
46.9496 202
46.96972 208
46.98983 211
47.00995 183
47.03006 200
47.05017 195
47.07029 208
47.0904 212
47.11051 203
47.13063 234
47.15074 239
47.17086 198
47.19097 185
47.21108 178
47.2312 181
47.25131 193
47.27142 189
47.29154 196
47.31165 230
47.33176 185
47.35188 209
47.37199 198
47.39211 185
47.41222 234
47.43233 216
47.45245 225
47.47256 217
47.49267 189
47.51279 198
47.5329 207
47.55302 198
47.57313 198
47.59324 203
47.61336 183
47.63347 179
47.65358 196
47.6737 188
47.69381 177
47.71393 181
47.73404 177
47.75415 181
47.77427 161
47.79438 183
47.81449 184
47.83461 173
47.85472 166
47.87483 189
47.89495 174
47.91506 167
47.93518 193
47.95529 194
47.9754 192
47.99552 168
48.01563 195
48.03574 168
48.05586 189
48.07597 176
48.09609 196
48.1162 173
48.13631 178
48.15643 191
48.17654 187
48.19665 193
48.21677 217
48.23688 190
48.257 224
48.27711 195
48.29722 199
48.31734 203
48.33745 192
48.35756 175
48.37768 181
48.39779 193
48.4179 180
48.43802 167
48.45813 193
48.47825 163
48.49836 171
48.51847 192
48.53859 181
48.5587 188
48.57881 190
48.59893 208
48.61904 189
48.63916 184
48.65927 189
48.67938 220
48.6995 196
48.71961 217
48.73972 222
48.75984 235
48.77995 214
48.80006 212
48.82018 210
48.84029 209
48.86041 219
48.88052 214
48.90063 245
48.92075 229
48.94086 211
48.96097 226
48.98109 225
49.0012 215
49.02132 238
49.04143 247
49.06154 245
49.08166 246
49.10177 215
49.12188 227
49.142 225
49.16211 201
49.18223 216
49.20234 217
49.22245 215
49.24257 209
49.26268 196
49.28279 206
49.30291 185
49.32302 186
49.34313 205
49.36325 200
49.38336 215
49.40348 193
49.42359 207
49.4437 197
49.46382 213
49.48393 211
49.50404 210
49.52416 215
49.54427 204
49.56439 253
49.5845 223
49.60461 228
49.62473 215
49.64484 236
49.66495 293
49.68507 290
49.70518 281
49.7253 291
49.74541 353
49.76552 384
49.78564 394
49.80575 387
49.82586 431
49.84598 456
49.86609 511
49.8862 581
49.90632 743
49.92643 823
49.94655 989
49.96666 1203
49.98677 1461
50.00689 1805
50.027 2148
50.04711 2383
50.06723 2501
50.08734 2664
50.10746 2547
50.12757 2275
50.14768 1894
50.1678 1673
50.18791 1569
50.20802 1455
50.22814 1362
50.24825 1161
50.26837 917
50.28848 699
50.30859 528
50.32871 445
50.34882 353
50.36893 359
50.38905 365
50.40916 374
50.42927 376
50.44939 355
50.4695 375
50.48962 369
50.50973 367
50.52984 385
50.54996 368
50.57007 349
50.59018 351
50.6103 350
50.63041 328
50.65053 353
50.67064 296
50.69075 320
50.71087 283
50.73098 296
50.75109 270
50.77121 259
50.79132 253
50.81143 217
50.83155 245
50.85166 245
50.87178 236
50.89189 223
50.912 194
50.93212 193
50.95223 206
50.97234 230
50.99246 221
51.01257 191
51.03269 213
51.0528 206
51.07291 207
51.09303 194
51.11314 200
51.13325 233
51.15337 199
51.17348 203
51.1936 215
51.21371 199
51.23382 223
51.25394 215
51.27405 265
51.29416 259
51.31428 233
51.33439 210
51.3545 191
51.37462 213
51.39473 192
51.41485 212
51.43496 201
51.45507 182
51.47519 178
51.4953 184
51.51541 174
51.53553 172
51.55564 174
51.57576 153
51.59587 167
51.61598 144
51.6361 169
51.65621 137
51.67632 168
51.69644 157
51.71655 169
51.73667 162
51.75678 157
51.77689 152
51.79701 152
51.81712 139
51.83723 160
51.85735 168
51.87746 157
51.89757 160
51.91769 164
51.9378 172
51.95792 173
51.97803 133
51.99814 141
52.01826 163
52.03837 144
52.05848 162
52.0786 163
52.09871 162
52.11883 158
52.13894 175
52.15905 161
52.17917 163
52.19928 154
52.21939 175
52.23951 162
52.25962 152
52.27974 185
52.29985 181
52.31996 191
52.34008 184
52.36019 204
52.3803 174
52.40042 195
52.42053 185
52.44064 173
52.46076 159
52.48087 187
52.50099 188
52.5211 185
52.54121 185
52.56133 184
52.58144 177
52.60155 181
52.62167 200
52.64178 172
52.6619 184
52.68201 201
52.70212 188
52.72224 174
52.74235 202
52.76246 181
52.78258 185
52.80269 176
52.8228 184
52.84292 166
52.86303 187
52.88315 169
52.90326 164
52.92337 169
52.94349 170
52.9636 173
52.98371 182
53.00383 169
53.02394 209
53.04406 190
53.06417 197
53.08428 180
53.1044 187
53.12451 176
53.14462 194
53.16474 193
53.18485 207
53.20497 203
53.22508 182
53.24519 175
53.26531 164
53.28542 159
53.30553 199
53.32565 193
53.34576 172
53.36587 182
53.38599 160
53.4061 159
53.42622 155
53.44633 179
53.46644 184
53.48656 178
53.50667 193
53.52678 176
53.5469 193
53.56701 169
53.58713 166
53.60724 178
53.62735 201
53.64747 184
53.66758 188
53.68769 200
53.70781 197
53.72792 187
53.74804 192
53.76815 172
53.78826 173
53.80838 218
53.82849 194
53.8486 165
53.86872 197
53.88883 184
53.90894 207
53.92906 196
53.94917 184
53.96929 208
53.9894 211
54.00951 208
54.02963 192
54.04974 220
54.06985 195
54.08997 211
54.11008 185
54.1302 227
54.15031 198
54.17042 208
54.19054 206
54.21065 210
54.23076 179
54.25088 235
54.27099 207
54.29111 224
54.31122 218
54.33133 241
54.35145 239
54.37156 195
54.39167 212
54.41179 241
54.4319 229
54.45201 221
54.47213 258
54.49224 252
54.51236 237
54.53247 268
54.55258 260
54.5727 257
54.59281 294
54.61292 316
54.63304 324
54.65315 351
54.67327 434
54.69338 492
54.71349 512
54.73361 635
54.75372 725
54.77383 830
54.79395 887
54.81406 905
54.83417 881
54.85429 716
54.8744 682
54.89452 609
54.91463 602
54.93474 545
54.95486 541
54.97497 564
54.99508 444
55.0152 402
55.03531 382
55.05543 325
55.07554 310
55.09565 320
55.11577 329
55.13588 328
55.15599 364
55.17611 379
55.19622 474
55.21634 483
55.23645 498
55.25656 521
55.27668 538
55.29679 486
55.3169 443
55.33702 424
55.35713 391
55.37724 372
55.39736 381
55.41747 365
55.43759 354
55.4577 362
55.47781 309
55.49793 251
55.51804 227
55.53815 220
55.55827 228
55.57838 228
55.5985 177
55.61861 214
55.63872 181
55.65884 197
55.67895 199
55.69906 204
55.71918 202
55.73929 185
55.75941 189
55.77952 211
55.79963 205
55.81975 191
55.83986 192
55.85997 195
55.88009 190
55.9002 205
55.92031 172
55.94043 187
55.96054 184
55.98066 185
56.00077 180
56.02088 186
56.041 200
56.06111 206
56.08122 167
56.10134 177
56.12145 156
56.14157 203
56.16168 167
56.18179 194
56.20191 169
56.22202 180
56.24213 173
56.26225 177
56.28236 194
56.30248 182
56.32259 210
56.3427 180
56.36282 185
56.38293 164
56.40304 200
56.42316 175
56.44327 157
56.46338 166
56.4835 187
56.50361 186
56.52373 169
56.54384 173
56.56395 185
56.58407 185
56.60418 192
56.62429 194
56.64441 189
56.66452 191
56.68464 185
56.70475 195
56.72486 184
56.74498 195
56.76509 181
56.7852 188
56.80532 191
56.82543 175
56.84554 147
56.86566 165
56.88577 179
56.90589 182
56.926 166
56.94611 174
56.96623 179
56.98634 181
57.00645 179
57.02657 197
57.04668 162
57.0668 183
57.08691 201
57.10702 202
57.12714 231
57.14725 229
57.16736 228
57.18748 217
57.20759 211
57.22771 218
57.24782 209
57.26793 186
57.28805 215
57.30816 203
57.32827 229
57.34839 183
57.3685 193
57.38861 195
57.40873 214
57.42884 169
57.44896 162
57.46907 188
57.48918 200
57.5093 166
57.52941 169
57.54952 165
57.56964 195
57.58975 192
57.60987 176
57.62998 162
57.65009 167
57.67021 174
57.69032 173
57.71043 165
57.73055 183
57.75066 143
57.77078 186
57.79089 173
57.811 167
57.83112 165
57.85123 182
57.87134 171
57.89146 161
57.91157 149
57.93168 182
57.9518 173
57.97191 159
57.99203 153
58.01214 153
58.03225 179
58.05237 152
58.07248 180
58.09259 155
58.11271 203
58.13282 174
58.15294 190
58.17305 188
58.19316 164
58.21328 138
58.23339 148
58.2535 150
58.27362 169
58.29373 184
58.31385 164
58.33396 185
58.35407 165
58.37419 187
58.3943 170
58.41441 182
58.43453 174
58.45464 184
58.47475 176
58.49487 185
58.51498 172
58.5351 165
58.55521 194
58.57532 173
58.59544 162
58.61555 195
58.63566 178
58.65578 170
58.67589 179
58.69601 179
58.71612 207
58.73623 155
58.75635 180
58.77646 185
58.79657 157
58.81669 191
58.8368 172
58.85691 163
58.87703 149
58.89714 179
58.91726 194
58.93737 191
58.95748 180
58.9776 147
58.99771 152
59.01782 173
59.03794 163
59.05805 185
59.07817 177
59.09828 158
59.11839 200
59.13851 198
59.15862 196
59.17873 191
59.19885 190
59.21896 169
59.23908 195
59.25919 177
59.2793 191
59.29942 196
59.31953 191
59.33964 237
59.35976 207
59.37987 207
59.39998 210
59.4201 196
59.44021 238
59.46033 249
59.48044 238
59.50055 244
59.52067 241
59.54078 236
59.56089 265
59.58101 286
59.60112 281
59.62124 328
59.64135 362
59.66146 342
59.68158 434
59.70169 462
59.7218 590
59.74192 625
59.76203 820
59.78215 876
59.80226 1097
59.82237 1273
59.84249 1434
59.8626 1645
59.88271 1752
59.90283 1680
59.92294 1617
59.94305 1457
59.96317 1179
59.98328 1079
60.0034 991
60.02351 914
60.04362 993
60.06374 928
60.08385 868
60.10396 740
60.12408 589
60.14419 459
60.16431 354
60.18442 329
60.20453 273
60.22465 222
60.24476 255
60.26487 230
60.28499 193
60.3051 198
60.32522 205
60.34533 223
60.36544 214
60.38556 191
60.40567 175
60.42578 192
60.4459 196
60.46601 175
60.48612 200
60.50624 208
60.52635 199
60.54647 162
60.56658 183
60.58669 201
60.60681 180
60.62692 166
60.64703 174
60.66715 176
60.68726 162
60.70738 178
60.72749 179
60.7476 192
60.76772 171
60.78783 185
60.80794 186
60.82806 183
60.84817 185
60.86828 171
60.8884 175
60.90851 200
60.92863 162
60.94874 199
60.96885 178
60.98897 184
61.00908 208
61.02919 215
61.04931 190
61.06942 186
61.08954 204
61.10965 210
61.12976 194
61.14988 205
61.16999 214
61.1901 215
61.21022 196
61.23033 172
61.25045 194
61.27056 185
61.29067 187
61.31079 188
61.3309 188
61.35101 193
61.37113 195
61.39124 179
61.41135 187
61.43147 178
61.45158 156
61.4717 165
61.49181 182
61.51192 164
61.53204 168
61.55215 193
61.57226 174
61.59238 178
61.61249 154
61.63261 171
61.65272 174
61.67283 190
61.69295 191
61.71306 179
61.73317 167
61.75329 178
61.7734 180
61.79352 202
61.81363 184
61.83374 192
61.85386 186
61.87397 207
61.89408 182
61.9142 204
61.93431 206
61.95442 224
61.97454 210
61.99465 215
62.01477 214
62.03488 221
62.05499 215
62.07511 241
62.09522 233
62.11533 247
62.13545 223
62.15556 214
62.17568 268
62.19579 247
62.2159 248
62.23602 278
62.25613 242
62.27624 244
62.29636 238
62.31647 254
62.33659 232
62.3567 224
62.37681 208
62.39693 246
62.41704 225
62.43715 218
62.45727 215
62.47738 201
62.49749 197
62.51761 201
62.53772 203
62.55784 198
62.57795 193
62.59806 221
62.61818 185
62.63829 220
62.6584 188
62.67852 205
62.69863 191
62.71875 212
62.73886 198
62.75897 202
62.77909 169
62.7992 183
62.81931 194
62.83943 200
62.85954 189
62.87965 178
62.89977 206
62.91988 186
62.94 215
62.96011 226
62.98022 202
63.00034 193
63.02045 199
63.04056 205
63.06068 187
63.08079 184
63.10091 201
63.12102 196
63.14113 170
63.16125 182
63.18136 203
63.20147 197
63.22159 177
63.2417 194
63.26182 207
63.28193 177
63.30204 182
63.32216 170
63.34227 172
63.36238 184
63.3825 186
63.40261 178
63.42272 193
63.44284 185
63.46295 206
63.48307 189
63.50318 213
63.52329 199
63.54341 199
63.56352 199
63.58363 200
63.60375 206
63.62386 218
63.64398 214
63.66409 219
63.6842 241
63.70432 204
63.72443 229
63.74454 233
63.76466 263
63.78477 260
63.80489 298
63.825 269
63.84511 313
63.86523 346
63.88534 375
63.90545 386
63.92557 471
63.94568 483
63.96579 517
63.98591 494
64.00602 441
64.02614 384
64.04625 346
64.06636 327
64.08648 342
64.10659 354
64.1267 343
64.14682 316
64.16693 306
64.18705 272
64.20716 267
64.22727 225
64.24739 194
64.2675 198
64.28761 174
64.30773 198
64.32784 194
64.34796 183
64.36807 186
64.38818 164
64.4083 181
64.42841 176
64.44852 152
64.46864 160
64.48875 149
64.50886 164
64.52898 161
64.54909 158
64.56921 166
64.58932 151
64.60943 156
64.62955 169
64.64966 170
64.66977 162
64.68989 152
64.71 175
64.73012 155
64.75023 181
64.77034 162
64.79046 151
64.81057 186
64.83068 160
64.8508 155
64.87091 162
64.89102 170
64.91114 159
64.93125 179
64.95137 169
64.97148 176
64.99159 157
65.01171 180
65.03182 190
65.05193 195
65.07205 206
65.09216 179
65.11228 194
65.13239 171
65.1525 179
65.17262 172
65.19273 180
65.21284 171
65.23296 169
65.25307 169
65.27319 188
65.2933 165
65.31341 201
65.33353 206
65.35364 169
65.37375 188
65.39387 183
65.41398 208
65.43409 186
65.45421 186
65.47432 160
65.49444 183
65.51455 188
65.53466 201
65.55478 191
65.57489 186
65.595 199
65.61512 200
65.63523 225
65.65535 220
65.67546 234
65.69557 251
65.71569 243
65.7358 226
65.75591 212
65.77603 204
65.79614 225
65.81626 210
65.83637 219
65.85648 187
65.8766 178
65.89671 190
65.91682 187
65.93694 208
65.95705 180
65.97716 160
65.99728 163
66.01739 149
66.03751 160
66.05762 186
66.07773 169
66.09785 160
66.11796 186
66.13807 213
66.15819 188
66.1783 166
66.19842 172
66.21853 153
66.23864 160
66.25876 183
66.27887 204
66.29898 200
66.3191 173
66.33921 179
66.35933 179
66.37944 183
66.39955 160
66.41967 179
66.43978 201
66.45989 172
66.48001 193
66.50012 181
66.52023 155
66.54035 172
66.56046 172
66.58058 163
66.60069 188
66.6208 175
66.64092 165
66.66103 183
66.68114 185
66.70126 165
66.72137 188
66.74149 170
66.7616 176
66.78171 170
66.80183 149
66.82194 182
66.84205 173
66.86217 191
66.88228 184
66.90239 175
66.92251 167
66.94262 168
66.96274 193
66.98285 164
67.00296 170
67.02308 193
67.04319 186
67.0633 186
67.08342 189
67.10353 199
67.12365 189
67.14376 185
67.16387 217
67.18399 186
67.2041 223
67.22421 198
67.24433 188
67.26444 210
67.28456 199
67.30467 202
67.32478 226
67.3449 232
67.36501 246
67.38512 259
67.40524 254
67.42535 272
67.44546 307
67.46558 303
67.48569 342
67.50581 416
67.52592 450
67.54603 542
67.56615 621
67.58626 687
67.60637 840
67.62649 964
67.6466 1036
67.66672 1074
67.68683 1060
67.70694 1002
67.72706 913
67.74717 801
67.76728 774
67.7874 699
67.80751 699
67.82763 746
67.84774 787
67.86785 795
67.88797 818
67.90808 832
67.92819 806
67.94831 792
67.96842 862
67.98853 957
68.00865 1085
68.02876 1229
68.04888 1360
68.06899 1411
68.0891 1442
68.10922 1420
68.12933 1287
68.14944 1228
68.16956 1201
68.18967 1200
68.20979 1312
68.2299 1255
68.25001 1297
68.27013 1308
68.29024 1158
68.31035 1055
68.33047 901
68.35058 722
68.3707 618
68.39081 605
68.41092 612
68.43104 570
68.45115 526
68.47126 457
68.49138 425
68.51149 354
68.5316 298
68.55172 295
68.57183 235
68.59195 212
68.61206 254
68.63217 197
68.65229 185
68.6724 204
68.69251 174
68.71263 189
68.73274 188
68.75286 172
68.77297 178
68.79308 194
68.8132 187
68.83331 190
68.85342 172
68.87354 182
68.89365 177
68.91376 198
68.93388 176
68.95399 188
68.97411 180
68.99422 181
69.01433 159
69.03445 150
69.05456 174
69.07467 154
69.09479 183
69.1149 169
69.13502 164
69.15513 156
69.17524 168
69.19536 168
69.21547 180
69.23558 200
69.2557 183
69.27581 165
69.29593 185
69.31604 163
69.33615 156
69.35627 162
69.37638 161
69.39649 185
69.41661 164
69.43672 161
69.45683 154
69.47695 175
69.49706 146
69.51718 155
69.53729 165
69.5574 174
69.57752 164
69.59763 178
69.61774 172
69.63786 155
69.65797 189
69.67809 158
69.6982 165
69.71831 195
69.73843 165
69.75854 170
69.77865 172
69.79877 174
69.81888 167
69.839 166
69.85911 147
69.87922 165
69.89934 173
69.91945 178
69.93956 131
69.95968 153
69.97979 177
69.9999 159
70.02002 154
70.04013 160
70.06025 162
70.08036 169
70.10047 145
70.12059 152
70.1407 158
70.16081 161
70.18093 182
70.20104 162
70.22116 149
70.24127 174
70.26138 160
70.2815 155
70.30161 170
70.32172 154
70.34184 142
70.36195 148
70.38207 159
70.40218 150
70.42229 121
70.44241 157
70.46252 146
70.48263 153
70.50275 163
70.52286 161
70.54297 151
70.56309 149
70.5832 168
70.60332 154
70.62343 132
70.64354 155
70.66366 171
70.68377 160
70.70388 171
70.724 143
70.74411 148
70.76423 157
70.78434 159
70.80445 152
70.82457 175
70.84468 166
70.86479 158
70.88491 180
70.90502 163
70.92513 153
70.94525 162
70.96536 157
70.98548 152
71.00559 145
71.0257 155
71.04582 153
71.06593 150
71.08604 136
71.10616 160
71.12627 158
71.14639 156
71.1665 168
71.18661 139
71.20673 172
71.22684 171
71.24695 165
71.26707 149
71.28718 179
71.3073 177
71.32741 165
71.34752 159
71.36764 171
71.38775 177
71.40786 153
71.42798 154
71.44809 174
71.4682 176
71.48832 179
71.50843 156
71.52855 170
71.54866 171
71.56877 168
71.58889 182
71.609 152
71.62911 167
71.64923 165
71.66934 168
71.68946 176
71.70957 146
71.72968 113
71.7498 149
71.76991 156
71.79002 161
71.81014 152
71.83025 151
71.85037 122
71.87048 159
71.89059 172
71.91071 159
71.93082 142
71.95093 157
71.97105 154
71.99116 171
72.01127 162
72.03139 163
72.0515 154
72.07162 169
72.09173 157
72.11184 171
72.13196 154
72.15207 157
72.17218 170
72.1923 172
72.21241 171
72.23253 175
72.25264 156
72.27275 144
72.29287 160
72.31298 158
72.33309 172
72.35321 151
72.37332 160
72.39344 149
72.41355 146
72.43366 152
72.45378 148
72.47389 158
72.494 131
72.51412 156
72.53423 138
72.55434 195
72.57446 164
72.59457 163
72.61469 142
72.6348 150
72.65491 175
72.67503 153
72.69514 165
72.71525 175
72.73537 167
72.75548 155
72.7756 168
72.79571 177
72.81582 170
72.83594 163
72.85605 166
72.87616 133
72.89628 155
72.91639 171
72.9365 148
72.95662 171
72.97673 169
72.99685 190
73.01696 170
73.03707 178
73.05719 193
73.0773 191
73.09741 186
73.11753 191
73.13764 186
73.15776 241
73.17787 224
73.19798 216
73.2181 228
73.23821 255
73.25832 313
73.27844 316
73.29855 332
73.31867 387
73.33878 419
73.35889 439
73.37901 487
73.39912 488
73.41923 476
73.43935 475
73.45946 368
73.47957 369
73.49969 308
73.5198 287
73.53992 304
73.56003 296
73.58014 311
73.60026 352
73.62037 316
73.64048 320
73.6606 297
73.68071 291
73.70083 242
73.72094 217
73.74105 177
73.76117 175
73.78128 176
73.80139 174
73.82151 192
73.84162 164
73.86174 171
73.88185 170
73.90196 182
73.92208 180
73.94219 147
73.9623 178
73.98242 160
74.00253 162
74.02264 136
74.04276 148
74.06287 158
74.08299 163
74.1031 158
74.12321 140
74.14333 156
74.16344 155
74.18355 165
74.20367 168
74.22378 132
74.2439 150
74.26401 172
74.28412 152
74.30424 156
74.32435 166
74.34446 156
74.36458 152
74.38469 175
74.40481 146
74.42492 169
74.44503 173
74.46515 155
74.48526 178
74.50537 170
74.52549 191
74.5456 153
74.56571 178
74.58583 138
74.60594 164
74.62606 172
74.64617 169
74.66628 172
74.6864 168
74.70651 156
74.72662 179
74.74674 161
74.76685 165
74.78697 165
74.80708 169
74.82719 170
74.84731 155
74.86742 196
74.88753 166
74.90765 181
74.92776 197
74.94787 172
74.96799 168
74.9881 167
75.00822 179
