3.00117 20766
3.02128 19204
3.0414 19173
3.06151 18624
3.08162 17705
3.10174 17544
3.12185 16964
3.14197 16395
3.16208 15854
3.18219 15845
3.20231 14968
3.22242 14347
3.24253 14274
3.26265 13861
3.28276 13255
3.30288 13019
3.32299 12378
3.3431 12454
3.36322 11651
3.38333 11581
3.40344 11062
3.42356 10617
3.44367 10390
3.46379 10028
3.4839 9450
3.50401 9310
3.52413 8758
3.54424 8752
3.56435 8134
3.58447 8035
3.60458 7682
3.62469 7375
3.64481 7208
3.66492 6756
3.68504 6608
3.70515 6280
3.72526 5958
3.74538 5935
3.76549 5610
3.7856 5326
3.80572 5075
3.82583 4836
3.84595 4901
3.86606 4542
3.88617 4333
3.90629 3963
3.9264 4003
3.94651 3801
3.96663 3587
3.98674 3365
4.00686 3288
4.02697 3188
4.04708 3119
4.0672 2933
4.08731 2800
4.10742 2654
4.12754 2380
4.14765 2567
4.16776 2487
4.18788 2250
4.20799 2158
4.22811 2090
4.24822 2035
4.26833 1950
4.28845 1841
4.30856 1690
4.32867 1699
4.34879 1702
4.3689 1659
4.38902 1546
4.40913 1484
4.42924 1442
4.44936 1461
4.46947 1537
4.48958 1371
4.5097 1354
4.52981 1248
4.54992 1284
4.57004 1248
4.59015 1174
4.61027 1175
4.63038 1160
4.65049 1109
4.67061 1074
4.69072 1085
4.71083 1095
4.73095 1037
4.75106 1057
4.77118 1016
4.79129 948
4.8114 956
4.83152 924
4.85163 885
4.87174 918
4.89186 786
4.91197 822
4.93209 792
4.9522 811
4.97231 844
4.99243 733
5.01254 728
5.03265 786
5.05277 756
5.07288 752
5.09299 610
5.11311 669
5.13322 644
5.15334 624
5.17345 617
5.19356 555
5.21368 556
5.23379 620
5.2539 569
5.27402 547
5.29413 544
5.31425 501
5.33436 597
5.35447 512
5.37459 515
5.3947 492
5.41481 504
5.43493 485
5.45504 486
5.47516 471
5.49527 417
5.51538 412
5.5355 493
5.55561 439
5.57572 460
5.59584 344
5.61595 396
5.63606 354
5.65618 382
5.67629 357
5.69641 379
5.71652 337
5.73663 336
5.75675 327
5.77686 309
5.79697 332
5.81709 290
5.8372 321
5.85732 319
5.87743 310
5.89754 334
5.91766 302
5.93777 322
5.95788 347
5.978 275
5.99811 297
6.01823 281
6.03834 342
6.05845 305
6.07857 290
6.09868 238
6.11879 282
6.13891 266
6.15902 255
6.17913 283
6.19925 289
6.21936 265
6.23948 238
6.25959 287
6.2797 287
6.29982 275
6.31993 280
6.34004 293
6.36016 273
6.38027 273
6.40039 267
6.4205 258
6.44061 262
6.46073 227
6.48084 300
6.50095 243
6.52107 243
6.54118 262
6.56129 248
6.58141 242
6.60152 237
6.62164 236
6.64175 244
6.66186 225
6.68198 264
6.70209 215
6.7222 238
6.74232 231
6.76243 264
6.78255 247
6.80266 242
6.82277 240
6.84289 205
6.863 225
6.88311 219
6.90323 246
6.92334 216
6.94346 265
6.96357 217
6.98368 238
7.0038 255
7.02391 243
7.04402 231
7.06414 239
7.08425 212
7.10436 247
7.12448 243
7.14459 219
7.16471 215
7.18482 253
7.20493 247
7.22505 259
7.24516 201
7.26527 257
7.28539 262
7.3055 235
7.32562 229
7.34573 246
7.36584 222
7.38596 241
7.40607 234
7.42618 211
7.4463 226
7.46641 224
7.48653 257
7.50664 212
7.52675 236
7.54687 258
7.56698 242
7.58709 219
7.60721 290
7.62732 230
7.64743 206
7.66755 269
7.68766 262
7.70778 238
7.72789 258
7.748 235
7.76812 230
7.78823 246
7.80834 239
7.82846 274
7.84857 194
7.86869 219
7.8888 199
7.90891 216
7.92903 232
7.94914 258
7.96925 271
7.98937 235
8.00948 233
8.0296 244
8.04971 264
8.06982 265
8.08994 234
8.11005 253
8.13016 225
8.15028 258
8.17039 265
8.1905 246
8.21062 271
8.23073 270
8.25085 240
8.27096 276
8.29107 262
8.31119 251
8.3313 243
8.35141 274
8.37153 259
8.39164 284
8.41176 234
8.43187 250
8.45198 271
8.4721 252
8.49221 252
8.51232 278
8.53244 239
8.55255 281
8.57266 269
8.59278 274
8.61289 285
8.63301 271
8.65312 302
8.67323 288
8.69335 280
8.71346 305
8.73357 286
8.75369 293
8.7738 292
8.79392 282
8.81403 316
8.83414 238
8.85426 277
8.87437 259
8.89448 251
8.9146 292
8.93471 261
8.95483 255
8.97494 289
8.99505 258
9.01517 261
9.03528 232
9.05539 244
9.07551 263
9.09562 259
9.11573 223
9.13585 255
9.15596 253
9.17608 257
9.19619 245
9.2163 266
9.23642 248
9.25653 257
9.27664 259
9.29676 261
9.31687 271
9.33699 270
9.3571 259
9.37721 243
9.39733 225
9.41744 240
9.43755 233
9.45767 248
9.47778 232
9.4979 252
9.51801 268
9.53812 220
9.55824 226
9.57835 270
9.59846 219
9.61858 254
9.63869 260
9.6588 247
9.67892 215
9.69903 250
9.71915 261
9.73926 233
9.75937 237
9.77949 256
9.7996 234
9.81971 242
9.83983 251
9.85994 270
9.88006 246
9.90017 244
9.92028 253
9.9404 235
9.96051 214
9.98062 247
10.00074 260
10.02085 251
10.04097 254
10.06108 230
10.08119 273
10.10131 246
10.12142 240
10.14153 261
10.16165 241
10.18176 226
10.20187 220
10.22199 253
10.2421 269
10.26222 231
10.28233 230
10.30244 264
10.32256 256
10.34267 251
10.36278 208
10.3829 230
10.40301 241
10.42313 249
10.44324 265
10.46335 262
10.48347 254
10.50358 228
10.52369 230
10.54381 235
10.56392 228
10.58403 232
10.60415 231
10.62426 201
10.64438 237
10.66449 237
10.6846 251
10.70472 241
10.72483 220
10.74494 258
10.76506 251
10.78517 228
10.80529 254
10.8254 232
10.84551 228
10.86563 238
10.88574 230
10.90585 245
10.92597 263
10.94608 258
10.9662 219
10.98631 231
11.00642 226
11.02654 233
11.04665 236
11.06676 234
11.08688 250
11.10699 235
11.1271 233
11.14722 260
11.16733 233
11.18745 267
11.20756 239
11.22767 246
11.24779 262
11.2679 231
11.28801 242
11.30813 224
11.32824 248
11.34836 220
11.36847 217
11.38858 227
11.4087 253
11.42881 261
11.44892 258
11.46904 263
11.48915 248
11.50927 227
11.52938 292
11.54949 258
11.56961 270
11.58972 244
11.60983 233
11.62995 260
11.65006 224
11.67017 227
11.69029 247
11.7104 258
11.73052 275
11.75063 269
11.77074 273
11.79086 266
11.81097 264
11.83108 262
11.8512 272
11.87131 256
11.89143 281
11.91154 296
11.93165 282
11.95177 264
11.97188 245
11.99199 281
12.01211 279
12.03222 290
12.05234 267
12.07245 328
12.09256 306
12.11268 292
12.13279 356
12.1529 306
12.17302 312
12.19313 328
12.21324 355
12.23336 333
12.25347 382
12.27359 353
12.2937 329
12.31381 347
12.33393 291
12.35404 317
12.37415 321
12.39427 291
12.41438 273
12.4345 284
12.45461 287
12.47472 249
12.49484 253
12.51495 258
12.53506 244
12.55518 246
12.57529 259
12.5954 256
12.61552 239
12.63563 243
12.65575 234
12.67586 231
12.69597 220
12.71609 226
12.7362 224
12.75631 246
12.77643 238
12.79654 229
12.81666 211
12.83677 198
12.85688 221
12.877 244
12.89711 257
12.91722 248
12.93734 243
12.95745 228
12.97757 257
12.99768 247
13.01779 243
13.03791 298
13.05802 266
13.07813 304
13.09825 274
13.11836 300
13.13847 272
13.15859 247
13.1787 244
13.19882 243
13.21893 225
13.23904 249
13.25916 226
13.27927 224
13.29938 225
13.3195 218
13.33961 237
13.35973 256
13.37984 234
13.39995 237
13.42007 224
13.44018 236
13.46029 231
13.48041 238
13.50052 265
13.52064 263
13.54075 285
13.56086 332
13.58098 327
13.60109 313
13.6212 351
13.64132 295
13.66143 318
13.68154 267
13.70166 269
13.72177 219
13.74189 216
13.762 225
13.78211 217
13.80223 240
13.82234 258
13.84245 254
13.86257 263
13.88268 234
13.9028 249
13.92291 258
13.94302 233
13.96314 225
13.98325 219
14.00336 252
14.02348 230
14.04359 221
14.06371 242
14.08382 210
14.10393 221
14.12405 185
14.14416 227
14.16427 202
14.18439 205
14.2045 186
14.22461 197
14.24473 196
14.26484 202
14.28496 206
14.30507 210
14.32518 196
14.3453 196
14.36541 196
14.38552 181
14.40564 203
14.42575 228
14.44587 193
14.46598 215
14.48609 208
14.50621 216
14.52632 199
14.54643 203
14.56655 190
14.58666 197
14.60677 204
14.62689 200
14.647 213
14.66712 194
14.68723 226
14.70734 199
14.72746 213
14.74757 228
14.76768 246
14.7878 218
14.80791 236
14.82803 241
14.84814 294
14.86825 252
14.88837 280
14.90848 228
14.92859 285
14.94871 250
14.96882 230
14.98894 263
15.00905 234
15.02916 239
15.04928 257
15.06939 218
15.0895 248
15.10962 244
15.12973 252
15.14984 241
15.16996 229
15.19007 236
15.21019 221
15.2303 223
15.25041 216
15.27053 205
15.29064 196
15.31075 217
15.33087 193
15.35098 211
15.3711 215
15.39121 217
15.41132 208
15.43144 180
15.45155 199
15.47166 190
15.49178 220
15.51189 215
15.53201 201
15.55212 183
15.57223 197
15.59235 200
15.61246 174
15.63257 170
15.65269 202
15.6728 202
15.69291 210
15.71303 218
15.73314 205
15.75326 222
15.77337 210
15.79348 193
15.8136 178
15.83371 204
15.85382 202
15.87394 207
15.89405 165
15.91417 177
15.93428 181
15.95439 163
15.97451 191
15.99462 176
16.01473 182
16.03485 202
16.05496 193
16.07508 185
16.09519 208
16.1153 173
16.13542 177
16.15553 182
16.17564 196
16.19576 199
16.21587 182
16.23598 172
16.2561 160
16.27621 203
16.29633 173
16.31644 215
16.33655 181
16.35667 193
16.37678 193
16.39689 182
16.41701 208
16.43712 183
16.45724 194
16.47735 196
16.49746 203
16.51758 179
16.53769 217
16.5578 187
16.57792 169
16.59803 190
16.61814 188
16.63826 203
16.65837 169
16.67849 208
16.6986 208
16.71871 228
16.73883 199
16.75894 235
16.77905 192
16.79917 237
16.81928 221
16.8394 199
16.85951 203
16.87962 198
16.89974 192
16.91985 185
16.93996 171
16.96008 200
16.98019 207
17.00031 183
17.02042 171
17.04053 198
17.06065 170
17.08076 186
17.10087 181
17.12099 184
17.1411 190
17.16121 204
17.18133 200
17.20144 177
17.22156 202
17.24167 179
17.26178 224
17.2819 195
17.30201 187
17.32212 173
17.34224 198
17.36235 159
17.38247 174
17.40258 178
17.42269 193
17.44281 195
17.46292 190
17.48303 192
17.50315 194
17.52326 175
17.54338 202
17.56349 198
17.5836 211
17.60372 196
17.62383 217
17.64394 192
17.66406 190
17.68417 184
17.70428 213
17.7244 178
17.74451 180
17.76463 187
17.78474 200
17.80485 195
17.82497 196
17.84508 217
17.86519 191
17.88531 188
17.90542 171
17.92554 185
17.94565 214
17.96576 174
17.98588 185
18.00599 178
18.0261 202
18.04622 189
18.06633 199
18.08645 185
18.10656 166
18.12667 199
18.14679 187
18.1669 186
18.18701 185
18.20713 203
18.22724 178
18.24735 212
18.26747 191
18.28758 198
18.3077 200
18.32781 190
18.34792 170
18.36804 193
18.38815 193
18.40826 197
18.42838 216
18.44849 192
18.46861 182
18.48872 181
18.50883 200
18.52895 197
18.54906 207
18.56917 184
18.58929 219
18.6094 192
18.62951 182
18.64963 178
18.66974 159
18.68986 187
18.70997 162
18.73008 201
18.7502 205
18.77031 240
18.79042 214
18.81054 220
18.83065 220
18.85077 195
18.87088 208
18.89099 187
18.91111 195
18.93122 216
18.95133 193
18.97145 179
18.99156 187
19.01168 178
19.03179 189
19.0519 221
19.07202 189
19.09213 190
19.11224 186
19.13236 215
19.15247 208
19.17258 263
19.1927 239
19.21281 244
19.23293 273
19.25304 253
19.27315 224
19.29327 210
19.31338 255
19.33349 244
19.35361 213
19.37372 231
19.39384 239
19.41395 243
19.43406 257
19.45418 238
19.47429 240
19.4944 261
19.51452 256
19.53463 244
19.55475 252
19.57486 248
19.59497 269
19.61509 270
19.6352 288
19.65531 296
19.67543 300
19.69554 306
19.71565 318
19.73577 321
19.75588 347
19.776 335
19.79611 403
19.81622 383
19.83634 336
19.85645 381
19.87656 352
19.89668 355
19.91679 367
19.93691 377
19.95702 348
19.97713 360
19.99725 345
20.01736 341
20.03747 361
20.05759 372
20.0777 299
20.09782 357
20.11793 358
20.13804 351
20.15816 339
20.17827 354
20.19838 363
20.2185 352
20.23861 353
20.25872 357
20.27884 359
20.29895 363
20.31907 392
20.33918 346
20.35929 365
20.37941 347
20.39952 376
20.41963 433
20.43975 403
20.45986 419
20.47998 404
20.50009 434
20.5202 439
20.54032 429
20.56043 486
20.58054 558
20.60066 538
20.62077 706
20.64088 813
20.661 1025
20.68111 1332
20.70123 1814
20.72134 2328
20.74145 3043
20.76157 3729
20.78168 4360
20.80179 4663
20.82191 4625
20.84202 4138
20.86214 3338
20.88225 2773
20.90236 2172
20.92248 1721
20.94259 1483
20.9627 1250
20.98282 1169
21.00293 1071
21.02305 928
21.04316 828
21.06327 708
21.08339 537
21.1035 469
21.12361 422
21.14373 444
21.16384 421
21.18395 365
21.20407 370
21.22418 337
21.2443 337
21.26441 319
21.28452 340
21.30464 323
21.32475 353
21.34486 314
21.36498 379
21.38509 354
21.40521 315
21.42532 321
21.44543 316
21.46555 335
21.48566 284
21.50577 317
21.52589 337
21.546 318
21.56612 320
21.58623 308
21.60634 316
21.62646 311
21.64657 299
21.66668 288
21.6868 313
21.70691 296
21.72702 308
21.74714 290
21.76725 314
21.78737 334
21.80748 291
21.82759 304
21.84771 350
21.86782 366
21.88793 400
21.90805 391
21.92816 401
21.94828 492
21.96839 444
21.9885 409
22.00862 381
22.02873 382
22.04884 362
22.06896 337
22.08907 320
22.10919 306
22.1293 299
22.14941 321
22.16953 335
22.18964 352
22.20975 385
22.22987 379
22.24998 398
22.27009 388
22.29021 391
22.31032 384
22.33044 390
22.35055 382
22.37066 325
22.39078 354
22.41089 311
22.431 336
22.45112 313
22.47123 359
22.49135 348
22.51146 351
22.53157 318
22.55169 340
22.5718 349
22.59191 336
22.61203 299
22.63214 332
22.65225 317
22.67237 275
22.69248 296
22.7126 274
22.73271 272
22.75282 271
22.77294 291
22.79305 286
22.81316 303
22.83328 293
22.85339 314
22.87351 312
22.89362 332
22.91373 350
22.93385 386
22.95396 376
22.97407 363
22.99419 404
23.0143 391
23.03442 419
23.05453 428
23.07464 502
23.09476 490
23.11487 522
23.13498 554
23.1551 543
23.17521 531
23.19532 494
23.21544 459
23.23555 514
23.25567 436
23.27578 396
23.29589 371
23.31601 364
23.33612 378
23.35623 357
23.37635 379
23.39646 377
23.41658 416
23.43669 392
23.4568 405
23.47692 385
23.49703 402
23.51714 401
23.53726 412
23.55737 405
23.57749 401
23.5976 411
23.61771 402
23.63783 387
23.65794 401
23.67805 392
23.69817 409
23.71828 354
23.73839 389
23.75851 372
23.77862 422
23.79874 443
23.81885 413
23.83896 478
23.85908 553
23.87919 554
23.8993 581
23.91942 548
23.93953 586
23.95965 586
23.97976 610
23.99987 565
24.01999 452
24.0401 381
24.06021 388
24.08033 374
24.10044 361
24.12056 378
24.14067 365
24.16078 347
24.1809 362
24.20101 380
24.22112 421
24.24124 407
24.26135 425
24.28146 441
24.30158 429
24.32169 459
24.34181 359
24.36192 368
24.38203 367
24.40215 303
24.42226 334
24.44237 333
24.46249 288
24.4826 300
24.50272 321
24.52283 333
24.54294 355
24.56306 351
24.58317 366
24.60328 390
24.6234 335
24.64351 365
24.66362 438
24.68374 409
24.70385 423
24.72397 389
24.74408 415
24.76419 385
24.78431 363
24.80442 418
24.82453 400
24.84465 392
24.86476 374
24.88488 369
24.90499 384
24.9251 373
24.94522 394
24.96533 352
24.98544 326
25.00556 310
25.02567 334
25.04579 337
25.0659 301
25.08601 353
25.10613 282
25.12624 336
25.14635 335
25.16647 339
25.18658 344
25.20669 355
25.22681 369
25.24692 362
25.26704 395
25.28715 345
25.30726 368
25.32738 396
25.34749 446
25.3676 439
25.38772 531
25.40783 572
25.42795 616
25.44806 681
25.46817 708
25.48829 781
25.5084 714
25.52851 792
25.54863 803
25.56874 751
25.58886 760
25.60897 728
25.62908 651
25.6492 664
25.66931 601
25.68942 518
25.70954 494
25.72965 460
25.74976 451
25.76988 437
25.78999 410
25.81011 449
25.83022 440
25.85033 468
25.87045 458
25.89056 463
25.91067 466
25.93079 471
25.9509 486
25.97102 463
25.99113 458
26.01124 486
26.03136 529
26.05147 494
26.07158 569
26.0917 588
26.11181 604
26.13193 630
26.15204 739
26.17215 838
26.19227 783
26.21238 873
26.23249 1066
26.25261 1018
26.27272 1192
26.29283 1328
26.31295 1498
26.33306 1768
26.35318 2096
26.37329 2476
26.3934 2978
26.41352 3681
26.43363 4812
26.45374 6228
26.47386 8671
26.49397 11154
26.51409 13893
26.5342 16872
26.55431 19478
26.57443 20732
26.59454 20435
26.61465 18217
26.63477 15047
26.65488 11850
26.67499 8622
26.69511 5933
26.71522 3977
26.73534 2553
26.75545 1825
26.77556 1409
26.79568 1329
26.81579 1197
26.8359 1168
26.85602 1104
26.87613 1072
26.89625 1096
26.91636 1135
26.93647 1198
26.95659 1174
26.9767 1205
26.99681 1291
27.01693 1267
27.03704 1227
27.05716 1088
27.07727 1000
27.09738 962
27.1175 851
27.13761 754
27.15772 741
27.17784 724
27.19795 758
27.21806 832
27.23818 924
27.25829 961
27.27841 1059
27.29852 1159
27.31863 1311
27.33875 1452
27.35886 1563
27.37897 1669
27.39909 1735
27.4192 1729
27.43932 1643
27.45943 1440
27.47954 1326
27.49966 1079
27.51977 953
27.53988 782
27.56 675
27.58011 649
27.60023 542
27.62034 576
27.64045 508
27.66057 560
27.68068 586
27.70079 575
27.72091 588
27.74102 617
27.76113 605
27.78125 702
27.80136 567
27.82148 618
27.84159 611
27.8617 627
27.88182 656
27.90193 640
27.92204 609
27.94216 556
27.96227 552
27.98239 511
28.0025 431
28.02261 420
28.04273 383
28.06284 429
28.08295 337
28.10307 370
28.12318 363
28.1433 366
28.16341 367
28.18352 364
28.20364 337
28.22375 325
28.24386 344
28.26398 329
28.28409 307
28.3042 312
28.32432 280
28.34443 273
28.36455 311
28.38466 287
28.40477 306
28.42489 260
28.445 281
28.46511 247
28.48523 261
28.50534 284
28.52546 276
28.54557 253
28.56568 251
28.5858 293
28.60591 272
28.62602 262
28.64614 257
28.66625 267
28.68636 258
28.70648 288
28.72659 267
28.74671 249
28.76682 275
28.78693 270
28.80705 252
28.82716 241
28.84727 253
28.86739 256
28.8875 255
28.90762 240
28.92773 307
28.94784 229
28.96796 248
28.98807 280
29.00818 241
29.0283 280
29.04841 246
29.06853 288
29.08864 237
29.10875 259
29.12887 261
29.14898 260
29.16909 280
29.18921 285
29.20932 285
29.22943 298
29.24955 289
29.26966 348
29.28978 337
29.30989 379
29.33 413
29.35012 436
29.37023 440
29.39034 444
29.41046 454
29.43057 400
29.45069 435
29.4708 421
29.49091 382
29.51103 380
29.53114 371
29.55125 315
29.57137 327
29.59148 323
29.6116 345
29.63171 330
29.65182 334
29.67194 363
29.69205 361
29.71216 350
29.73228 353
29.75239 367
29.7725 396
29.79262 399
29.81273 386
29.83285 335
29.85296 370
29.87307 365
29.89319 388
29.9133 407
29.93341 387
29.95353 413
29.97364 376
29.99376 387
30.01387 453
30.03398 460
30.0541 423
30.07421 493
30.09432 482
30.11444 489
30.13455 515
30.15467 554
30.17478 518
30.19489 418
30.21501 438
30.23512 417
30.25523 394
30.27535 420
30.29546 357
30.31557 363
30.33569 367
30.3558 391
30.37592 338
30.39603 356
30.41614 355
30.43626 318
30.45637 332
30.47648 330
30.4966 307
30.51671 302
30.53683 314
30.55694 373
30.57705 361
30.59717 403
30.61728 433
30.63739 498
30.65751 513
30.67762 520
30.69773 532
30.71785 503
30.73796 486
30.75808 426
30.77819 459
30.7983 439
30.81842 434
30.83853 379
30.85864 407
30.87876 348
30.89887 299
30.91899 314
30.9391 291
30.95921 282
30.97933 265
30.99944 236
31.01955 239
31.03967 230
31.05978 238
31.0799 247
31.10001 225
31.12012 267
31.14024 249
31.16035 237
31.18046 273
31.20058 217
31.22069 269
31.2408 243
31.26092 251
31.28103 253
31.30115 273
31.32126 275
31.34137 251
31.36149 227
31.3816 227
31.40171 229
31.42183 217
31.44194 231
31.46206 220
31.48217 206
31.50228 217
31.5224 217
31.54251 236
31.56262 221
31.58274 219
31.60285 206
31.62297 227
31.64308 223
31.66319 219
31.68331 193
31.70342 244
31.72353 238
31.74365 201
31.76376 214
31.78387 207
31.80399 220
31.8241 206
31.84422 231
31.86433 217
31.88444 198
31.90456 217
31.92467 236
31.94478 231
31.9649 259
31.98501 239
32.00513 268
32.02524 258
32.04535 262
32.06547 312
32.08558 268
32.10569 258
32.12581 270
32.14592 302
32.16604 311
32.18615 276
32.20626 280
32.22638 267
32.24649 337
32.2666 298
32.28672 276
32.30683 330
32.32694 313
32.34706 303
32.36717 327
32.38729 326
32.4074 327
32.42751 311
32.44763 339
32.46774 248
32.48785 272
32.50797 244
32.52808 245
32.5482 225
32.56831 238
32.58842 212
32.60854 226
32.62865 198
32.64876 242
32.66888 220
32.68899 221
32.7091 180
32.72922 221
32.74933 200
32.76945 204
32.78956 216
32.80967 220
32.82979 214
32.8499 221
32.87001 200
32.89013 194
32.91024 188
32.93036 175
32.95047 217
32.97058 181
32.9907 208
33.01081 175
33.03092 220
33.05104 205
33.07115 224
33.09127 184
33.11138 204
33.13149 217
33.15161 184
33.17172 191
33.19183 189
33.21195 196
33.23206 193
33.25217 196
33.27229 189
33.2924 192
33.31252 196
33.33263 199
33.35274 201
33.37286 205
33.39297 200
33.41308 177
33.4332 208
33.45331 191
33.47343 165
33.49354 223
33.51365 195
33.53377 200
33.55388 194
33.57399 198
33.59411 196
33.61422 189
33.63434 175
33.65445 193
33.67456 198
33.69468 205
33.71479 194
33.7349 228
33.75502 231
33.77513 203
33.79524 223
33.81536 255
33.83547 193
33.85559 212
33.8757 228
33.89581 218
33.91593 205
33.93604 209
33.95615 235
33.97627 249
33.99638 240
34.0165 264
34.03661 276
34.05672 301
34.07684 348
34.09695 359
34.11706 403
34.13718 396
34.15729 394
34.17741 392
34.19752 400
34.21763 375
34.23775 372
34.25786 366
34.27797 352
34.29809 312
34.3182 335
34.33831 314
34.35843 303
34.37854 324
34.39866 301
34.41877 275
34.43888 302
34.459 296
34.47911 332
34.49922 325
34.51934 351
34.53945 321
34.55957 359
34.57968 348
34.59979 339
34.61991 357
34.64002 336
34.66013 354
34.68025 323
34.70036 321
34.72047 322
34.74059 328
34.7607 348
34.78082 339
34.80093 384
34.82104 330
34.84116 343
34.86127 376
34.88138 361
34.9015 390
34.92161 365
34.94173 359
34.96184 359
34.98195 370
35.00207 354
35.02218 347
35.04229 409
35.06241 356
35.08252 385
35.10264 359
35.12275 361
35.14286 378
35.16298 366
35.18309 374
35.2032 396
35.22332 326
35.24343 382
35.26354 358
35.28366 331
35.30377 350
35.32389 342
35.344 379
35.36411 361
35.38423 352
35.40434 395
35.42445 383
35.44457 373
35.46468 381
35.4848 379
35.50491 400
35.52502 373
35.54514 391
35.56525 372
35.58536 338
35.60548 335
35.62559 305
35.64571 330
35.66582 343
35.68593 314
35.70605 274
35.72616 297
35.74627 281
35.76639 323
35.7865 314
35.80661 303
35.82673 292
35.84684 304
35.86696 295
35.88707 280
35.90718 319
35.9273 285
35.94741 277
35.96752 305
35.98764 278
36.00775 261
36.02787 263
36.04798 269
36.06809 259
36.08821 288
36.10832 242
36.12843 292
36.14855 271
36.16866 297
36.18878 296
36.20889 329
36.229 367
36.24912 391
36.26923 411
36.28934 494
36.30946 481
36.32957 639
36.34968 722
36.3698 870
36.38991 1024
36.41003 1180
36.43014 1344
36.45025 1484
36.47037 1571
36.49048 1540
36.51059 1428
36.53071 1188
36.55082 1093
36.57094 924
36.59105 862
36.61116 662
36.63128 553
36.65139 443
36.6715 358
36.69162 330
36.71173 329
36.73184 297
36.75196 308
36.77207 295
36.79219 322
36.8123 289
36.83241 352
36.85253 347
36.87264 343
36.89275 354
36.91287 368
36.93298 350
36.9531 340
36.97321 324
36.99332 350
37.01344 330
37.03355 300
37.05366 303
37.07378 272
37.09389 310
37.11401 298
37.13412 296
37.15423 299
37.17435 252
37.19446 258
37.21457 237
37.23469 250
37.2548 239
37.27491 240
37.29503 269
37.31514 244
37.33526 251
37.35537 228
37.37548 248
37.3956 280
37.41571 254
37.43582 249
37.45594 261
37.47605 251
37.49617 245
37.51628 250
37.53639 243
37.55651 253
37.57662 257
37.59673 235
37.61685 269
37.63696 245
37.65708 264
37.67719 249
37.6973 247
37.71742 243
37.73753 235
37.75764 219
37.77776 237
37.79787 231
37.81798 241
37.8381 215
37.85821 230
37.87833 244
37.89844 222
37.91855 252
37.93867 246
37.95878 222
37.97889 189
37.99901 234
38.01912 228
38.03924 216
38.05935 241
38.07946 226
38.09958 229
38.11969 230
38.1398 240
38.15992 239
38.18003 276
38.20015 280
38.22026 260
38.24037 233
38.26049 279
38.2806 244
38.30071 238
38.32083 285
38.34094 282
38.36105 279
38.38117 323
38.40128 289
38.4214 326
38.44151 339
38.46162 297
38.48174 361
38.50185 325
38.52196 358
38.54208 319
38.56219 296
38.58231 307
38.60242 257
38.62253 259
38.64265 264
38.66276 244
38.68287 241
38.70299 244
38.7231 222
38.74321 235
38.76333 238
38.78344 247
38.80356 255
38.82367 240
38.84378 251
38.8639 269
38.88401 241
38.90412 219
38.92424 231
38.94435 247
38.96447 252
38.98458 278
39.00469 265
39.02481 277
39.04492 280
39.06503 278
39.08515 300
39.10526 292
39.12538 249
39.14549 312
39.1656 315
39.18572 347
39.20583 404
39.22594 476
39.24606 531
39.26617 628
39.28628 773
39.3064 919
39.32651 1016
39.34663 1169
39.36674 1328
39.38685 1404
39.40697 1374
39.42708 1325
39.44719 1200
39.46731 1027
39.48742 857
39.50754 775
39.52765 668
39.54776 529
39.56788 450
39.58799 393
39.6081 305
39.62822 249
39.64833 284
39.66845 268
39.68856 267
39.70867 240
39.72879 248
39.7489 230
39.76901 237
39.78913 225
39.80924 238
39.82935 246
39.84947 230
39.86958 256
39.8897 234
39.90981 245
39.92992 227
39.95004 258
39.97015 284
39.99026 282
40.01038 311
40.03049 334
40.05061 326
40.07072 437
40.09083 368
40.11095 504
40.13106 570
40.15117 648
40.17129 715
40.1914 754
40.21152 759
40.23163 782
40.25174 695
40.27186 703
40.29197 635
40.31208 528
40.3322 471
40.35231 440
40.37242 394
40.39254 326
40.41265 299
40.43277 245
40.45288 253
40.47299 244
40.49311 254
40.51322 209
40.53333 230
40.55345 255
40.57356 224
40.59368 220
40.61379 194
40.6339 206
40.65402 209
40.67413 227
40.69424 214
40.71436 216
40.73447 222
40.75458 226
40.7747 250
40.79481 233
40.81493 208
40.83504 196
40.85515 201
40.87527 222
40.89538 203
40.91549 225
40.93561 222
40.95572 204
40.97584 234
40.99595 197
41.01606 217
41.03618 223
41.05629 226
41.0764 212
41.09652 201
41.11663 224
41.13675 185
41.15686 222
41.17697 239
41.19709 201
41.2172 238
41.23731 216
41.25743 214
41.27754 240
41.29765 252
41.31777 242
41.33788 235
41.358 238
41.37811 202
41.39822 244
41.41834 231
41.43845 250
41.45856 252
41.47868 263
41.49879 266
41.51891 251
41.53902 273
41.55913 295
41.57925 324
41.59936 331
41.61947 358
41.63959 407
41.6597 428
41.67982 445
41.69993 439
41.72004 456
41.74016 453
41.76027 458
41.78038 431
41.8005 385
41.82061 399
41.84072 370
41.86084 321
41.88095 304
41.90107 293
41.92118 296
41.94129 250
41.96141 241
41.98152 250
42.00163 263
42.02175 246
42.04186 247
42.06198 300
42.08209 287
42.1022 271
42.12232 260
42.14243 304
42.16254 339
42.18266 345
42.20277 369
42.22289 436
42.243 556
42.26311 614
42.28323 648
42.30334 841
42.32345 864
42.34357 986
42.36368 1038
42.38379 1058
42.40391 1012
42.42402 935
42.44414 871
42.46425 731
42.48436 630
42.50448 594
42.52459 529
42.5447 431
42.56482 363
42.58493 364
42.60505 302
42.62516 325
42.64527 293
42.66539 314
42.6855 280
42.70561 292
42.72573 275
42.74584 292
42.76595 247
42.78607 262
42.80618 257
42.8263 241
42.84641 243
42.86652 240
42.88664 233
42.90675 213
42.92686 212
42.94698 203
42.96709 229
42.98721 215
43.00732 243
43.02743 209
43.04755 208
43.06766 229
43.08777 194
43.10789 229
43.128 243
43.14812 232
43.16823 207
43.18834 216
43.20846 190
43.22857 225
43.24868 193
43.2688 220
43.28891 208
43.30902 190
43.32914 195
43.34925 195
43.36937 201
43.38948 188
43.40959 212
43.42971 209
43.44982 208
43.46993 226
43.49005 211
43.51016 224
43.53028 216
43.55039 214
43.5705 180
43.59062 213
43.61073 234
43.63084 196
43.65096 192
43.67107 198
43.69119 228
43.7113 231
43.73141 200
43.75153 191
43.77164 215
43.79175 216
43.81187 208
43.83198 170
43.85209 201
43.87221 190
43.89232 191
43.91244 203
43.93255 197
43.95266 219
43.97278 216
43.99289 190
44.013 214
44.03312 218
44.05323 218
44.07335 200
44.09346 228
44.11357 211
44.13369 198
44.1538 228
44.17391 213
44.19403 206
44.21414 222
44.23426 219
44.25437 219
44.27448 190
44.2946 188
44.31471 224
44.33482 196
44.35494 184
44.37505 176
44.39516 210
44.41528 169
44.43539 192
44.45551 175
44.47562 208
44.49573 213
44.51585 223
44.53596 220
44.55607 208
44.57619 218
44.5963 168
44.61642 202
44.63653 169
44.65664 213
44.67676 186
44.69687 210
44.71698 183
44.7371 210
44.75721 207
44.77732 207
44.79744 196
44.81755 196
44.83767 204
44.85778 185
44.87789 192
44.89801 204
44.91812 207
44.93823 188
44.95835 190
44.97846 227
44.99858 206
45.01869 209
45.0388 224
45.05892 181
45.07903 220
45.09914 216
45.11926 220
45.13937 214
45.15949 217
45.1796 210
45.19971 212
45.21983 215
45.23994 207
45.26005 197
45.28017 236
45.30028 213
45.32039 278
45.34051 270
45.36062 267
45.38074 309
45.40085 283
45.42096 282
45.44108 312
45.46119 323
45.4813 331
45.50142 357
45.52153 350
45.54165 424
45.56176 432
45.58187 425
45.60199 517
45.6221 557
45.64221 672
45.66233 694
45.68244 729
45.70256 764
45.72267 734
45.74278 768
45.7629 703
45.78301 655
45.80312 547
45.82324 541
45.84335 487
45.86346 435
45.88358 370
45.90369 353
45.92381 294
45.94392 267
45.96403 241
45.98415 249
46.00426 241
46.02437 256
46.04449 215
46.0646 244
46.08472 231
46.10483 220
46.12494 227
46.14506 236
46.16517 221
46.18528 221
46.2054 224
46.22551 220
46.24563 226
46.26574 216
46.28585 227
46.30597 195
46.32608 172
46.34619 213
46.36631 180
46.38642 207
46.40653 176
46.42665 185
46.44676 166
46.46688 167
46.48699 163
46.5071 168
46.52722 190
46.54733 189
46.56744 183
46.58756 190
46.60767 178
46.62779 189
46.6479 191
46.66801 204
46.68813 198
46.70824 198
46.72835 186
46.74847 196
46.76858 176
46.78869 208
46.80881 216
46.82892 236
46.84904 201
46.86915 212
46.88926 207
46.90938 204
46.92949 237
46.9496 229
46.96972 237
46.98983 254
47.00995 252
47.03006 279
47.05017 268
47.07029 256
47.0904 233
47.11051 260
47.13063 264
47.15074 259
47.17086 247
47.19097 193
47.21108 219
47.2312 252
47.25131 249
47.27142 234
47.29154 214
47.31165 233
47.33176 232
47.35188 253
47.37199 234
47.39211 245
47.41222 268
47.43233 255
47.45245 243
47.47256 237
47.49267 211
47.51279 230
47.5329 209
47.55302 216
47.57313 214
47.59324 222
47.61336 233
47.63347 199
47.65358 202
47.6737 200
47.69381 184
47.71393 188
47.73404 186
47.75415 179
47.77427 182
47.79438 201
47.81449 183
47.83461 198
47.85472 186
47.87483 182
47.89495 200
47.91506 193
47.93518 174
47.95529 197
47.9754 185
47.99552 200
48.01563 203
48.03574 201
48.05586 187
48.07597 206
48.09609 206
48.1162 189
48.13631 189
48.15643 187
48.17654 180
48.19665 175
48.21677 198
48.23688 193
48.257 212
48.27711 185
48.29722 194
48.31734 221
48.33745 211
48.35756 203
48.37768 173
48.39779 202
48.4179 203
48.43802 194
48.45813 178
48.47825 215
48.49836 197
48.51847 212
48.53859 228
48.5587 206
48.57881 212
48.59893 195
48.61904 219
48.63916 253
48.65927 228
48.67938 225
48.6995 240
48.71961 198
48.73972 246
48.75984 229
48.77995 241
48.80006 252
48.82018 243
48.84029 254
48.86041 221
48.88052 249
48.90063 246
48.92075 251
48.94086 244
48.96097 259
48.98109 267
49.0012 250
49.02132 259
49.04143 239
49.06154 256
49.08166 248
49.10177 248
49.12188 246
49.142 260
49.16211 243
49.18223 226
49.20234 224
49.22245 222
49.24257 195
49.26268 250
49.28279 229
49.30291 198
49.32302 213
49.34313 208
49.36325 208
49.38336 216
49.40348 227
49.42359 237
49.4437 203
49.46382 224
49.48393 205
49.50404 254
49.52416 200
49.54427 232
49.56439 238
49.5845 225
49.60461 233
49.62473 257
49.64484 265
49.66495 290
49.68507 319
49.70518 310
49.7253 336
49.74541 383
49.76552 395
49.78564 445
49.80575 461
49.82586 508
49.84598 556
49.86609 609
49.8862 737
49.90632 817
49.92643 952
49.94655 1154
49.96666 1347
49.98677 1581
50.00689 1830
50.027 2038
50.04711 2082
50.06723 2220
50.08734 2027
50.10746 1919
50.12757 1679
50.14768 1494
50.1678 1370
50.18791 1195
50.20802 1128
50.22814 972
50.24825 818
50.26837 649
50.28848 515
50.30859 476
50.32871 430
50.34882 382
50.36893 410
50.38905 465
50.40916 449
50.42927 485
50.44939 515
50.4695 518
50.48962 494
50.50973 503
50.52984 507
50.54996 490
50.57007 464
50.59018 464
50.6103 445
50.63041 396
50.65053 380
50.67064 365
50.69075 357
50.71087 350
50.73098 311
50.75109 344
50.77121 302
50.79132 314
50.81143 296
50.83155 288
50.85166 250
50.87178 284
50.89189 268
50.912 261
50.93212 264
50.95223 230
50.97234 241
50.99246 260
51.01257 237
51.03269 216
51.0528 220
51.07291 217
51.09303 258
51.11314 206
51.13325 230
51.15337 228
51.17348 213
51.1936 212
51.21371 231
51.23382 238
51.25394 220
51.27405 243
51.29416 205
51.31428 217
51.33439 189
51.3545 182
51.37462 210
51.39473 171
51.41485 216
51.43496 177
51.45507 171
51.47519 181
51.4953 170
51.51541 194
51.53553 179
51.55564 182
51.57576 201
51.59587 180
51.61598 169
51.6361 182
51.65621 173
51.67632 173
51.69644 174
51.71655 181
51.73667 166
51.75678 203
51.77689 169
51.79701 204
51.81712 179
51.83723 194
51.85735 176
51.87746 157
51.89757 174
51.91769 189
51.9378 176
51.95792 187
51.97803 212
51.99814 182
52.01826 183
52.03837 173
52.05848 181
52.0786 200
52.09871 189
52.11883 196
52.13894 184
52.15905 190
52.17917 171
52.19928 164
52.21939 200
52.23951 199
52.25962 166
52.27974 192
52.29985 184
52.31996 192
52.34008 188
52.36019 218
52.3803 160
52.40042 190
52.42053 181
52.44064 191
52.46076 194
52.48087 189
52.50099 169
52.5211 184
52.54121 211
52.56133 200
52.58144 204
52.60155 234
52.62167 169
52.64178 181
52.6619 206
52.68201 211
52.70212 202
52.72224 214
52.74235 194
52.76246 197
52.78258 182
52.80269 221
52.8228 200
52.84292 200
52.86303 188
52.88315 206
52.90326 194
52.92337 210
52.94349 194
52.9636 184
52.98371 199
53.00383 210
53.02394 183
53.04406 196
53.06417 205
53.08428 190
53.1044 211
53.12451 197
53.14462 192
53.16474 188
53.18485 189
53.20497 212
53.22508 199
53.24519 203
53.26531 219
53.28542 183
53.30553 206
53.32565 194
53.34576 192
53.36587 207
53.38599 199
53.4061 187
53.42622 202
53.44633 201
53.46644 197
53.48656 202
53.50667 246
53.52678 211
53.5469 212
53.56701 175
53.58713 159
53.60724 220
53.62735 204
53.64747 181
53.66758 201
53.68769 230
53.70781 183
53.72792 227
53.74804 194
53.76815 210
53.78826 210
53.80838 198
53.82849 195
53.8486 191
53.86872 207
53.88883 229
53.90894 240
53.92906 204
53.94917 223
53.96929 200
53.9894 203
54.00951 233
54.02963 219
54.04974 183
54.06985 201
54.08997 231
54.11008 215
54.1302 228
54.15031 222
54.17042 219
54.19054 203
54.21065 235
54.23076 237
54.25088 204
54.27099 217
54.29111 229
54.31122 231
54.33133 254
54.35145 246
54.37156 235
54.39167 239
54.41179 265
54.4319 257
54.45201 254
54.47213 259
54.49224 265
54.51236 267
54.53247 275
54.55258 275
54.5727 310
54.59281 314
54.61292 334
54.63304 378
54.65315 455
54.67327 483
54.69338 521
54.71349 543
54.73361 637
54.75372 715
54.77383 783
54.79395 757
54.81406 747
54.83417 678
54.85429 643
54.8744 561
54.89452 541
54.91463 536
54.93474 526
54.95486 481
54.97497 440
54.99508 385
55.0152 369
55.03531 351
55.05543 334
55.07554 335
55.09565 312
55.11577 378
55.13588 334
55.15599 366
55.17611 418
55.19622 421
55.21634 433
55.23645 476
55.25656 456
55.27668 455
55.29679 442
55.3169 453
55.33702 366
55.35713 377
55.37724 366
55.39736 343
55.41747 313
55.43759 329
55.4577 270
55.47781 273
55.49793 250
55.51804 245
55.53815 248
55.55827 241
55.57838 238
55.5985 208
55.61861 240
55.63872 257
55.65884 236
55.67895 219
55.69906 206
55.71918 210
55.73929 206
55.75941 207
55.77952 223
55.79963 209
55.81975 209
55.83986 198
55.85997 201
55.88009 194
55.9002 207
55.92031 210
55.94043 202
55.96054 210
55.98066 207
56.00077 185
56.02088 189
56.041 210
56.06111 182
56.08122 154
56.10134 180
56.12145 180
56.14157 195
56.16168 180
56.18179 202
56.20191 190
56.22202 175
56.24213 181
56.26225 191
56.28236 188
56.30248 187
56.32259 174
56.3427 183
56.36282 191
56.38293 178
56.40304 180
56.42316 188
56.44327 179
56.46338 190
56.4835 187
56.50361 225
56.52373 193
56.54384 224
56.56395 223
56.58407 204
56.60418 214
56.62429 195
56.64441 195
56.66452 197
56.68464 181
56.70475 205
56.72486 210
56.74498 210
56.76509 197
56.7852 206
56.80532 189
56.82543 205
56.84554 186
56.86566 210
56.88577 204
56.90589 205
56.926 190
56.94611 180
56.96623 196
56.98634 174
57.00645 217
57.02657 205
57.04668 194
57.0668 200
57.08691 232
57.10702 206
57.12714 215
57.14725 213
57.16736 213
57.18748 187
57.20759 203
57.22771 208
57.24782 191
57.26793 195
57.28805 223
57.30816 236
57.32827 252
57.34839 224
57.3685 203
57.38861 227
57.40873 211
57.42884 208
57.44896 231
57.46907 192
57.48918 206
57.5093 219
57.52941 180
57.54952 197
57.56964 190
57.58975 181
57.60987 175
57.62998 198
57.65009 182
57.67021 216
57.69032 181
57.71043 178
57.73055 176
57.75066 191
57.77078 183
57.79089 186
57.811 175
57.83112 181
57.85123 185
57.87134 191
57.89146 201
57.91157 174
57.93168 191
57.9518 171
57.97191 176
57.99203 194
58.01214 191
58.03225 193
58.05237 187
58.07248 188
58.09259 191
58.11271 194
58.13282 179
58.15294 213
58.17305 180
58.19316 207
58.21328 184
58.23339 170
58.2535 193
58.27362 180
58.29373 209
58.31385 184
58.33396 205
58.35407 206
58.37419 187
58.3943 184
58.41441 201
58.43453 214
58.45464 196
58.47475 209
58.49487 218
58.51498 222
58.5351 210
58.55521 205
58.57532 224
58.59544 242
58.61555 224
58.63566 234
58.65578 227
58.67589 198
58.69601 205
58.71612 187
58.73623 210
58.75635 196
58.77646 189
58.79657 192
58.81669 201
58.8368 194
58.85691 153
58.87703 175
58.89714 196
58.91726 187
58.93737 155
58.95748 185
58.9776 196
58.99771 196
59.01782 195
59.03794 180
59.05805 193
59.07817 190
59.09828 191
59.11839 204
59.13851 165
59.15862 181
59.17873 215
59.19885 221
59.21896 204
59.23908 182
59.25919 215
59.2793 221
59.29942 190
59.31953 224
59.33964 232
59.35976 225
59.37987 217
59.39998 230
59.4201 247
59.44021 248
59.46033 261
59.48044 287
59.50055 279
59.52067 281
59.54078 322
59.56089 321
59.58101 365
59.60112 322
59.62124 414
59.64135 395
59.66146 456
59.68158 521
59.70169 575
59.7218 628
59.74192 674
59.76203 806
59.78215 988
59.80226 1155
59.82237 1337
59.84249 1324
59.8626 1464
59.88271 1425
59.90283 1348
59.92294 1242
59.94305 1080
59.96317 977
59.98328 909
60.0034 835
60.02351 808
60.04362 874
60.06374 784
60.08385 665
60.10396 538
60.12408 398
60.14419 353
60.16431 335
60.18442 283
60.20453 259
60.22465 267
60.24476 255
60.26487 253
60.28499 280
60.3051 226
60.32522 233
60.34533 206
60.36544 215
60.38556 208
60.40567 221
60.42578 218
60.4459 218
60.46601 204
60.48612 182
60.50624 214
60.52635 196
60.54647 220
60.56658 227
60.58669 179
60.60681 185
60.62692 208
60.64703 225
60.66715 207
60.68726 211
60.70738 232
60.72749 222
60.7476 211
60.76772 195
60.78783 184
60.80794 211
60.82806 181
60.84817 186
60.86828 215
60.8884 208
60.90851 198
60.92863 228
60.94874 210
60.96885 208
60.98897 216
61.00908 247
61.02919 234
61.04931 225
61.06942 258
61.08954 257
61.10965 263
61.12976 255
61.14988 234
61.16999 227
61.1901 211
61.21022 265
61.23033 228
61.25045 239
61.27056 211
61.29067 230
61.31079 237
61.3309 189
61.35101 212
61.37113 241
61.39124 196
61.41135 193
61.43147 215
61.45158 207
61.4717 224
61.49181 196
61.51192 227
61.53204 221
61.55215 219
61.57226 228
61.59238 223
61.61249 230
61.63261 214
61.65272 210
61.67283 212
61.69295 196
61.71306 195
61.73317 208
61.75329 205
61.7734 228
61.79352 193
61.81363 218
61.83374 196
61.85386 211
61.87397 229
61.89408 224
61.9142 181
61.93431 201
61.95442 207
61.97454 204
61.99465 240
62.01477 214
62.03488 226
62.05499 260
62.07511 208
62.09522 221
62.11533 248
62.13545 237
62.15556 222
62.17568 229
62.19579 246
62.2159 233
62.23602 206
62.25613 226
62.27624 223
62.29636 206
62.31647 215
62.33659 236
62.3567 211
62.37681 213
62.39693 250
62.41704 218
62.43715 222
62.45727 229
62.47738 205
62.49749 219
62.51761 205
62.53772 234
62.55784 207
62.57795 234
62.59806 209
62.61818 231
62.63829 196
62.6584 200
62.67852 235
62.69863 230
62.71875 216
62.73886 214
62.75897 223
62.77909 211
62.7992 221
62.81931 188
62.83943 212
62.85954 222
62.87965 220
62.89977 229
62.91988 239
62.94 213
62.96011 208
62.98022 235
63.00034 227
63.02045 217
63.04056 233
63.06068 215
63.08079 223
63.10091 233
63.12102 205
63.14113 229
63.16125 244
63.18136 204
63.20147 218
63.22159 214
63.2417 200
63.26182 199
63.28193 238
63.30204 186
63.32216 201
63.34227 199
63.36238 183
63.3825 201
63.40261 203
63.42272 206
63.44284 199
63.46295 223
63.48307 222
63.50318 208
63.52329 197
63.54341 226
63.56352 210
63.58363 198
63.60375 222
63.62386 246
63.64398 250
63.66409 248
63.6842 232
63.70432 251
63.72443 304
63.74454 302
63.76466 267
63.78477 306
63.80489 331
63.825 332
63.84511 356
63.86523 384
63.88534 420
63.90545 436
63.92557 485
63.94568 450
63.96579 475
63.98591 435
64.00602 410
64.02614 337
64.04625 364
64.06636 309
64.08648 333
64.10659 333
64.1267 314
64.14682 324
64.16693 270
64.18705 287
64.20716 245
64.22727 231
64.24739 207
64.2675 215
64.28761 191
64.30773 186
64.32784 192
64.34796 183
64.36807 192
64.38818 187
64.4083 191
64.42841 188
64.44852 195
64.46864 189
64.48875 189
64.50886 178
64.52898 171
64.54909 185
64.56921 169
64.58932 170
64.60943 178
64.62955 171
64.64966 164
64.66977 167
64.68989 205
64.71 171
64.73012 186
64.75023 169
64.77034 183
64.79046 180
64.81057 173
64.83068 183
64.8508 185
64.87091 179
64.89102 207
64.91114 193
64.93125 218
64.95137 252
64.97148 202
64.99159 209
65.01171 215
65.03182 200
65.05193 211
65.07205 223
65.09216 228
65.11228 213
65.13239 243
65.1525 249
65.17262 223
65.19273 239
65.21284 212
65.23296 245
65.25307 199
65.27319 246
65.2933 219
65.31341 195
65.33353 214
65.35364 213
65.37375 236
65.39387 203
65.41398 207
65.43409 215
65.45421 202
65.47432 194
65.49444 186
65.51455 211
65.53466 207
65.55478 182
65.57489 237
65.595 233
65.61512 179
65.63523 214
65.65535 215
65.67546 219
65.69557 211
65.71569 200
65.7358 220
65.75591 239
65.77603 204
65.79614 203
65.81626 182
65.83637 209
65.85648 231
65.8766 219
65.89671 221
65.91682 217
65.93694 193
65.95705 205
65.97716 202
65.99728 201
66.01739 186
66.03751 187
66.05762 190
66.07773 187
66.09785 211
66.11796 197
66.13807 194
66.15819 209
66.1783 199
66.19842 185
66.21853 214
66.23864 229
66.25876 215
66.27887 200
66.29898 233
66.3191 211
66.33921 217
66.35933 195
66.37944 192
66.39955 239
66.41967 217
66.43978 226
66.45989 188
66.48001 198
66.50012 203
66.52023 193
66.54035 217
66.56046 183
66.58058 177
66.60069 186
66.6208 193
66.64092 202
66.66103 194
66.68114 192
66.70126 189
66.72137 168
66.74149 171
66.7616 171
66.78171 217
66.80183 195
66.82194 203
66.84205 202
66.86217 213
66.88228 180
66.90239 192
66.92251 185
66.94262 219
66.96274 209
66.98285 212
67.00296 203
67.02308 234
67.04319 197
67.0633 239
67.08342 196
67.10353 219
67.12365 218
67.14376 234
67.16387 223
67.18399 206
67.2041 221
67.22421 209
67.24433 224
67.26444 257
67.28456 246
67.30467 219
67.32478 232
67.3449 244
67.36501 295
67.38512 318
67.40524 291
67.42535 378
67.44546 342
67.46558 354
67.48569 416
67.50581 516
67.52592 540
67.54603 596
67.56615 739
67.58626 736
67.60637 793
67.62649 913
67.6466 936
67.66672 972
67.68683 959
67.70694 825
67.72706 807
67.74717 695
67.76728 654
67.7874 667
67.80751 693
67.82763 752
67.84774 768
67.86785 818
67.88797 795
67.90808 774
67.92819 782
67.94831 837
67.96842 865
67.98853 962
68.00865 1095
68.02876 1151
68.04888 1273
68.06899 1297
68.0891 1288
68.10922 1183
68.12933 1135
68.14944 1093
68.16956 1087
68.18967 1130
68.20979 1116
68.2299 1118
68.25001 1162
68.27013 1014
68.29024 930
68.31035 843
68.33047 674
68.35058 586
68.3707 551
68.39081 544
68.41092 512
68.43104 509
68.45115 420
68.47126 393
68.49138 371
68.51149 280
68.5316 280
68.55172 256
68.57183 236
68.59195 220
68.61206 218
68.63217 219
68.65229 196
68.6724 204
68.69251 222
68.71263 188
68.73274 219
68.75286 204
68.77297 192
68.79308 203
68.8132 206
68.83331 197
68.85342 232
68.87354 216
68.89365 194
68.91376 209
68.93388 186
68.95399 205
68.97411 192
68.99422 179
69.01433 187
69.03445 200
69.05456 187
69.07467 202
69.09479 186
69.1149 182
69.13502 207
69.15513 187
69.17524 191
69.19536 184
69.21547 154
69.23558 176
69.2557 183
69.27581 188
69.29593 190
69.31604 181
69.33615 173
69.35627 199
69.37638 182
69.39649 200
69.41661 170
69.43672 181
69.45683 194
69.47695 183
69.49706 184
69.51718 177
69.53729 191
69.5574 184
69.57752 211
69.59763 156
69.61774 162
69.63786 191
69.65797 168
69.67809 166
69.6982 155
69.71831 181
69.73843 180
69.75854 194
69.77865 183
69.79877 184
69.81888 198
69.839 174
69.85911 184
69.87922 175
69.89934 181
69.91945 160
69.93956 181
69.95968 170
69.97979 172
69.9999 201
70.02002 170
70.04013 164
70.06025 172
70.08036 214
70.10047 195
70.12059 173
70.1407 166
70.16081 194
70.18093 180
70.20104 196
70.22116 177
70.24127 184
70.26138 177
70.2815 179
70.30161 156
70.32172 177
70.34184 170
70.36195 156
70.38207 169
70.40218 174
70.42229 174
70.44241 153
70.46252 176
70.48263 175
70.50275 196
70.52286 163
70.54297 191
70.56309 202
70.5832 172
70.60332 174
70.62343 175
70.64354 174
70.66366 192
70.68377 204
70.70388 181
70.724 179
70.74411 177
70.76423 187
70.78434 174
70.80445 199
70.82457 188
70.84468 194
70.86479 165
70.88491 170
70.90502 175
70.92513 155
70.94525 171
70.96536 166
70.98548 197
71.00559 184
71.0257 198
71.04582 180
71.06593 192
71.08604 195
71.10616 181
71.12627 165
71.14639 153
71.1665 185
71.18661 173
71.20673 178
71.22684 158
71.24695 181
71.26707 172
71.28718 163
71.3073 193
71.32741 199
71.34752 190
71.36764 173
71.38775 194
71.40786 184
71.42798 186
71.44809 213
71.4682 187
71.48832 196
71.50843 211
71.52855 191
71.54866 205
71.56877 197
71.58889 195
71.609 207
71.62911 190
71.64923 189
71.66934 179
71.68946 174
71.70957 221
71.72968 167
71.7498 196
71.76991 165
71.79002 199
71.81014 170
71.83025 170
71.85037 191
71.87048 192
71.89059 158
71.91071 182
71.93082 174
71.95093 203
71.97105 195
71.99116 199
72.01127 209
72.03139 169
72.0515 203
72.07162 207
72.09173 199
72.11184 182
72.13196 186
72.15207 210
72.17218 198
72.1923 196
72.21241 198
72.23253 211
72.25264 234
72.27275 200
72.29287 220
72.31298 214
72.33309 209
72.35321 193
72.37332 184
72.39344 194
72.41355 202
72.43366 183
72.45378 178
72.47389 170
72.494 208
72.51412 184
72.53423 161
72.55434 189
72.57446 183
72.59457 206
72.61469 195
72.6348 194
72.65491 190
72.67503 210
72.69514 192
72.71525 198
72.73537 157
72.75548 207
72.7756 204
72.79571 199
72.81582 178
72.83594 190
72.85605 191
72.87616 195
72.89628 214
72.91639 230
72.9365 181
72.95662 237
72.97673 210
72.99685 220
73.01696 244
73.03707 252
73.05719 251
73.0773 227
73.09741 273
73.11753 241
73.13764 240
73.15776 251
73.17787 231
73.19798 271
73.2181 293
73.23821 315
73.25832 333
73.27844 363
73.29855 382
73.31867 392
73.33878 430
73.35889 459
73.37901 479
73.39912 419
73.41923 433
73.43935 392
73.45946 335
73.47957 325
73.49969 320
73.5198 294
73.53992 342
73.56003 358
73.58014 386
73.60026 317
73.62037 343
73.64048 324
73.6606 283
73.68071 258
73.70083 207
73.72094 225
73.74105 220
73.76117 239
73.78128 239
73.80139 197
73.82151 219
73.84162 215
73.86174 171
73.88185 195
73.90196 186
73.92208 204
73.94219 209
73.9623 202
73.98242 191
74.00253 196
74.02264 189
74.04276 165
74.06287 196
74.08299 184
74.1031 193
74.12321 184
74.14333 170
74.16344 181
74.18355 187
74.20367 185
74.22378 189
74.2439 171
74.26401 183
74.28412 196
74.30424 193
74.32435 180
74.34446 163
74.36458 213
74.38469 170
74.40481 193
74.42492 199
74.44503 198
74.46515 196
74.48526 185
74.50537 191
74.52549 199
74.5456 205
74.56571 205
74.58583 206
74.60594 212
74.62606 179
74.64617 206
74.66628 190
74.6864 211
74.70651 211
74.72662 209
74.74674 185
74.76685 191
74.78697 198
74.80708 209
74.82719 174
74.84731 202
74.86742 205
74.88753 176
74.90765 209
74.92776 189
74.94787 215
74.96799 202
74.9881 201
75.00822 217
