3.00117 21632.3483773111
3.02128 20807.6621008733
3.0414 20253
3.06151 19607.6755039388
3.08162 19098.7186720065
3.10174 18820.8562043914
3.12185 18169.5035412884
3.14197 18155.9116335382
3.16208 17017.801732942
3.18219 16844.0505837025
3.20231 16386.6627759713
3.22242 15793.6651250687
3.24253 15567.3550685636
3.26265 14882.340764931
3.28276 14398.7998975218
3.30288 13948.5224919092
3.32299 13460.1548969787
3.3431 13250
3.36322 12668.23809004
3.38333 11993.4316774819
3.40344 11864.7596136412
3.42356 11593.6666879875
3.44367 11224.6842350005
3.46379 10733.2042345948
3.4839 10433
3.50401 10008.6661611089
3.52413 9411.84241754765
3.54424 9600.74673387662
3.56435 9050.16668819993
3.58447 8863.30858417573
3.60458 8429.56066894938
3.62469 8014.04278679008
3.64481 8022.84484058691
3.66492 7414.53765630922
3.68504 7304.03032740367
3.70515 7083.53787295683
3.72526 6467.33923219524
3.74538 6652.02327668461
3.76549 6247.19647502793
3.7856 6060
3.80572 5755.61551846604
3.82583 5436.77591420275
3.84595 5404.838487879
3.86606 5190.65335365092
3.88617 4897.21380961041
3.90629 4781.16262631515
3.9264 4343
3.94651 4374.97603791339
3.96663 4090.47273547358
3.98674 3873.91848739158
4.00686 3862.3348286457
4.02697 3613.10160176335
4.04708 3674.12430051467
4.0672 3314
4.08731 3187.98957625269
4.10742 3131.86627691598
4.12754 2965.78573791123
4.14765 2950.94366919903
4.16776 2913.28063374851
4.18788 2733.11098538283
4.20799 2662.08264427911
4.22811 2415.91313191896
4.24822 2410.10860958316
4.26833 2457.79685446317
4.28845 2211.60251551868
4.30856 2208.94143073606
4.32867 2177.092417003
4.34879 2136.99881054778
4.3689 2142
4.38902 2044.93309955377
4.40913 1995.82671032359
4.42924 1845.8691515183
4.44936 1916.71856706111
4.46947 2002.04825437981
4.48958 1873.14239720812
4.5097 1764
4.52981 1654.96319742842
4.54992 1669.11979399125
4.57004 1761.82740995535
4.59015 1566.20216942616
4.61027 1640.9258093283
4.63038 1599.01820969893
4.65049 1647.97796602125
4.67061 1618.95081032167
4.69072 1512.94648107287
4.71083 1529.06628041348
4.73095 1536.87059980062
4.75106 1461.07925384507
4.77118 1447.05764105952
4.79129 1375.99168595795
4.8114 1479
4.83152 1456.87941990013
4.85163 1355.0386662251
4.87174 1463.07249692994
4.89186 1396.09597162609
4.91197 1415.97653857264
4.93209 1391.01467056692
4.9522 1380
4.97231 1354.97229690381
4.99243 1299.98282686786
5.01254 1316.97617553952
5.03265 1263.12699158268
5.05277 1286.8113786349
5.07288 1396.05575891612
5.09299 1226.04194823319
5.11311 1302.05522414769
5.13322 1300.86551001989
5.15334 1157.99513762203
5.17345 1298.34255139457
5.19356 1341.99445557865
5.21368 1339.02672886122
5.23379 1307.00011312174
5.2539 1351
5.27402 1382.97353235885
5.29413 1329.96943206415
5.31425 1368.15911681493
5.33436 1399.05684992029
5.35447 1378.87643739626
5.37459 1496.00619028654
5.3947 1351
5.41481 1363.04005268901
5.43493 1452.14587236156
5.45504 1513.96291512042
5.47516 1477.89136573984
5.49527 1604.89067842226
5.51538 1590.01093135149
5.5355 1619
5.55561 1609.00875167629
5.57572 1704.17142592917
5.59584 1841.9843017226
5.61595 1761.91782773118
5.63606 1942.64524848114
5.65618 2012.99262436913
5.67629 2022.98386088485
5.69641 2075.02425328008
5.71652 2150.15285694664
5.73663 2332.16120982832
5.75675 2351.04135747394
5.77686 2421.81174156332
5.79697 2512.86545520828
5.81709 2611.9428805956
5.8372 2712
5.85732 2698.95612913004
5.87743 2677.03565876816
5.89754 2729.07727265875
5.91766 2718.11149148449
5.93777 2608.26482837181
5.95788 2478.95122098565
5.978 2605
5.99811 2365.86407260534
6.01823 2183.78938094646
6.03834 2057.82848733184
6.05845 1983.2876151708
6.07857 1840.15489749513
6.09868 1780.07818100438
6.11879 1666.05163922989
6.13891 1597.97398935338
6.15902 1529.90531918381
6.17913 1420.85342650522
6.19925 1368.00573549656
6.21936 1395.97204576883
6.23948 1344.12984950951
6.25959 1215.01725180135
6.2797 1236
6.29982 1103.92246842244
6.31993 1099.93921024565
6.34004 1018.9711151987
6.36016 1047.11920506504
6.38027 918.072611929148
6.40039 973.982768675323
6.4205 939
6.44061 944.993115714717
6.46073 901.957061444033
6.48084 894.958450513384
6.50095 864.003702293902
6.52107 884.009010968083
6.54118 846.028005429758
6.56129 840.006695573387
6.58141 805.981097724582
6.60152 774.970618626782
6.62164 750.982379962112
6.64175 764.080043137428
6.66186 772.112708369255
6.68198 675.072127535947
6.70209 675.97093470919
6.7222 742
6.74232 720.918378034381
6.76243 643.991716168403
6.78255 702.11886062207
6.80266 698.047271223034
6.82277 685.005915139375
6.84289 670.022108650572
6.863 636
6.88311 696.993119905572
6.90323 619.958815619368
6.92334 658.01558165483
6.94346 608.078154234559
6.96357 600.036396097717
6.98368 562.998059995935
7.0038 605
7.02391 600.993373946457
7.04402 594.992013562035
7.06414 588.012812220514
7.08425 593.058698519652
7.10436 566.950259713376
7.12448 612.019826796258
7.14459 520.042758319013
7.16471 517.039166477573
7.18482 595.999009810047
7.20493 522.914647621203
7.22505 531.087489202442
7.24516 555.969652019518
7.26527 552.049973891343
7.28539 518.996071988064
7.3055 551
7.32562 501.946174957554
7.34573 480.007102853616
7.36584 497.040221830981
7.38596 507.009355517946
7.40607 494.01571651084
7.42618 508.947531867178
7.4463 559
7.46641 509.986420781372
7.48653 524.014755914224
7.50664 508.969242389275
7.52675 500.049408043924
7.54687 476.005732277145
7.56698 496.974085540266
7.58709 507.003648816964
7.60721 504.012124001776
7.62732 535.996904756219
7.64743 494.941569354544
7.66755 485.017131248646
7.68766 494.977040196018
7.70778 493.028987981793
7.72789 448.017841006607
7.748 450
7.76812 497.008531911404
7.78823 469.973007732486
7.80834 493.103555472272
7.82846 524.056119935542
7.84857 469.017229682635
7.86869 498.002018771183
7.8888 468
7.90891 514.977980450396
7.92903 402.935999559862
7.94914 460.102855795836
7.96925 448.071588820098
7.98937 447.95940131398
8.00948 487.960439039441
8.0296 499
8.04971 444.982174319817
8.06982 446.017562548192
8.08994 454.990457690665
8.11005 461.115796438145
8.13016 509.038884219676
8.15028 437.040439891356
8.17039 463.97664994377
8.1905 480
8.21062 456.001735524411
8.23073 477.003460170056
8.25085 454.96467976775
8.27096 459.992916426339
8.29107 445.044674660263
8.31119 431.983958294606
8.3313 476
8.35141 428.991771710208
8.37153 463.04993070144
8.39164 461.963117715065
8.41176 456.955038352554
8.43187 473.057815385378
8.45198 406.020136002921
8.4721 442
8.49221 433.999368724969
8.51232 453.011725367519
8.53244 452.016079853812
8.55255 471.968355778392
8.57266 464.045872142142
8.59278 444.004383337742
8.61289 452.996225553853
8.63301 463.015464026058
8.65312 495.997110891202
8.67323 460.961692690812
8.69335 461.001831651038
8.71346 447.038058468237
8.73357 435.998697128764
8.75369 445.993764902661
8.7738 457
8.79392 461.987577632816
8.81403 440.984910997406
8.83414 445.004059375459
8.85426 447.954586281824
8.87437 463.058755465663
8.89448 416.958220065367
8.9146 505
8.93471 415.983875960948
8.95483 464.014874108107
8.97494 420.007983883714
8.99505 482.923956541645
9.01517 443.085627364251
9.03528 414.0079682324
9.05539 429.974988630596
9.07551 470.988933365167
9.09562 402.957755205883
9.11573 420.058764958258
9.13585 449.057138669064
9.15596 445.11158120997
9.17608 389.975685165043
9.19619 471.980636607224
9.2163 427
9.23642 403.03002101673
9.25653 453.039487601473
9.27664 444.979554169447
9.29676 441.042250322909
9.31687 419.969680153795
9.33699 459.003175814926
9.3571 425
9.37721 476.989599133246
9.39733 392.951048650308
9.41744 446.119102097675
9.43755 459.021811621302
9.45767 454.001694865972
9.47778 452.007673293084
9.4979 434
9.51801 416.005807668488
9.53812 445.014268469186
9.55824 438.999741676866
9.57835 453.025707289478
9.59846 453.992625711724
9.61858 456.01615331199
9.63869 432.002330000019
9.6588 440
9.67892 407.985148909733
9.69903 427.050741133767
9.71915 447.997240884556
9.73926 436.005174958002
9.75937 435.040887674868
9.77949 406.987367015528
9.7996 457
9.81971 391.981511279421
9.83983 418.059891847803
9.85994 429.981035771508
9.88006 408.063212513373
9.90017 389.97489206678
9.92028 433.958023955207
9.9404 440
9.96051 404.004974822043
9.98062 443.004593361504
10.00074 411.990782306682
10.02085 454.876809648353
10.04097 465.051758460327
10.06108 419.018400374154
10.08119 421.011694601072
10.10131 388.009776230606
10.12142 445.016967625496
10.14153 403.940030154756
10.16165 412.111864650618
10.18176 457.956357919941
10.20187 440.073331282381
10.22199 397.004081131948
10.2421 432
10.26222 465.983770320494
10.28233 426.988378674788
10.30244 456.035360982966
10.32256 444.024315525003
10.34267 429.074359610656
10.36278 376.989336426326
10.3829 435
10.40301 423.014445188367
10.42313 486.018433067238
10.44324 430.890452211004
10.46335 428.908435534018
10.48347 452.043300665982
10.50358 408.980520348956
10.52369 474.990371369773
10.54381 431.986166290355
10.56392 438.984122385458
10.58403 395.975340721368
10.60415 419.055569061042
10.62426 421.990064970263
10.64438 426.021367069271
10.66449 394.999990035999
10.6846 419
10.70472 392.992839184889
10.72483 426.074222329434
10.74494 446.940615289536
10.76506 403.992366875682
10.78517 445.982353209786
10.80529 424.993931085786
10.8254 464
10.84551 403.975851169555
10.86563 417.089588220781
10.88574 468.000977663327
10.90585 425.093801859277
10.92597 421.981286401896
10.94608 429.000544141347
10.9662 431
10.98631 445.992416201961
11.00642 415.999240743672
11.02654 446.036717287072
11.04665 430.076864534544
11.06676 413.981720074719
11.08688 442.9672892572
11.10699 464.993881430548
11.1271 452
11.14722 389.983041421589
11.16733 421.045557807072
11.18745 424.999496326997
11.20756 428.017291353297
11.22767 410.014925762396
11.24779 418.989259429118
11.2679 429
11.28801 395.993557905557
11.30813 416.048198163779
11.32824 436.007391257405
11.34836 429.016187985504
11.36847 423.01510712904
11.38858 407.017249994407
11.4087 411
11.42881 465.008663330229
11.44892 451.006749638883
11.46904 482.013047773125
11.48915 446.118572247976
11.50927 418.011383849158
11.52938 435.952271277103
11.54949 473.009631937494
11.56961 410.977452489515
11.58972 423.050610950706
11.60983 475.05063820967
11.62995 496.080377763288
11.65006 521.050232961229
11.67017 464.041024158137
11.69029 480.992610175816
11.7104 474
11.73052 484.001999490743
11.75063 470.977363638322
11.77074 458.967499319976
11.79086 435.05407368929
11.81097 430.938434253789
11.83108 481.997137876077
11.8512 443
11.87131 458.996977504023
11.89143 427.993580022899
11.91154 460.05296578437
11.93165 459.022876768137
11.95177 465.95821263313
11.97188 491.006881289784
11.99199 455.016491716611
12.01211 450.00821290058
12.03222 462.991133240337
12.05234 445.008137982638
12.07245 471.041880847095
12.09256 457.07024108003
12.11268 428.004527678814
12.13279 437.003296724848
12.1529 419
12.17302 438.996193911731
12.19313 404.953730490523
12.21324 414.105622238581
12.23336 459.038872072707
12.25347 398.03482331102
12.27359 438.97391933058
12.2937 452
12.31381 413.98527844153
12.33393 401.98934182898
12.35404 399.026225567381
12.37415 418.986836202641
12.39427 405.024522043341
12.41438 402.987645249165
12.4345 420
12.45461 415.989961178403
12.47472 391.985090548495
12.49484 406.100057210762
12.51495 451.023366021202
12.53506 395.091363600357
12.55518 390.987296429512
12.57529 390.010072515741
12.5954 383
12.61552 451.025928037433
12.63563 417.934513876218
12.65575 407.043833544081
12.67586 437.934081538086
12.69597 447.045387683378
12.71609 407.002079919786
12.7362 430
12.75631 388.983062328445
12.77643 396.057103738079
12.79654 442.07984241591
12.81666 449.079111248056
12.83677 392.046527407067
12.85688 398.985891834476
12.877 413
12.89711 440.981086338556
12.91722 368.982601103275
12.93734 417.07222047879
12.95745 407.034196906441
12.97757 416.972406171462
12.99768 425.006211774787
13.01779 411.005692125065
13.03791 417.013936853527
13.05802 434.971495170389
13.07813 387.999140875745
13.09825 429.033056655169
13.11836 400.033026498368
13.13847 409.010191398288
13.15859 385.000454660157
13.1787 419
13.19882 434.989134929924
13.21893 404.941969786261
13.23904 385.032888729494
13.25916 414.000703753241
13.27927 392.987080970871
13.29938 430.983616048339
13.3195 418
13.33961 443.008451795846
13.35973 446.022948370203
13.37984 457.933427167479
13.39995 396.077283111014
13.42007 417.943197288232
13.44018 451.953524055967
13.46029 491.00295354343
13.48041 461.002098681219
13.50052 513.054971978215
13.52064 519.903586348234
13.54075 462.970778984126
13.56086 492.971145421011
13.58098 470.025142776208
13.60109 470.989760518704
13.6212 491
13.64132 477.97698743785
13.66143 456.977065805274
13.68154 466.097021971724
13.70166 520.976330535161
13.72177 482.072851535161
13.74189 458.002816576023
13.762 459
13.78211 463.005531945134
13.80223 460.938905085858
13.82234 421.052732713025
13.84245 492.92416893478
13.86257 450.092033497002
13.88268 423.990811955559
13.9028 445
13.92291 441.001795892993
13.94302 447.985111671644
13.96314 407.914638861776
13.98325 403.86463866516
14.00336 466.00157353108
14.02348 409.035306441936
14.04359 418.00068358287
14.06371 390.993550614329
14.08382 409.026220869599
14.10393 425.014211120182
14.12405 432.011260245926
14.14416 433.007258162332
14.16427 425.016327074725
14.18439 418.997305713447
14.2045 440
14.22461 451.978386336307
14.24473 385.96644322864
14.26484 416.05146869881
14.28496 412.005951538308
14.30507 419.007471146635
14.32518 396.024737508238
14.3453 388
14.36541 426.034371387762
14.38552 469.958342979497
14.40564 384.95051557356
14.42575 430.93963172213
14.44587 408.00467247165
14.46598 448.958149134432
14.48609 448.022413083732
14.50621 398.994184885251
14.52632 418.001908449353
14.54643 399.005816613428
14.56655 427.024069207145
14.58666 416.977664097659
14.60677 436.041203855647
14.62689 379.007151395381
14.647 420
14.66712 418.986291524087
14.68723 402.950871501644
14.70734 373.014742894592
14.72746 412.934433987796
14.74757 424.975454884789
14.76768 437.026608154179
14.7878 389
14.80791 426.031218110556
14.82803 453.941921761446
14.84814 377.897475575946
14.86825 385.89810867357
14.88837 416.992894693697
14.90848 405.00278517594
14.92859 427.980419847014
14.94871 457.000648497271
14.96882 447.012331058323
14.98894 492.108056066488
15.00905 525.01062041967
15.02916 526.933811724348
15.04928 573.990578562945
15.06939 549.002460866631
15.0895 562
15.10962 494.946217407285
15.12973 471.958440501911
15.14984 443.018725365091
15.16996 469.037409828201
15.19007 408.058597380345
15.21019 413.994747999206
15.2303 407
15.25041 417.011220731318
15.27053 442.031058461513
15.29064 440.932462483236
15.31075 394.071217773758
15.33087 402.948057447968
15.35098 427.011664442304
15.3711 395
15.39121 410.003742356102
15.41132 396.98760205454
15.43144 403.042601418972
15.45155 430.929138658741
15.47166 441.043041539155
15.49178 403.025515363835
15.51189 413.978551033641
15.53201 439.982111601683
15.55212 367.962774937396
15.57223 388.044640766967
15.59235 403.056540892073
15.61246 437.942695798036
15.63257 444.022767044694
15.65269 417.015231574164
15.6728 401
15.69291 424.008285623773
15.71303 431.021836794209
15.73314 460.065562640714
15.75326 475.028926498583
15.77337 461.953800034514
15.79348 536.924054058405
15.8136 563
15.83371 524.008786063079
15.85382 579.010639809876
15.87394 515.831217217647
15.89405 461.061523253554
15.91417 448.02909286717
15.93428 418.026112964022
15.95439 414.987355826755
15.97451 429.980323633735
15.99462 365.985764521992
16.01473 416.082296119225
16.03485 426.941523542649
16.05496 390.077175157999
16.07508 379.962166410968
16.09519 428.998281944513
16.1153 396
16.13542 436.032177402313
16.15553 426.950899727424
16.17564 400.988498174494
16.19576 413.966300092429
16.21587 414.034340721618
16.23598 406.94608102548
16.2561 468
16.27621 371.984729981294
16.29633 432.070314088599
16.31644 412.929793120445
16.33655 408.93799533362
16.35667 433.006487476569
16.37678 408.010270334588
16.39689 418.998240930245
16.41701 410.001103719138
16.43712 428.014582614593
16.45724 416.920444942957
16.47735 373.957983044883
16.49746 399.887905851845
16.51758 440.010584109101
16.53769 393.017167690417
16.5578 402
16.57792 428.00091918022
16.59803 405.96049702922
16.61814 391.994040497589
16.63826 398.965434229732
16.65837 419.974005672646
16.67849 421.010436535188
16.6986 398
16.71871 421.009312224645
16.73883 415.967895153692
16.75894 397.996637800409
16.77905 406.004243598955
16.79917 384.049850844489
16.81928 372.963858877874
16.8394 424
16.85951 384.984239885113
16.87962 404.058740306197
16.89974 457.022958208295
16.91985 427.089567139791
16.93996 407.034512880138
16.96008 394.990694700625
16.98019 413.001078555934
17.00031 406.016130141204
17.02042 445.971670347758
17.04053 371.968891505589
17.06065 414.040596284979
17.08076 388.987283713152
17.10087 436.959664680766
17.12099 413.020996877959
17.1411 389
17.16121 394.998327872869
17.18133 390.02772699759
17.20144 423.026313349542
17.22156 406.04644125387
17.24167 402.969881538894
17.26178 434.970700921926
17.2819 446
17.30201 428.994186060406
17.32212 423.989748671738
17.34224 402.949933849098
17.36235 393.9478830886
17.38247 429.96665773445
17.40258 430.002170831397
17.42269 428.009752796016
17.44281 409.008797467391
17.46292 446.002932197209
17.48303 409.960155675511
17.50315 414.019989681291
17.52326 410.010811806471
17.54338 412.98938798682
17.56349 434.98123539103
17.5836 460
17.60372 402.948893903895
17.62383 396.051152419512
17.64394 443.068601646116
17.66406 453.996796283797
17.68417 456.003211345594
17.70428 432.05862031359
17.7244 382
17.74451 454.030290554207
17.76463 457.952652661469
17.78474 425.964054741323
17.80485 435.905926521754
17.82497 464.028822694957
17.84508 411.03502822602
17.86519 419.986080138919
17.88531 435.99911410184
17.90542 415.967256091246
17.92554 393.008872648938
17.94565 413.015712177772
17.96576 404.987686880785
17.98588 428.98323186881
18.00599 433.993316732437
18.0261 450
18.04622 418.972163416806
18.06633 412.008413401759
18.08645 421.028573155572
18.10656 428.007242336002
18.12667 428.959776584713
18.14679 460.004163055388
18.1669 415
18.18701 421.016394888941
18.20713 446.999292885025
18.22724 432.003521072795
18.24735 456.942374290118
18.26747 453.047065295517
18.28758 435.960095812729
18.3077 486
18.32781 402.990961780204
18.34792 456.013051096874
18.36804 401.925155568916
18.38815 432.83086215194
18.40826 465.090384317447
18.42838 394.002535137968
18.44849 449.994888288268
18.46861 398.988380219535
18.48872 438.047173487035
18.50883 449.979958557535
18.52895 420.888370575904
18.54906 390.967923539714
18.56917 429.988498973487
18.58929 407.997823200102
18.6094 448
18.62951 428.971912527465
18.64963 381.998710461895
18.66974 426.10215097383
18.68986 442.048902858082
18.70997 402.037709281167
18.73008 404.985609702519
18.7502 413
18.77031 412.002521881298
18.79042 431.033229333078
18.81054 460.010606375734
18.83065 452.972247809612
18.85077 476.003111766994
18.87088 459.981740850287
18.89099 501.996769231324
18.91111 479.006383349153
18.93122 539.053106488059
18.95133 536.921527628594
18.97145 495.061957391078
18.99156 549.021886266448
19.01168 493.984205102668
19.03179 569.994938507298
19.0519 491
19.07202 498.035216233191
19.09213 515.998072907918
19.11224 509.005334565135
19.13236 524.965384002218
19.15247 533.000604327559
19.17258 537.976856605421
19.1927 566
19.21281 562.011801059052
19.23293 609.04164619386
19.25304 587.885147284234
19.27315 563.831411387958
19.29327 659.000724504655
19.31338 585.00210492547
19.33349 664.986814721225
19.35361 607.982750962058
19.37372 655.082107261212
19.39384 694.931162645061
19.41395 614.838751112948
19.43406 611.910406909565
19.45418 641.036829410516
19.47429 573.006786689032
19.4944 618
19.51452 596.996004139424
19.53463 633.058064893934
19.55475 637.928336987532
19.57486 598.056437487282
19.59497 597.966220278123
19.61509 617.002645041691
19.6352 606
19.65531 654.01269279211
19.67543 630.925529312995
19.69554 602.036116056652
19.71565 638.004457228379
19.73577 605.003056441072
19.75588 640.981362450746
19.776 633
19.79611 655.990644482176
19.81622 608.991899903522
19.83634 652.078856535719
19.85645 651.060691471594
19.87656 625.046005179776
19.89668 620.97335066284
19.91679 668.976211926551
19.93691 694.000472295228
19.95702 684.996387753744
19.97713 671.921698565091
19.99725 601.911189629459
20.01736 613.957272677577
20.03747 618.998615257449
20.05759 627.991630683602
20.0777 631
20.09782 591.001235442389
20.11793 626.018685235926
20.13804 603.974942538779
20.15816 614.990456427453
20.17827 609.982993439473
20.19838 640.972666393108
20.2185 647
20.23861 639.00373276304
20.25872 661.022154202617
20.27884 670.998762657942
20.29895 658.071090319429
20.31907 630.011723635347
20.33918 643.982267132522
20.35929 633.027067350681
20.37941 580.003974868215
20.39952 637.034450509103
20.41963 614.937660262016
20.43975 585.948923069568
20.45986 569.027477219325
20.47998 557.010928461483
20.50009 548.002621436709
20.5202 542
20.54032 541.035955161594
20.56043 573.946955276828
20.58054 508.013210618308
20.60066 589.887878889446
20.62077 578.03368330953
20.64088 578.999081555873
20.661 560
20.68111 524.988812915458
20.70123 529.047967544269
20.72134 573.075771986565
20.74145 589.011583945414
20.76157 580.993553123646
20.78168 581.036489667243
20.80179 522.017130991381
20.82191 539.024048486796
20.84202 567.979094764078
20.86214 525.993196846064
20.88225 566.072688957449
20.90236 569.963699243045
20.92248 591.027330253945
20.94259 531.012504712207
20.9627 553
20.98282 531.972639848858
21.00293 528.031663046544
21.02305 550.999258886536
21.04316 539.968528607117
21.06327 565.031277495492
21.08339 507.015203938966
21.1035 529
21.12361 533.985492436432
21.14373 500.996265018193
21.16384 534.078590910897
21.18395 547.043641237874
21.20407 523.003668461289
21.22418 537.002771561259
21.2443 520
21.26441 548.008414903136
21.28452 532.966690760856
21.30464 513.023974098152
21.32475 546.932795595867
21.34486 553.994751676949
21.36498 560.995579097242
21.38509 560.999699881954
21.40521 552.98463869635
21.42532 523.008857113785
21.44543 573.082854900701
21.46555 588.917410165634
21.48566 537.060483876496
21.50577 541.978741472893
21.52589 542.005769572191
21.546 531
21.56612 542.014774954711
21.58623 551.002070608369
21.60634 554.031022470046
21.62646 566.037313771147
21.64657 533.005457815694
21.66668 558.987946946904
21.6868 531
21.70691 509.020248732997
21.72702 573.013877509522
21.74714 523.89688384729
21.76725 508.003434825371
21.78737 503.007880814326
21.80748 514.956761375374
21.82759 569.983928995019
21.84771 575.003690587149
21.86782 617.078762721304
21.88793 706.103067643475
21.90805 728.950916567312
21.92816 745.743325722483
21.94828 945.846695924205
21.96839 998.993033630695
21.9885 1034
22.00862 1057.94698319863
22.02873 923.744188102361
22.04884 790.876568055681
22.06896 762.130446382779
22.08907 652.137231986488
22.10919 604.020359602587
22.1293 559
22.14941 568.013252104231
22.16953 583.987801630346
22.18964 555.940025716666
22.20975 536.037289624309
22.22987 522.017279013225
22.24998 516.995756942323
22.27009 518.008714820006
22.29021 494.999942114795
22.31032 526.041882506162
22.33044 543.957473386766
22.35055 516.032749279932
22.37066 542.073772603345
22.39078 461.029633057065
22.41089 494.992567312197
22.431 462
22.45112 475.032629578574
22.47123 503.027952024987
22.49135 529.135163541574
22.51146 563.111515859073
22.53157 465.033412346123
22.55169 525.983177666433
22.5718 494
22.59191 503.000373184984
22.61203 478.966895188312
22.63214 484.062017951361
22.65225 506.053466451611
22.67237 471.972027329636
22.69248 537.958100332417
22.7126 524
22.73271 527.024338377823
22.75282 587.024208073149
22.77294 574.995173816316
22.79305 598.947320964365
22.81316 603.990849813809
22.83328 603.027427364776
22.85339 570.996627813223
22.87351 603.000145391407
22.89362 539.899326533905
22.91373 472.017174083216
22.93385 526.033782286671
22.95396 489.029630564998
22.97407 521.949240877018
22.99419 517.018431403525
23.0143 480
23.03442 498.026721035402
23.05453 498.942023155186
23.07464 466.064555625509
23.09476 538.943184861158
23.11487 498.076365746387
23.13498 481.99495893295
23.1551 494
23.17521 515.009317762443
23.19532 514.969383729636
23.21544 488.046502485988
23.23555 535.999679079733
23.25567 492.017867527236
23.27578 518.006457005385
23.29589 470.013862663134
23.31601 492.019839736218
23.33612 506.979340847255
23.35623 473.983677167513
23.37635 499.101457529733
23.39646 531.957424990628
23.41658 536.015717626653
23.43669 524.989612007193
23.4568 558
23.47692 518.968573461543
23.49703 530.066262129914
23.51714 575.043988919761
23.53726 572.013741329629
23.55737 602.866717830824
23.57749 701.980463968479
23.5976 707
23.61771 841.057045738155
23.63783 905.103673013376
23.65794 970.995110882983
23.67805 923.013800652171
23.69817 962.003519428777
23.71828 902.047428212671
23.73839 868.044306651322
23.75851 730.945824422781
23.77862 682.970021372762
23.79874 630.85935950038
23.81885 581.017162060343
23.83896 610.039183317379
23.85908 553.012052752913
23.87919 606.970696040179
23.8993 608
23.91942 536.965405691742
23.93953 548.026662739317
23.95965 556.050471742484
23.97976 580.006253045033
23.99987 555.01626166445
24.01999 558.009667426564
24.0401 527
24.06021 556.998886449514
24.08033 533.033255044211
24.10044 588.012921281506
24.12056 540.053623228314
24.14067 558.978296086213
24.16078 540.030939265862
24.1809 531
24.20101 565.00126028364
24.22112 533.973022952763
24.24124 528.996042897905
24.26135 541.854040104534
24.28146 606.00407237178
24.30158 549.028553264559
24.32169 583.974787594444
24.34181 617.014899162583
24.36192 648.021445781512
24.38203 674.08186026096
24.40215 731.020176913479
24.42226 699.024651006851
24.44237 737.906810517007
24.46249 768.015148177151
24.4826 700
24.50272 684.999336296631
24.52283 677.986704312885
24.54294 652.880990474248
24.56306 582.07787053841
24.58317 583.984943728768
24.60328 570.037012196438
24.6234 548
24.64351 595.995942879715
24.66362 538.974771887976
24.68374 546.925785699852
24.70385 473.05715079444
24.72397 513.954496637867
24.74408 501.014776249488
24.76419 499.008008830993
24.78431 479.006626034479
24.80442 523.034762704192
24.82453 526.986243988489
24.84465 525.019749860329
24.86476 528.038681595577
24.88488 481.061772450477
24.90499 437.002575557585
24.9251 463
24.94522 476.00742327022
24.96533 500.078453986403
24.98544 538.942860225663
25.00556 474.030480945243
25.02567 520.945631635576
25.04579 510.011031516833
25.0659 496
25.08601 480.011358718063
25.10613 515.98704958179
25.12624 459.903333145656
25.14635 465.868598044441
25.16647 519.974280064806
25.18658 495.034255601132
25.20669 476.005724219608
25.22681 471.004197701307
25.24692 488.013713394321
25.26704 502.058599002653
25.28715 518.904024218284
25.30726 454.037438046417
25.32738 487.978825096485
25.34749 467.013556643586
25.3676 476
25.38772 537.030080512946
25.40783 521.947865811332
25.42795 504.026244140044
25.44806 524.996575998821
25.46817 509.003830630344
25.48829 522.998807931858
25.5084 503
25.52851 497.009781312381
25.54863 535.063303637671
25.56874 553.963269967637
25.58886 530.961369252397
25.60897 583.953880948628
25.62908 578.001760042127
25.6492 590
25.66931 568.999156676987
25.68942 583.994745112011
25.70954 548.925708859982
25.72965 521.084344727861
25.74976 494.977319618181
25.76988 523.006046438782
25.78999 492.99648513397
25.81011 541.015756132274
25.83022 533.989145793003
25.85033 541.01796795986
25.87045 565.138970878689
25.89056 628.944383809329
25.91067 640.91105562797
25.93079 725.987935936875
25.9509 690
25.97102 724.007537211592
25.99113 676.910181613289
26.01124 640.96864369223
26.03136 625.064482468567
26.05147 575.078038226142
26.07158 540.013425919232
26.0917 541
26.11181 526.979057406746
26.13193 478.967543222429
26.15204 493.054506497784
26.17215 506.017120957038
26.19227 497.977634820775
26.21238 523.002199720823
26.23249 499.999994435801
26.25261 517.993560959619
26.27272 467.955835591311
26.29283 466.051763628111
26.31295 505.041716200717
26.33306 505.964318156376
26.35318 548.956964615868
26.37329 577.987530771593
26.3934 588
26.41352 567.047792015096
26.43363 665.09809445443
26.45374 661.947401010608
26.47386 643.051303584647
26.49397 607.052354688686
26.51409 594.989035506304
26.5342 635
26.55431 646.003822689553
26.57443 659.015613157088
26.59454 654.954970638163
26.61465 650.861257993036
26.63477 725.981702110991
26.65488 676.029156379881
26.67499 692.997120845459
26.69511 660.980696198376
26.71522 634.975609817622
26.73534 605.943948858821
26.75545 572.878476481662
26.77556 531.002126729203
26.79568 557.991514687874
26.81579 529.019373336217
26.8359 501
26.85602 504.058668782201
26.87613 570.997028113069
26.89625 509.916667896365
26.91636 525.997502265392
26.93647 486.064616602347
26.95659 471.995095158653
26.9767 501
26.99681 532.989058461645
27.01693 474.941984213329
27.03704 496.133203329974
27.05716 539.073697453604
27.07727 471.986934454448
27.09738 558.938973844338
27.1175 541
27.13761 518.001567602907
27.15772 539.028143858016
27.17784 555.995338380917
27.19795 527.135590106431
27.21806 480.014472998376
27.23818 506.976987867249
27.25829 519.982706185614
27.27841 554.990901711942
27.29852 512.014217957566
27.31863 577.040961484661
27.33875 556.018867805508
27.35886 602.960124046784
27.37897 580.023852408083
27.39909 594.990178276964
27.4192 608
27.43932 647.052128906269
27.45943 713.126178205469
27.47954 796.112435870904
27.49966 833.897134342876
27.51977 917.847864293229
27.53988 1005.94376038299
27.56 1039
27.58011 1094.03324721658
27.60023 1165.11273353995
27.62034 1230.07760346544
27.64045 1202.29831778069
27.66057 1075.03537914785
27.68068 1143.96029403076
27.70079 1153.94962130016
27.72091 1319.0396326353
27.74102 1312.05346043059
27.76113 1458.18347993729
27.78125 1483.92510128924
27.80136 1450.05235301744
27.82148 1433.01715389263
27.84159 1393.03766578713
27.8617 1287
27.88182 1178.90550413212
27.90193 1087.85183306179
27.92204 1000.91662568827
27.94216 1012.91668613061
27.96227 1073.86070899536
27.98239 1185.94847347945
28.0025 1251
28.02261 1245.99145976892
28.04273 1205.86589990394
28.06284 1081.76955093414
28.08295 994.202902641668
28.10307 896.170775005925
28.12318 791.069331465018
28.1433 726
28.16341 582.957232387496
28.18352 578.017095570248
28.20364 570.962514894502
28.22375 551.950567263105
28.24386 536.012884727541
28.26398 555.942377802755
28.28409 613.995693561549
28.3042 572
28.32432 561.009898841298
28.34443 576.024812642318
28.36455 613.198289485349
28.38466 709.869531732059
28.40477 720.032815052812
28.42489 704.996232236497
28.445 730
28.46511 751.021845864982
28.48523 773.902372452743
28.50534 657.876900424383
28.52546 660.057114676893
28.54557 588.049052547652
28.56568 590.049927392681
28.5858 484
28.60591 478.013197982875
28.62602 491.995925163618
28.64614 484.01557410122
28.66625 512.91178558149
28.68636 529.029674568696
28.70648 513.972679481903
28.72659 558.004035217555
28.74671 498.980192071868
28.76682 521.056329564012
28.78693 559.994540139974
28.80705 527.947137416425
28.82716 528.014173731621
28.84727 519.961393068224
28.86739 547.019709870061
28.8875 477
28.90762 551.036295693663
28.92773 500.883274398266
28.94784 455.983008295862
28.96796 476.920015397449
28.98807 512.972306479593
29.00818 520.98236342388
29.0283 533
29.04841 482.993234079181
29.06853 514.040346835573
29.08864 508.966607892448
29.10875 498.019414881601
29.12887 498.972927394554
29.14898 525.980973988886
29.16909 526.006745953209
29.18921 513.999585631472
29.20932 519.998920712348
29.22943 515.012154443739
29.24955 537.048814903901
29.26966 551.952145923833
29.28978 558.052783890585
29.30989 484.007746757815
29.33 537
29.35012 547.99889612935
29.37023 576.103623239349
29.39034 648.046842045117
29.41046 623.044835797481
29.43057 630.976685882964
29.45069 642.990038150687
29.4708 664
29.49091 663.013391764224
29.51103 724.103213901507
29.53114 756.956712278949
29.55125 724.948259387487
29.57137 786.957505025435
29.59148 780.966607345
29.6116 866
29.63171 887.995684356416
29.65182 897.053483819437
29.67194 1006.29451726305
29.69205 1144.23714803949
29.71216 1245.62488346062
29.73228 1488.81725996534
29.75239 1585.95164131564
29.7725 1720
29.79262 1766.96367788563
29.81273 1680.86292304802
29.83285 1587.66867280922
29.85296 1416.33483032397
29.87307 1280.17251114226
29.89319 1163.06395340187
29.9133 1004
29.93341 828.959924199918
29.95353 820.95757024002
29.97364 745.890234073017
29.99376 730.046784281083
30.01387 693.013937599769
30.03398 715.981492506998
30.0541 709
30.07421 720.030587978481
30.09432 775.972196648021
30.11444 712.051955339499
30.13455 803.982068999315
30.15467 717.059695446153
30.17478 768.952899123559
30.19489 793.959350797405
30.21501 910.024174403827
30.23512 902.047458905547
30.25523 1020.13585504035
30.27535 1062.1688772914
30.29546 1160.88162857022
30.31557 1147.07717757128
30.33569 1125.97883793298
30.3558 1176
30.37592 1087.97022700343
30.39603 1117.96679140945
30.41614 1008.76367515389
30.43626 936.094935037945
30.45637 890.068981238517
30.47648 837.064083557574
30.4966 789
30.51671 813.99590709503
30.53683 752.886358322269
30.55694 695.918210154399
30.57705 669.027446977765
30.59717 669.988698712853
30.61728 678.989359170305
30.63739 690.993710223479
30.65751 704.006833232361
30.67762 717.010364364834
30.69773 733.047196429325
30.71785 781.137414934049
30.73796 821.972313086079
30.75808 826.973572125395
30.77819 882.968792912301
30.7983 925
30.81842 897.916569399747
30.83853 815.987782677782
30.85864 854.976303142101
30.87876 760.22108920506
30.89887 688.06531530155
30.91899 650.021916544303
30.9391 604
30.95921 576.976676852472
30.97933 519.951548632729
30.99944 524.035905346198
31.01955 530.024094022252
31.03967 514.013938653691
31.05978 524.968208479369
31.0799 555
31.10001 536.993212499829
31.12012 533.987245516947
31.14024 524.051637643587
31.16035 561.025094590887
31.18046 513.037175411448
31.20058 548.95190827111
31.22069 561.015272143427
31.2408 532
31.26092 587.014205116765
31.28103 553.977593998189
31.30115 567.972536992584
31.32126 525.05488498362
31.34137 534.966216803788
31.36149 555.985084598441
31.3816 577
31.40171 546.003162219381
31.42183 589.040637089364
31.44194 596.068705106878
31.46206 657.918381361945
31.48217 646.073303442949
31.50228 613.976507030751
31.5224 666
31.54251 622.973133927419
31.56262 584.9589278565
31.58274 538.934527568539
31.60285 532.957739701978
31.62297 549.007369255277
31.64308 515.050782792772
31.66319 481.995953425354
31.68331 512.004650759645
31.70342 493.990408541312
31.72353 508.02586272243
31.74365 508.963264447564
31.76376 501.952954021097
31.78387 532.0160536554
31.80399 489.009570896544
31.8241 508
31.84422 501.995530105228
31.86433 504.990072352328
31.88444 488.984106887563
31.90456 499.953319654806
31.92467 502.069937688671
31.94478 440.015608802542
31.9649 472
31.98501 457.996238793165
32.00513 463.980543974691
32.02524 446.046950574127
32.04535 487.030974797651
32.06547 423.063798687119
32.08558 434.972931918433
32.10569 433.017956705969
32.12581 408.018072485029
32.14592 474.013829225046
32.16604 437.995696648255
32.18615 474.995675638718
32.20626 426.053097895933
32.22638 452.957557749624
32.24649 467.010452114459
32.2666 440
32.28672 461.996037995295
32.30683 436.001899077318
32.32694 457.974323550219
32.34706 417.012737820634
32.36717 450.973498903589
32.38729 437.002191550234
32.4074 454
32.42751 439.989002892068
32.44763 436.038237802223
32.46774 464.989516808687
32.48785 434.025883755198
32.50797 461.94342672622
32.52808 485.985335070998
32.5482 497
32.56831 507.007718943372
32.58842 513.980821229574
32.60854 484.991104222135
32.62865 513.908213121689
32.64876 537.968843664406
32.66888 536.033237633639
32.68899 501.99497375346
32.7091 545
32.72922 505.922776790241
32.74933 454.026377030078
32.76945 506.018086464614
32.78956 467.015590327284
32.80967 497.004221975449
32.82979 439.032074218923
32.8499 430
32.87001 503.008597921657
32.89013 462.955169745953
32.91024 473.026256855144
32.93036 467.021205369431
32.95047 468.974037880956
32.97058 478.025860354279
32.9907 439
33.01081 471.008900790723
33.03092 460.997584168549
33.05104 486.073539125637
33.07115 503.048445829872
33.09127 465.033022593564
33.11138 466.00314610896
33.13149 450.005069473255
33.15161 453.002436991654
33.17172 449.99060743938
33.19183 433.963911631687
33.21195 427.092710826794
33.23206 490.909229901036
33.25217 492.037751064928
33.27229 476.993178796506
33.2924 498
33.31252 457.975969439924
33.33263 466.018563537742
33.35274 462.978749178504
33.37286 455.005282813043
33.39297 449.030699839179
33.41308 443.948287808101
33.4332 513
33.45331 460.99087706274
33.47343 488.995672971553
33.49354 453.011108698125
33.51365 505.922407026748
33.53377 488.038075430481
33.55388 476.019005895899
33.57399 462.986598492126
33.59411 507.002082321532
33.61422 475.995203215495
33.63434 517.090196030667
33.65445 527.948374439528
33.67456 522.889871883852
33.69468 590.014666102314
33.71479 514.011430850577
33.7349 564
33.75502 543.999043652919
33.77513 588.071115000357
33.79524 596.938612820929
33.81536 544.110808662428
33.83547 522.952054305722
33.85559 571.99464037819
33.8757 538
33.89581 541.008366516433
33.91593 545.980331715355
33.93604 523.969731527503
33.95615 520.00961627629
33.97627 518.97643954888
33.99638 547.97553286352
34.0165 548
34.03661 510.986494420643
34.05672 516.039584560817
34.07684 553.994070997153
34.09695 535.920605132323
34.11706 598.979852369926
34.13718 536.071307293814
34.15729 502.007173296281
34.17741 508.022541112654
34.19752 563.016135332645
34.21763 529.933656696957
34.23775 529.14887536687
34.25786 602.953013397097
34.27797 565.070034068097
34.29809 551.994507639307
34.3182 563
34.33831 552.001137761806
34.35843 566.004776253084
34.37854 572.089313573398
34.39866 617.059541413036
34.41877 541.027638364159
34.43888 578.013451463522
34.459 522
34.47911 616.031694029372
34.49922 596.954186901636
34.51934 589.0788496244
34.53945 643.930085903555
34.55957 627.057329853411
34.57968 606.985427433558
34.59979 645.981772256353
34.61991 653.989948652806
34.64002 624.981256949003
34.66013 634.053268814282
34.68025 665.99776942256
34.70036 641.022096394646
34.72047 667.923345429598
34.74059 706.998243051744
34.7607 691
34.78082 724.032839798597
34.80093 750.061652617909
34.82104 809.113270296571
34.84116 844.96912565387
34.86127 858.954548035106
34.88138 904.957681859807
34.9015 919
34.92161 899.010780511893
34.94173 940.999802179775
34.96184 909.016923205219
34.98195 927.187770060505
35.00207 793.08054456204
35.02218 829.003289716413
35.04229 753.026132172295
35.06241 758.000151904376
35.08252 726.97328492852
35.10264 726.02230942592
35.12275 721.917731729894
35.14286 681.027168537226
35.16298 703.966156019755
35.18309 715.010172324862
35.2032 685
35.22332 708.035816304207
35.24343 734.018061846985
35.26354 758.130603796367
35.28366 847.867913996079
35.30377 865.01656245764
35.32389 853.003387931751
35.344 888
35.36411 1009.0226004463
35.38423 983.998233884043
35.40434 1057.20677085549
35.42445 1148.80254808963
35.44457 1233.83850407325
35.46468 1348.91277380529
35.4848 1383
35.50491 1361.99905150682
35.52502 1419.12683528145
35.54514 1517.92016489997
35.56525 1360.35492006988
35.58536 1319.96432492362
35.60548 1341.98356918627
35.62559 1320.04174302689
35.64571 1198.94543060507
35.66582 1159.03969347941
35.68593 1225.0423178756
35.70605 1205.96848403907
35.72616 1216.00910433819
35.74627 1188.03421907287
35.76639 1165.0282495824
35.7865 1106
35.80661 1142.98715707306
35.82673 1030.81177727357
35.84684 950.909578649784
35.86696 922.036948496693
35.88707 887.107085371657
35.90718 794.077772808846
35.9273 749
35.94741 716.983086390128
35.96752 663.911096616902
35.98764 573.925140188047
36.00775 602.859023893658
36.02787 639.986843770786
36.04798 619.043451209664
36.06809 592.98759483456
36.08821 629.988414390283
36.10832 556.960222323068
36.12843 575.027615560536
36.14855 566.989619177947
36.16866 574.009474849044
36.18878 553.018626282002
36.20889 554.988748863213
36.229 568
36.24912 519.979757250908
36.26923 542.045437180747
36.28934 546.959095656133
36.30946 524.004148817081
36.32957 548.94766585865
36.34968 553.050883707601
36.3698 489
36.38991 533.015880231427
36.41003 518.958776647784
36.43014 514.043169551011
36.45025 547.93153115593
36.47037 552.026986133652
36.49048 532.003036545285
36.51059 541.999904368523
36.53071 529.998172388285
36.55082 553.047360858065
36.57094 598.034391554921
36.59105 575.880216060202
36.61116 532.044300214439
36.63128 536.979404172904
36.65139 560.986880007132
36.6715 571
36.69162 535.995484429884
36.71173 560.014242482257
36.73184 540.962496856011
36.75196 544.958689332876
36.77207 553.041991204037
36.79219 519.991512261694
36.8123 571
36.83241 542.998428711415
36.85253 575.016309113621
36.87264 540.9066134361
36.89275 522.948087589891
36.91287 558.973741164044
36.93298 545.024937700478
36.9531 541
36.97321 558.976222837368
36.99332 480.982469431106
37.01344 537.104766473672
37.03355 542.025295875899
37.05366 548.952879460266
37.07378 563.02154737079
37.09389 531.993976148718
37.11401 582.014953195963
37.13412 580.011467678961
37.15423 610.011861213736
37.17435 586.943910598214
37.19446 586.973529211024
37.21457 593.018726530209
37.23469 569.008436247528
37.2548 563
37.27491 546.994766560001
37.29503 560.063875925397
37.31514 585.913058283386
37.33526 498.10601130592
37.35537 507.96484489525
37.37548 511.001954747185
37.3956 516
37.41571 516.993373321526
37.43582 509.023859270569
37.45594 546.00890109526
37.47605 505.133045110548
37.49617 482.969047642845
37.51628 517.990821753398
37.53639 496.009190319491
37.55651 513.02471158431
37.57662 555.999753754819
37.59673 520.962834800736
37.61685 514.942704400072
37.63696 481.999619002047
37.65708 517.968711703471
37.67719 519.007433925035
37.6973 512
37.71742 531.009382110039
37.73753 516.950417627143
37.75764 499.054696987974
37.77776 550.950518580841
37.79787 541.002105178509
37.81798 556.004301377228
37.8381 531
37.85821 533.991530632355
37.87833 513.037740347191
37.89844 569.042244409727
37.91855 537.094472506609
37.93867 511.064437720062
37.95878 465.005212053314
37.97889 499.984635323317
37.99901 509.00683285509
38.01912 533.013169759566
38.03924 520.938683179188
38.05935 484.915184326253
38.07946 461.024782323296
38.09958 469.960984415388
38.11969 515.989821539242
38.1398 507
38.15992 514.013375870883
38.18003 514.970355864684
38.20015 497.037273612291
38.22026 530.984408754663
38.24037 502.047022635939
38.26049 495.993467041352
38.2806 510
38.30071 494.986183750987
38.32083 478.018255338154
38.34094 506.023943448467
38.36105 496.015801733273
38.38117 502.993560598932
38.40128 498.004851657936
38.4214 487
38.44151 451.999096430932
38.46162 487.039995524652
38.48174 501.981925841668
38.50185 490.979842351729
38.52196 505.028432434847
38.54208 481.97776573733
38.56219 529.001643460328
38.58231 481.995561112267
38.60242 537.062930600061
38.62253 544.917471671638
38.64265 469.892201895907
38.66276 474.962378561279
38.68287 478.012063320953
38.70299 470.000747658222
38.7231 485
38.74321 511.99360766496
38.76333 475.984006509296
38.78344 500.03985973073
38.80356 488.06611062949
38.82367 471.956911387482
38.84378 521.980684506679
38.8639 499
38.88401 491.995947098018
38.90412 478.997879944085
38.92424 502.093151782378
38.94435 535.043003472778
38.96447 483.05190960353
38.98458 497.955028272919
39.00469 536.992105903618
39.02481 525.987763077406
39.04492 504.986615327862
39.06503 500.000674258998
39.08515 514.096416501113
39.10526 552.993525105683
39.12538 541.968310380357
39.14549 603.988978898078
39.1656 565
39.18572 563.060031310135
39.20583 624.985216842753
39.22594 562.957734518863
39.24606 611.88970334255
39.26617 626.01751724761
39.28628 624.969508746291
39.3064 667
39.32651 636.978826954528
39.34663 612.994522563007
39.36674 623.030589507001
39.38685 617.113329373069
39.40697 566.005844710685
39.42708 597.996156676213
39.44719 559.016091588729
39.46731 546.986302657164
39.48742 510.998425327316
39.50754 540.025909041608
39.52765 520.948150345925
39.54776 513.020843907445
39.56788 495.014956250755
39.58799 498.985788372142
39.6081 534
39.62822 513.945874674981
39.64833 466.998342948924
39.66845 507.095017924401
39.68856 517.997916367414
39.70867 515.027822573088
39.72879 492.002166828349
39.7489 501
39.76901 481.999142837377
39.78913 497.001341840815
39.80924 484.007916457906
39.82935 511.930578102122
39.84947 520.011632165253
39.86958 509.005589756625
39.8897 492
39.90981 445.014313615148
39.92992 532.058573317094
39.95004 518.915238379302
39.97015 494.005641706732
39.99026 504.98018871934
40.01038 492.043244956041
40.03049 450.000481870382
40.05061 493.024974214077
40.07072 511.986112053285
40.09083 484.972423495646
40.11095 485.017402848344
40.13106 482.036615558994
40.15117 470.963281642591
40.17129 502.010095433007
40.1914 455
40.21152 515.024353047804
40.23163 479.952276271372
40.25174 472.955389247732
40.27186 442.978420757186
40.29197 489.954899878571
40.31208 486.002497008336
40.3322 494
40.35231 469.993723048343
40.37242 484.028625962942
40.39254 512.046875252017
40.41265 514.081889616347
40.43277 482.968411228286
40.45288 545.956368902028
40.47299 541.011145629627
40.49311 526.99443389586
40.51322 516.995174912286
40.53333 515.9964323433
40.55345 515.020953436496
40.57356 526.996729914206
40.59368 531.96429608642
40.61379 575.999159936357
40.6339 546
40.65402 583.021223658285
40.67413 560.94019172089
40.69424 539.0139511081
40.71436 565.946670829601
40.73447 585.960438795353
40.75458 605.015759649684
40.7747 574
40.79481 604.004279108803
40.81493 584.996235104303
40.83504 590.925621363508
40.85515 531.023837393252
40.87527 562.016440138541
40.89538 514.994089812003
40.91549 579.979636582017
40.93561 563.988772203764
40.95572 562.998466408585
40.97584 547.961540767347
40.99595 544.054603391276
41.01606 567.022865125333
41.03618 541.98222306263
41.05629 587.998593551578
41.0764 539
41.09652 549.032244086624
41.11663 562.970653388068
41.13675 520.905534282446
41.15686 502.022030000846
41.17697 495.98867144089
41.19709 504.006663875977
41.2172 481
41.23731 507.009071873567
41.25743 504.996972196222
41.27754 515.027804705749
41.29765 510.096136134744
41.31777 474.969014534517
41.33788 525.996809549755
41.358 471
41.37811 481.021347717666
41.39822 519.017508378014
41.41834 510.953352662263
41.43845 492.011600090617
41.45856 504.951768516107
41.47868 518.014265992709
41.49879 488.0088276776
41.51891 486.996149356609
41.53902 456.955837187858
41.55913 440.066231928789
41.57925 504.02019293807
41.59936 456.057367251208
41.61947 473.974073715288
41.63959 476.988846859363
41.6597 507
41.67982 466.980031121871
41.69993 475.993362148817
41.72004 450.979493112547
41.74016 476.903824765442
41.76027 515.982467096107
41.78038 498.031905207539
41.8005 479
41.82061 510.022772093233
41.84072 545.009260585246
41.86084 529.953944880676
41.88095 517.994073416779
41.90107 531.970566390518
41.92118 557.961518560755
41.94129 590.99873842526
41.96141 565.987705497227
41.98152 554.988438327017
42.00163 550.034654569882
42.02175 593.081909834892
42.04186 588.081416625831
42.06198 553.986360366683
42.08209 592.001070955478
42.1022 538
42.12232 543.066845733297
42.14243 630.090167691232
42.16254 645.999653694003
42.18266 654.970007137891
42.20277 682.92429711618
42.22289 732.992100655676
42.243 718
42.26311 736.01479495046
42.28323 755.001716581415
42.30334 738.949269358146
42.32345 720.009948791867
42.34357 715.045183411339
42.36368 669.027584757789
42.38379 670.995503815643
42.40391 660.983850509245
42.42402 623.979899252389
42.44414 621.99275914428
42.46425 606.959314020534
42.48436 586.076746694457
42.50448 550.997045200258
42.52459 572.007708871346
42.5447 517
42.56482 524.042872629527
42.58493 561.00377341466
42.60505 544.016451832574
42.62516 568.015804817339
42.64527 526.043113604893
42.66539 525.002832696715
42.6855 516
42.70561 549.997057658543
42.72573 511.985013470213
42.74584 551.098507733427
42.76595 574.998054024656
42.78607 568.002934300354
42.80618 569.010892556162
42.8263 549
42.84641 567.024703057388
42.86652 623.034399996613
42.88664 610.888154663959
42.90675 566.944228870592
42.92686 622.994475664646
42.94698 553.074397621912
42.96709 534.983926060679
42.98721 581.01460777521
43.00732 574.970266064432
43.02743 542.964363676251
43.04755 532.998750348492
43.06766 540.960618070916
43.08777 571.943002273354
43.10789 581.026142248803
43.128 497
43.14812 501.02374728055
43.16823 527.07067308246
43.18834 558.921795509779
43.20846 477.078628081533
43.22857 505.941788688135
43.24868 511.014381965985
43.2688 501
43.28891 504.990453725226
43.30902 470.982887389541
43.32914 476.002169923669
43.34925 462.034909062477
43.36937 460.984918896787
43.38948 471.996477867005
43.40959 474.991158751528
43.42971 493.995673812729
43.44982 464.987000979218
43.46993 479.024024985305
43.49005 475.954137884824
43.51016 451.051899166687
43.53028 444.970117118801
43.55039 483.997625211362
43.5705 456
43.59062 468.011273041706
43.61073 467.005404843714
43.63084 475.99648069526
43.65096 463.016800501344
43.67107 458.027369924462
43.69119 435.001039614643
43.7113 463
43.73141 484.992758459302
43.75153 452.979922417873
43.77164 468.035055222742
43.79175 465.052026625335
43.81187 436.04461443557
43.83198 418.9975563594
43.85209 434.991561757593
43.87221 441.999350501843
43.89232 440.003248540758
43.91244 444.994534356535
43.93255 444.048989826371
43.95266 469.008185746458
43.97278 434.033193683188
43.99289 432.985309634798
44.013 465
44.03312 451.99488832123
44.05323 464.014185766748
44.07335 471.059987595041
44.09346 495.025923297986
44.11357 455.030082372074
44.13369 463.999791713351
44.1538 441
44.17391 448.022753818975
44.19403 499.021736210567
44.21414 488.031297436074
44.23426 528.975717689163
44.25437 513.980397507442
44.27448 553.990034675194
44.2946 527
44.31471 554.022867084909
44.33482 590.01899717806
44.35494 584.941339468762
44.37505 549.059260144112
44.39516 557.912383209263
44.41528 595.014492627526
44.43539 539.021140719514
44.45551 527.991778582064
44.47562 523.060291844929
44.49573 592.954167282565
44.51585 483.862094162035
44.53596 521.921038281327
44.55607 527.957061817546
44.57619 589.975630548006
44.5963 578
44.61642 507.000978718437
44.63653 560.025578478004
44.65664 525.974235869174
44.67676 555.955402132572
44.69687 551.998266820719
44.71698 558.020995739992
44.7371 533
44.75721 589.004183820106
44.77732 544.975903950742
44.79744 563.021188442493
44.81755 555.963921615695
44.83767 569.075794954673
44.85778 490.008893377415
44.87789 547.988497460974
44.89801 502.977908537276
44.91812 508.034538073271
44.93823 533.997859884648
44.95835 506.919894685303
44.97846 481.056401322318
44.99858 470.962239710142
45.01869 519.004815394645
45.0388 452
45.05892 455.041795136041
45.07903 494.020970078322
45.09914 480.959323445067
45.11926 467.0260814662
45.13937 465.958146903445
45.15949 499.001635427863
45.1796 474
45.19971 521.016179882351
45.21983 517.988997259941
45.23994 529.041981256693
45.26005 535.064511662546
45.28017 497.019845424499
45.30028 513.98417348692
45.32039 514.998158677818
45.34051 522.998143397896
45.36062 515.011147390123
45.38074 523.924164632774
45.40085 478.074464915068
45.42096 541.060746970783
45.44108 441.018857202377
45.46119 526.968198870564
45.4813 493
45.50142 438.994903651276
45.52153 480.09317613078
45.54165 500.85365209624
45.56176 424.983932541914
45.58187 504.941710649968
45.60199 464.023269569536
45.6221 472
45.64221 502.983669375152
45.66233 437.970351835273
45.68244 482.099208191157
45.70256 476.129957974044
45.72267 402.042705670491
45.74278 430.955908343349
45.7629 444
45.78301 414.999231136636
45.80312 436.004901932876
45.82324 426.029414196817
45.84335 465.936251789813
45.86346 463.012998126905
45.88358 465.002508573999
45.90369 457.00067967888
45.92381 464.002467524641
45.94392 466.008466741095
45.96403 477.000037150548
45.98415 475.045690415841
46.00426 499.015006848973
46.02437 468.013956063382
46.04449 494.983734825929
46.0646 498
46.08472 457.982346567913
46.10483 468.018828963185
46.12494 462.96454264521
46.14506 448.002446145965
46.16517 461.970338451618
46.18528 471.009220298938
46.2054 455
46.22551 446.976146867188
46.24563 394.018703862935
46.26574 453.032495878042
46.28585 413.051438070012
46.30597 442.945815702436
46.32608 444.031358114465
46.34619 425.980655935297
46.36631 495.014310345541
46.38642 451.924178140711
46.40653 406.013620564793
46.42665 450.084685286178
46.44676 441.080158655053
46.46688 417.969113272146
46.48699 478.985155227004
46.5071 466
46.52722 465.956532315066
46.54733 412.02820981354
46.56744 484.045010050689
46.58756 441.044105656114
46.60767 465.981845840452
46.62779 449.00114284046
46.6479 466
46.66801 434.986177030523
46.68813 434.027171743582
46.70824 446.982035973031
46.72835 436.933411747442
46.74847 482.985385037666
46.76858 438.06228228991
46.78869 411.986265218493
46.80881 455.001471922825
46.82892 421.990463872095
46.84904 453.058849549306
46.86915 447.922862306971
46.88926 419.01464022014
46.90938 430.990322253709
46.92949 429.999274575373
46.9496 437
46.96972 442.024711055908
46.98983 475.018359655284
47.00995 454.912208378203
47.03006 436.97019974967
47.05017 471.960333540443
47.07029 480.99461067299
47.0904 477
47.11051 414.003884053101
47.13063 492.102734194668
47.15074 499.949055341771
47.17086 474.040239315064
47.19097 463.006248623511
47.21108 458.011016621929
47.2312 451
47.25131 471.000005876171
47.27142 449.98445579115
47.29154 444.969185916306
47.31165 418.045210230304
47.33176 429.913805743751
47.35188 470.9963536187
47.37199 432.025749438235
47.39211 405.002695937904
47.41222 415.982178381804
47.43233 392.040527630376
47.45245 450.028787283611
47.47256 407.056558496858
47.49267 425.954877685931
47.51279 437.999762259962
47.5329 431
47.55302 411.98998100669
47.57313 420.036527755464
47.59324 434.96252208697
47.61336 403.994012822701
47.63347 436.980581127571
47.65358 409.039611242715
47.6737 409
47.69381 480.00182704658
47.71393 420.938671650689
47.73404 435.052022645385
47.75415 446.964294318458
47.77427 449.06235483955
47.79438 400.985046816774
47.81449 462.988401286774
47.83461 425.983516333394
47.85472 428.004360247325
47.87483 405.933566248682
47.89495 373.021635632849
47.91506 421.885838735529
47.93518 456.986689121237
47.95529 454.007334887195
47.9754 437
47.99552 422.979315746281
48.01563 406.006751663891
48.03574 415.963761674814
48.05586 383.995021142771
48.07597 428.929304479382
48.09609 448.99845847641
48.1162 445
48.13631 424.985902203433
48.15643 409.025523049132
48.17654 435.986262517843
48.19665 401.033073117193
48.21677 423.963957739401
48.23688 433.98437583732
48.257 458
48.27711 465.008617221417
48.29722 478.978822095264
48.31734 437.973553571066
48.33745 449.969620470682
48.35756 429.92442596334
48.37768 507.965987380614
48.39779 470.027096455011
48.4179 456
48.43802 497.024389024798
48.45813 480.923890765086
48.47825 435.991122055071
48.49836 459.995246691593
48.51847 432.026890771639
48.53859 446.984816138424
48.5587 463
48.57881 439.996534411836
48.59893 453.013495356985
48.61904 443.965486342812
48.63916 432.999155831063
48.65927 432.030120821418
48.67938 411.982672992681
48.6995 449
48.71961 417.997720031207
48.73972 449.017067677472
48.75984 440.003694503361
48.77995 460.971931331524
48.80006 445.063697659606
48.82018 429.976296246481
48.84029 470.992775190789
48.86041 454.996613764884
48.88052 467.000790601377
48.90063 449.982883047858
48.92075 452.0004163301
48.94086 444.014216092769
48.96097 448.971001206687
48.98109 463.00679999156
49.0012 432
49.02132 456.055171814801
49.04143 491.960937838765
49.06154 442.013753142745
49.08166 502.938111060966
49.10177 483.013006294346
49.12188 507.981502966951
49.142 508
49.16211 518.988406256094
49.18223 469.954831215711
49.20234 480.055098509155
49.22245 492.036049431659
49.24257 476.9684061555
49.26268 512.010366676491
49.28279 464.00907174294
49.30291 486.002601841098
49.32302 458.982259506004
49.34313 465.004787431925
49.36325 463.042240487371
49.38336 486.016253462603
49.40348 449.026261923378
49.42359 450.995679533079
49.4437 445
49.46382 433.018735458411
49.48393 466.012183923657
49.50404 445.974677805404
49.52416 458.957034775246
49.54427 467.01594549799
49.56439 456.992398890077
49.5845 492
49.60461 488.99137747708
49.62473 490.05806166787
49.64484 542.041627788161
49.66495 533.976989509396
49.68507 567.970424657624
49.70518 559.013306271073
49.7253 549
49.74541 516.990382386639
49.76552 519.010660726612
49.78564 531.036815511251
49.80575 544.983294274522
49.82586 536.947891280727
49.84598 566.034897489129
49.86609 484.022176176264
49.8862 510
49.90632 523.983540053597
49.92643 504.004279432507
49.94655 518.975580991361
49.96666 479.076229514252
49.98677 465.993482958214
50.00689 481.985219337305
50.027 498
50.04711 449.991701002159
50.06723 469.010521910984
50.08734 452.994562111953
50.10746 468.992464047087
50.12757 463.969426057993
50.14768 502.984012458619
50.1678 470
50.18791 423.005171037924
50.20802 468.019020659418
50.22814 448.982014860494
50.24825 467.957914754345
50.26837 451.078489700593
50.28848 408.983451801297
50.30859 460.992164738348
50.32871 424.984334367513
50.34882 431.020267105514
50.36893 453.050810243452
50.38905 485.01357854641
50.40916 457.086933075949
50.42927 432.979882638579
50.44939 459.002252944584
50.4695 422
50.48962 427.021662148959
50.50973 442.001775211937
50.52984 436.000771790994
50.54996 450.95212426677
50.57007 468.001148779496
50.59018 452.017738559499
50.6103 434
50.63041 416.01470432322
50.65053 471.033930392593
50.67064 451.974376058796
50.69075 471.921581378486
50.71087 491.990060915382
50.73098 492.995084346136
50.75109 496.007181528557
50.77121 473.997946694936
50.79132 488.006979115123
50.81143 490.035877790057
50.83155 513.937439241272
50.85166 452.073836021769
50.87178 464.973130327761
50.89189 468.011434289917
50.912 447
50.93212 479.01185591825
50.95223 449.92550729521
50.97234 421.027438225833
50.99246 455.975004378801
51.01257 434.037712164258
51.03269 434.987332994229
51.0528 455
51.07291 415.986169978387
51.09303 422.038745947771
51.11314 435.968007385656
51.13325 420.912467071048
51.15337 483.971446232367
51.17348 435.068951410497
51.1936 403
51.21371 440.011829017976
51.23382 440.000703003741
51.25394 458.05468039624
51.27405 475.014304626229
51.29416 447.07474163555
51.31428 432.97016992497
51.33439 475.997799592644
51.3545 440
51.37462 455.038655831059
51.39473 499.071922325894
51.41485 537.035652507455
51.43496 526.048814085061
51.45507 509.99579480301
51.47519 517.006909722889
51.4953 497
51.51541 526.994390037891
51.53553 477.961564960153
51.55564 496.04310785918
51.57576 493.031506398597
51.59587 487.973746253222
51.61598 499.036461007412
51.6361 436
51.65621 464.01919111478
51.67632 466.965484595133
51.69644 423.960420424122
51.71655 431.976842898666
51.73667 439.954184141992
51.75678 476.000233452119
51.77689 426.035582835323
51.79701 393.018624721305
51.81712 463.032709229322
51.83723 437.948893269025
51.85735 429.005510281112
51.87746 441.926054095976
51.89757 475.019443907666
51.91769 437.99833315586
51.9378 486
51.95792 478.989485609663
51.97803 473.960859537757
51.99814 429.93690344515
52.01826 448.845397079377
52.03837 538.928803597514
52.05848 530.024947783323
52.0786 518
52.09871 519.016681927489
52.11883 567.034705659555
52.13894 550.938553611204
52.15905 533.003964359399
52.17917 540.988871527237
52.19928 535.02208658736
52.21939 513.001291411939
52.23951 536.017672507163
52.25962 555.989495750719
52.27974 512.875644352253
52.29985 475.043855619792
52.31996 537.867614542101
52.34008 559.032112863087
52.36019 511.009029495108
52.3803 525
52.40042 498.971153087417
52.42053 489.00789694848
52.44064 502.03366959637
52.46076 510.019929620589
52.48087 480.06401483686
52.50099 448.002168654026
52.5211 470
52.54121 484.997183466133
52.56133 470.993115145163
52.58144 478.006413912007
52.60155 473.998203053547
52.62167 473.031516532177
52.64178 444.006092145498
52.6619 473
52.68201 488.979714173308
52.70212 428.985661740476
52.72224 463.04111867005
52.74235 452.990913542632
52.76246 479.969092077324
52.78258 465.029407671864
52.80269 448.995146507072
52.8228 472
52.84292 453.959589135437
52.86303 426.019457798256
52.88315 467.068976534468
52.90326 467.99639555475
52.92337 474.021106682985
52.94349 443.009977806521
52.9636 447
52.98371 460.008771695402
53.00383 473.995667714249
53.02394 467.029651156731
53.04406 501.946363657816
53.06417 498.044769837037
53.08428 483.961056302284
53.1044 546
53.12451 512.989727830986
53.14462 515.975666637818
53.16474 465.95492821978
53.18485 483.952642708892
53.20497 491.963411324837
53.22508 532.970372308189
53.24519 534.008718635404
53.26531 514.993225559462
53.28542 520.029901168453
53.30553 558.033562611623
53.32565 557.984641417394
53.34576 543.084544119768
53.36587 506.965184917403
53.38599 566.989722462136
53.4061 536
53.42622 554.0158625936
53.44633 534.928255000872
53.46644 479.90886894093
53.48656 473.904006484679
53.50667 534.973239664577
53.52678 507.020457857693
53.5469 504
53.56701 463.001831564536
53.58713 504.02107975814
53.60724 479.981027641066
53.62735 500.963013356124
53.64747 493.016319215831
53.66758 491.998133530182
53.68769 491.001282532096
53.70781 481.989269236168
53.72792 466.013800946943
53.74804 492.998325307965
53.76815 471.010414750714
53.78826 501.978122256921
53.80838 487.997313091747
53.82849 508.001921722434
53.8486 469
53.86872 449.003613317033
53.88883 467.03543303267
53.90894 474.95886816183
53.92906 447.001787703696
53.94917 469.985836481566
53.96929 456.004922062213
53.9894 456
54.00951 433.995775526612
54.02963 453.055155518775
54.04974 483.015259633413
54.06985 462.100467512472
54.08997 431.99836542103
54.11008 454.985312074929
54.1302 448
54.15031 457.019680839976
54.17042 491.985888516363
54.19054 439.932265369388
54.21065 451.924627760506
54.23076 477.946586365828
54.25088 498.996672624268
54.27099 482.013985021371
54.29111 454.9886230267
54.31122 459.050409828181
54.33133 510.98253129902
54.35145 452.944641330669
54.37156 487.936879162868
54.39167 477.048741843162
54.41179 459.992529092195
54.4319 478
54.45201 442.014451181751
54.47213 521.055820976114
54.49224 479.870030240367
54.51236 451.966085210708
54.53247 480.999159221565
54.55258 455.009996402723
54.5727 472
54.59281 461.990557640736
54.61292 459.024350092979
54.63304 487.998251365656
54.65315 463.022082403737
54.67327 481.972543022039
54.69338 469.046406020772
54.71349 429.993882939487
54.73361 476.009084265409
54.75372 457.998519004812
54.77383 486.026643318562
54.79395 477.974901283561
54.81406 477.008781097582
54.83417 471.985357289072
54.85429 501.980088931411
54.8744 515
54.89452 457.991894459217
54.91463 494.016172873577
54.93474 463.965141680542
54.95486 474.995597420824
54.97497 460.004909763687
54.99508 482.965375724699
55.0152 507
55.03531 496.993537620579
55.05543 481.958044504716
55.07554 463.046648406966
55.09565 506.977350396727
55.11577 476.031356239247
55.13588 497.952451674167
55.15599 523.014535836122
55.17611 464.985217099699
55.19622 489.046044384035
55.21634 506.941271283653
55.23645 449.88645992766
55.25656 435.007086543876
55.27668 431.993790695741
55.29679 458.974860117823
55.3169 499
55.33702 453.964430325526
55.35713 446.991955170853
55.37724 442.042417302967
55.39736 466.045606659351
55.41747 426.962429494276
55.43759 494.995703018531
55.4577 440
55.47781 483.018837992924
55.49793 474.961231182089
55.51804 452.952324258695
55.53815 440.950634303434
55.55827 467.019984444473
55.57838 432.990065185576
55.5985 473
55.61861 425.000692088603
55.63872 486.042256203793
55.65884 465.903351674018
55.67895 447.906012832202
55.69906 491.054522070437
55.71918 413.032210005348
55.73929 448.984752397641
55.75941 433.986471142141
55.77952 423.000210938997
55.79963 431.025965078409
55.81975 433.908237781395
55.83986 403.902492812639
55.85997 493.968654158417
55.88009 420.041926183964
55.9002 411
55.92031 492.015602513122
55.94043 468.971970343936
55.96054 469.956110268049
55.98066 429.025162454991
56.00077 452.967243766878
56.02088 445.0269063548
56.041 420
56.06111 427.011848170647
56.08122 451.01037909238
56.10134 446.988819611039
56.12145 445.014662008757
56.14157 447.951896593312
56.16168 487.994243909262
56.18179 464.003567658239
56.20191 479.99941303982
56.22202 472.035659838622
56.24213 525.993991309193
56.26225 475.979804702087
56.28236 529.903910831131
56.30248 522.047027184109
56.32259 493.98360810029
56.3427 553
56.36282 522.017890275008
56.38293 590.04649607011
56.40304 568.995998550583
56.42316 610.921498466969
56.44327 620.004607563812
56.46338 631.96425040961
56.4835 664
56.50361 617.978669310946
56.52373 612.036398309208
56.54384 648.070578332698
56.56395 664.025888291376
56.58407 641.0223557612
56.60418 645.983851271916
56.62429 645.018887608721
56.64441 594.991430763843
56.66452 605.990023225608
56.68464 567.95264071459
56.70475 569.99380570531
56.72486 556.998376801767
56.74498 574.985825057381
56.76509 568.012322996664
56.7852 553
56.80532 576.976258494644
56.82543 510.925772561434
56.84554 501.996182425149
56.86566 496.969303475921
56.88577 525.981821354684
56.90589 516.00346421451
56.926 510
56.94611 476.008085561895
56.96623 529.036370659472
56.98634 501.928023160037
57.00645 492.969255715863
57.02657 514.961407102525
57.04668 543.963013222328
57.0668 566
57.08691 517.985683041344
57.10702 537.049596915604
57.12714 567.958840443501
57.14725 504.162932167123
57.16736 476.979715198619
57.18748 509.957866078903
57.20759 529.01173955195
57.22771 487.993136461456
57.24782 508.015831947374
57.26793 489.934318392135
57.28805 466.085086995278
57.30816 523.982060170252
57.32827 469.091944219748
57.34839 441.005803768805
57.3685 445
57.38861 472.981513003033
57.40873 412.020087478303
57.42884 475.985889203837
57.44896 401.03514034089
57.46907 463.937168963786
57.48918 436.045169086186
57.5093 434
57.52941 491.006074245319
57.54952 458.976622226236
57.56964 451.929990159416
57.58975 395.067896075438
57.60987 410.967601495751
57.62998 415.996575020948
57.65009 422.001230011074
57.67021 409.994267519208
57.69032 407.003578726257
57.71043 411.000220122106
57.73055 415.049349992845
57.75066 445.949836691559
57.77078 449.018876045145
57.79089 418.016516377179
57.811 403
57.83112 431.016998705146
57.85123 423.971272850449
57.87134 416.029722659874
57.89146 433.026907385412
57.91157 394.040183082407
57.93168 399.97806844716
57.9518 413
57.97191 404.003597448184
57.99203 422.003583797473
58.01214 408.996034950973
58.03225 429.927063116945
58.05237 451.979825675022
58.07248 464.978440433166
58.09259 467.027460567082
58.11271 393.993211068844
58.13282 442.034835901814
58.15294 423.927077443823
58.17305 414.06896318116
58.19316 448.998700748988
58.21328 420.012508900184
58.23339 441.985798441573
58.2535 445
58.27362 407.976135279552
58.29373 406.00850668081
58.31385 421.100211245693
58.33396 460.010056486092
58.35407 421.030444769924
58.37419 426.007748567157
58.3943 391
58.41441 434.034187904541
58.43453 472.967570882641
58.45464 418.945906010723
58.47475 435.951691176632
58.49487 435.003600450146
58.51498 440.994794291716
58.5351 441
58.55521 444.00287772237
58.57532 439.974462874881
58.59544 410.99573325421
58.61555 441.900613137853
58.63566 461.015678217245
58.65578 437.023043500756
58.67589 426.002234997273
58.69601 436.018969864538
58.71612 468.981053692395
58.73623 411.948935736294
58.75635 424.052794947118
58.77646 431.981780250305
58.79657 448.974728057661
58.81669 455.003910216872
58.8368 437
58.85691 431.010787359473
58.87703 462.014508215902
58.89714 446.974536020635
58.91726 439.054374494482
58.93737 401.023414772339
58.95748 423.955396999133
58.9776 449
58.99771 402.985609321021
59.01782 426.066243827299
59.03794 491.053026588019
59.05805 465.139158809894
59.07817 416.041279056333
59.09828 421.962840152079
59.11839 465.986007947876
59.13851 469.997118369545
59.15862 462.986129150742
59.17873 446.988855701921
59.19885 462.101942821357
59.21896 496.019164694286
59.23908 451.035530611542
59.25919 449.99283111297
59.2793 456
59.29942 437.977608630559
59.31953 426.010504314154
59.33964 440.00089589656
59.35976 427.011464389546
59.37987 433.993041510726
59.39998 431.00084679813
59.4201 436
59.44021 435.998486058448
59.46033 435.006660037845
59.48044 449.048294570318
59.50055 466.021473720917
59.52067 441.020611256797
59.54078 443.005195707181
59.56089 432.994658796555
59.58101 463.01104434397
59.60112 462.99042620535
59.62124 453.9786547083
59.64135 455.071154104718
59.66146 482.039209669749
59.68158 428.03074028134
59.70169 448.978038228084
59.7218 480
59.74192 485.022777261484
59.76203 519.022796552886
59.78215 492.849995815786
59.80226 440.021171305556
59.82237 472.935251291167
59.84249 501.988510348694
59.8626 516
59.88271 490.985486369185
59.90283 464.955856049967
59.92294 459.102693133889
59.94305 529.956030422785
59.96317 487.057704041831
59.98328 494.968290597017
60.0034 516
60.02351 483.971538862163
60.04362 455.047591810729
60.06374 543.085807352342
60.08385 520.06311992339
60.10396 533.937972106076
60.12408 550.009333084137
60.14419 539.987827376076
60.16431 588.012624240918
60.18442 567.958073644446
60.20453 549.039163787774
60.22465 579.933535630739
60.24476 532.935353634934
60.26487 618.979188651595
60.28499 561.001753304413
60.3051 631
60.32522 595.964328004973
60.34533 599.017247898026
60.36544 582.901466653332
60.38556 534.016090837647
60.40567 571.926417589652
60.42578 589.023966482974
60.4459 553
60.46601 567.999996685208
60.48612 558.024594851076
60.50624 586.916685175369
60.52635 499.083790814531
60.54647 548.906056099705
60.56658 564.022981234668
60.58669 533.009142040914
60.60681 535.004755144676
60.62692 545.016048705272
60.64703 555.983451575665
60.66715 523.913028606666
60.68726 509.973937588656
60.70738 533.987306284232
60.72749 516.022908064763
60.7476 472
60.76772 494.037834670099
60.78783 508.960133945902
60.80794 470.999254175526
60.82806 506.956280761554
60.84817 494.027923500117
60.86828 492.989206730966
60.8884 510
60.90851 521.991582357387
60.92863 484.954288622078
60.94874 482.039070799536
60.96885 495.04443149879
60.98897 477.940658426977
61.00908 552.967752149552
61.02919 523.016970731675
61.04931 514.995041218676
61.06942 490.978020847288
61.08954 495.076545632084
61.10965 540.038374353709
61.12976 530.984857337241
61.14988 548.021867203869
61.16999 500.00622790324
61.1901 520
61.21022 475.988851049402
61.23033 506.022623294125
61.25045 493.003457369628
61.27056 512.005378072456
61.29067 492.986043650179
61.31079 532.986063943912
61.3309 510
61.35101 452.005306513125
61.37113 520.086366441434
61.39124 524.953161731432
61.41135 505.021388782658
61.43147 508.984888730029
61.45158 517.992977683409
61.4717 527
61.49181 550.013092655112
61.51192 551.954234150751
61.53204 495.991247714024
61.55215 546.879990126645
61.57226 551.047341289865
61.59238 530.003858138373
61.61249 537.999895483656
61.63261 525.995556974564
61.65272 532.017482674498
61.67283 553.029377183137
61.69295 544.85695203928
61.71306 480.016508207503
61.73317 518.980199819573
61.75329 488.010174529159
61.7734 496
61.79352 490.028132962989
61.81363 542.038105883
61.83374 517.906920928043
61.85386 483.030007460635
61.87397 479.014080723432
61.89408 466.995168964884
61.9142 490
61.93431 501.002737692167
61.95442 508.009046587779
61.97454 509.970324675614
61.99465 494.971218609209
62.01477 518.010976652308
62.03488 484.014843950818
62.05499 497.996567998295
62.07511 492.005656618736
62.09522 501.959840703156
62.11533 440.995377341254
62.13545 496.08761281917
62.15556 482.02975226337
62.17568 494.978688355857
62.19579 508.994911595634
62.2159 525
62.23602 542.981074052692
62.25613 504.982464123928
62.27624 532.066321469993
62.29636 549.973746734643
62.31647 549.052762834841
62.33659 513.989815264424
62.3567 572
62.37681 526.964762359325
62.39693 508.103283082372
62.41704 591.978851624403
62.43715 505.087721037528
62.45727 557.925636097693
62.47738 541.055623459811
62.49749 511.982131105504
62.51761 579.012928167053
62.53772 540.947162878096
62.55784 522.030979368073
62.57795 549.037452686931
62.59806 540.043303450193
62.61818 526.994024261065
62.63829 544.993713803181
62.6584 546
62.67852 543.982557282507
62.69863 519.98745201155
62.71875 515.918410102524
62.73886 469.026089639025
62.75897 496.957311464069
62.77909 504.996630999746
62.7992 514
62.81931 504.004427589759
62.83943 526.007586173759
62.85954 497.905472896901
62.87965 463.009386273352
62.89977 482.973287489549
62.91988 482.010718274347
62.94 481
62.96011 496.989452332453
62.98022 449.972628500398
63.00034 459.034660955152
63.02045 461.022803692379
63.04056 448.027438588974
63.06068 453.956951946742
63.08079 501.998726575206
63.10091 461.985405894816
63.12102 469.015853861477
63.14113 468.979915786583
63.16125 448.944812115835
63.18136 439.969637627261
63.20147 465.981718450707
63.22159 450.01695980192
63.2417 422
63.26182 434.017273053352
63.28193 452.042350618635
63.30204 474.984357818028
63.32216 443.047117110892
63.34227 438.012169536339
63.36238 429.982776971884
63.3825 465
63.40261 458.995341837465
63.42272 454.987775553004
63.44284 443.020927637685
63.46295 457.058907042215
63.48307 409.026342036539
63.50318 432.978098763756
63.52329 436.993212898079
63.54341 465.009640003169
63.56352 455.965919441293
63.58363 432.027814358778
63.60375 483.101997567491
63.62386 478.088866347363
63.64398 434.009359413127
63.66409 458.987517211786
63.6842 460
63.70432 440.972874346215
63.72443 423.016465364871
63.74454 458.068385784651
63.76466 462.062624795638
63.78477 425.011303304855
63.80489 445.9932939481
63.825 440
63.84511 451.003454837069
63.86523 435.942534623994
63.88534 407.029969602106
63.90545 449.950242397786
63.92557 431.034677657344
63.94568 434.972224926089
63.96579 458.003742046446
63.98591 430.995169212046
64.00602 451.025350976349
64.02614 462.001471265927
64.04625 465.033694549088
64.06636 470.061270762283
64.08648 427.004298940625
64.10659 463.985141012375
64.1267 462
64.14682 453.980730539831
64.16693 439.027734973808
64.18705 468.975521240741
64.20716 424.047882639998
64.22727 437.980061858573
64.24739 431.004129214353
64.2675 427
64.28761 407.995945233961
64.30773 414.010108495881
64.32784 425.063826995104
64.34796 449.059959435119
64.36807 396.993641086708
64.38818 453.972543036053
64.4083 423
64.42841 420.008008367103
64.44852 438.016928195488
64.46864 436.933824465655
64.48875 405.950070172949
64.50886 454.985940016281
64.52898 421.999788179862
64.54909 451.009976341432
64.56921 389.992143659597
64.58932 430.020345520765
64.60943 398.94140681405
64.62955 389.034183105565
64.64966 412.948083799049
64.66977 424.019906435714
64.68989 401.004251381138
64.71 428
64.73012 464.962619400911
64.75023 381.929027575402
64.77034 397.048264892415
64.79046 409.931779451741
64.81057 442.039770024299
64.83068 385.002244978067
64.8508 439
64.87091 412.99055035167
64.89102 425.007743115902
64.91114 412.975683815548
64.93125 411.002085881805
64.95137 408.994534596005
64.97148 416.995872245488
64.99159 407.013043289941
65.01171 387.005370942193
65.03182 423.030964226243
65.05193 427.981498421071
65.07205 424.053443631254
65.09216 448.026959359422
65.11228 410.009351683641
65.13239 430.001488981545
65.1525 397
65.17262 399.98329977837
65.19273 377.036729169795
65.21284 437.0591105509
65.23296 416.052382741137
65.25307 420.958852898452
65.27319 442.003030200035
65.2933 425
65.31341 449.997315080097
65.33353 407.942732787701
65.35364 408.06597212737
65.37375 438.010872637767
65.39387 413.996779051328
65.41398 437.007410389111
65.43409 408.99363239168
65.45421 463.016960052407
65.47432 450.976769940483
65.49444 437.968789697236
65.51455 424.012606658231
65.53466 445.961636044099
65.55478 451.99836294528
65.57489 448.009860685014
65.595 429
65.61512 457.011994421162
65.63523 462.062713237908
65.65535 524.052372125877
65.67546 492.072095822751
65.69557 490.962797772994
65.71569 525.980925529718
65.7358 553
65.75591 543.992474853267
65.77603 537.007218996854
65.79614 561.093385358836
65.81626 602.989905191689
65.83637 581.011444076665
65.85648 588.019434737744
65.8766 550
65.89671 590.026697965331
65.91682 602.951487898793
65.93694 536.964661697948
65.95705 568.955825357109
65.97716 535.117694025363
65.99728 500.985156104302
66.01739 532.004863146103
66.03751 484.988231382656
66.05762 495.99656391853
66.07773 465.970637985667
66.09785 482.100481959928
66.11796 516.978514112215
66.13807 508.008925352325
66.15819 523.983061340455
66.1783 539
66.19842 475.971277271881
66.21853 483.982086003988
66.23864 447.985418410725
66.25876 472.983686446536
66.27887 459.984446795219
66.29898 490.996101045694
66.3191 459
66.33921 452.998876790869
66.35933 447.002877054496
66.37944 450.97729532252
66.39955 437.958501310671
66.41967 474.975229136572
66.43978 453.03767313398
66.45989 425.007509550846
66.48001 412.989148500751
66.50012 401.030210488958
66.52023 455.039603745833
66.54035 431.890862046015
66.56046 406.989708613315
66.58058 423.003476695177
66.60069 396.011986604697
66.6208 403
66.64092 442.002563611298
66.66103 408.951650206893
66.68114 402.014237786745
66.70126 401.039971958604
66.72137 383.971350085759
66.74149 420.998511372344
66.7616 389
66.78171 398.997716745011
66.80183 387.042501207221
66.82194 438.015858585697
66.84205 399.060081259007
66.86217 415.966161404139
66.88228 417.012479299573
66.90239 406.999725503755
66.92251 409.994670845724
66.94262 389.991301162418
66.96274 408.079255342111
66.98285 437.983700621769
67.00296 413.991414173089
67.02308 447.98076228542
67.04319 424.025649840009
67.0633 394
67.08342 442.00553507963
67.10353 397.946935156555
67.12365 409.094422585809
67.14376 443.9574446637
67.16387 445.023738935691
67.18399 415.022203094224
67.2041 383
67.22421 412.000858179698
67.24433 390.008358261611
67.26444 428.048135554958
67.28456 420.024559773054
67.30467 426.967028695753
67.32478 443.007058423391
67.3449 425
67.36501 444.004180934687
67.38512 433.992938049312
67.40524 434.986097775746
67.42535 430.935542835748
67.44546 467.995564006872
67.46558 430.037182037962
67.48569 421.995404924834
67.50581 430.00018166301
67.52592 428.007257391451
67.54603 441.005223296306
67.56615 437.014049541503
67.58626 445.02790560694
67.60637 408.054489626636
67.62649 398.989061241109
67.6466 433
67.66672 439.004164720407
67.68683 451.02067245404
67.70694 453.970851715915
67.72706 427.053659858921
67.74717 417.97794656172
67.76728 448.966497071092
67.7874 462
67.80751 420.976209033208
67.82763 397.020649067622
67.84774 432.051173644871
67.86785 436.992168485593
67.88797 445.994806951385
67.90808 429.040776119216
67.92819 394.996249918959
67.94831 440.021734013689
67.96842 451.988645140579
67.98853 432.971480955127
68.00865 424.009727507724
68.02876 431.004986762106
68.04888 422.996929595827
68.06899 427.010884228576
68.0891 399
68.10922 444.022710656767
68.12933 429.983523834306
68.14944 439.012856564915
68.16956 422.076660728436
68.18967 388.007746468451
68.20979 419.973630867338
68.2299 449
68.25001 402.995856386947
68.27013 438.036296818447
68.29024 429.983641466955
68.31035 434.008536988053
68.33047 420.011862666709
68.35058 419.0097708149
68.3707 407
68.39081 435.012272713392
68.41092 430.965125461212
68.43104 403.038917807723
68.45115 452.050431043565
68.47126 428.051004144097
68.49138 426.992763215927
68.51149 430.99727096229
68.5316 433
68.55172 414.991455214292
68.57183 421.0144175279
68.59195 424.999812026676
68.61206 425.988878628834
68.63217 432.997470996872
68.65229 431.997173383851
68.6724 442
68.69251 432.993557199819
68.71263 414.952549745246
68.73274 389.016135879458
68.75286 416.989604706659
68.77297 399.994323385331
68.79308 427.987695022853
68.8132 415
68.83331 424.004107067665
68.85342 415.978183676921
68.87354 399.008888551219
68.89365 426.908559889431
68.91376 444.033272875484
68.93388 410.020427294899
68.95399 403.012049459385
68.97411 378.010699077301
68.99422 429.016229729758
69.01433 415.035915874056
69.03445 468.011589529405
69.05456 420.054992668929
69.07467 436.980477204309
69.09479 415.019681155812
69.1149 393
69.13502 418.998560690426
69.15513 392.988617963822
69.17524 404.980343330967
69.19536 381.971726661845
69.21547 441.904387361037
69.23558 465.02124468364
69.2557 418
69.27581 396.00799230732
69.29593 433.046565455706
69.31604 444.005927065577
69.33615 445.0177305295
69.35627 433.011081008703
69.37638 431.005185729926
69.39649 425.996375621995
69.41661 435.995529723486
69.43672 404.965749417019
69.45683 406.084815036398
69.47695 470.005628000564
69.49706 412.09493781859
69.51718 413.979229803611
69.53729 427.993982045566
69.5574 431
69.57752 409.003948898322
69.59763 431.003752842631
69.61774 419.031500079635
69.63786 450.01786762647
69.65797 406.028479066001
69.67809 426.992035311612
69.6982 415
69.71831 419.015901459188
69.73843 443.965775890954
69.75854 397.992957088472
69.77865 439.93818860924
69.79877 429.004398619409
69.81888 442.00708089705
69.839 410
69.85911 417.016889992213
69.87922 450.009595184131
69.89934 427.920995153763
69.91945 399.997978768297
69.93956 418.968313381854
69.95968 420.002969706009
69.97979 420.998984906758
69.9999 417
70.02002 408.015645869943
70.04013 440.030448413242
70.06025 429.9215218793
70.08036 408.97438720562
70.10047 437.993618225794
70.12059 408.016273289205
70.1407 405
70.16081 423.985195216437
70.18093 362.948323339102
70.20104 383.090945544565
70.22116 401.068016108548
70.24127 361.958568849717
70.26138 438.963585174487
70.2815 408
70.30161 401.997941485325
70.32172 389.998370828265
70.34184 408.057296002915
70.36195 427.999291874681
70.38207 421.982291340139
70.40218 449.981973792748
70.42229 444.009079524979
70.44241 427.994489240244
70.46252 430.020493125722
70.48263 448.987634237305
70.50275 431.038415407149
70.52286 474.951655137763
70.54297 441.123612603502
70.56309 378.990403755968
70.5832 448
70.60332 412.977066129691
70.62343 430.017932732393
70.64354 417.979762175313
70.66366 426.961127672867
70.68377 439.007476072665
70.70388 424.008324461038
70.724 419
70.74411 400.011294304992
70.76423 459.075904083258
70.78434 462.925435307682
70.80445 427.984683863846
70.82457 464.971649828812
70.84468 456.995011772263
70.86479 489.982162907175
70.88491 480.961951924744
70.90502 388.967182666063
70.92513 434.101253345606
70.94525 457.921382009609
70.96536 407.044172533438
70.98548 426.972356652918
71.00559 436.000982195128
71.0257 437
71.04582 446.994380900022
71.06593 429.987102851571
71.08604 438.026539129275
71.10616 448.975823869952
71.12627 458.99864999531
71.14639 457.99437478106
71.1665 488
71.18661 504.983224740129
71.20673 452.983624118607
71.22684 483.023903363183
71.24695 474.928523564535
71.26707 525.997407237201
71.28718 472.044047614716
71.3073 480
71.32741 492.979247850459
71.34752 428.976681590087
71.36764 472.144888475702
71.38775 505.099345628633
71.40786 443.000652596118
71.42798 498.97763679808
71.44809 456.025072860233
71.4682 442
71.48832 446.990860933638
71.50843 430.99335920819
71.52855 452.104917363046
71.54866 482.022759015584
71.56877 443.035392114715
71.58889 453.989011847904
71.609 457
71.62911 440.013301750974
71.64923 481.986171947416
71.66934 419.900127465098
71.68946 411.999540748538
71.70957 402.006599522481
71.72968 411.982706967704
71.7498 435
71.76991 459.995576972248
71.79002 421.962789958581
71.81014 418.064964762078
71.83025 450.023153311449
71.85037 410.02912340912
71.87048 423.990869203278
71.89059 415.999575018675
71.91071 432.005655762249
71.93082 420.968745605783
71.95093 396.009362388577
71.97105 428.068530642645
71.99116 434.999356550341
72.01127 428.043282692348
72.03139 396.000573698643
72.0515 412
72.07162 375.999064367458
72.09173 420.063456235517
72.11184 425.9615025972
72.13196 405.019867928749
72.15207 407.991782531863
72.17218 411.991094176458
72.1923 417
72.21241 396.000211766273
72.23253 418.023411310332
72.25264 408.951524686394
72.27275 385.042277156315
72.29287 386.960337457631
72.31298 412.008406870189
72.33309 381.005271027149
72.35321 406.016297017037
72.37332 420.999484784378
72.39344 412.980615784932
72.41355 396.918985573174
72.43366 367.989671590345
72.45378 406.958201121806
72.47389 423.004093590722
72.494 404
72.51412 400.011291702725
72.53423 418.021905690772
72.55434 421.991782850143
72.57446 413.02598272477
72.59457 403.9963300415
72.61469 411.999937676009
72.6348 403
72.65491 401.996846192245
72.67503 384.966074973515
72.69514 374.026505307359
72.71525 396.986736750013
72.73537 393.962372359231
72.75548 426.01924429543
72.7756 375
72.79571 427.02012272417
72.81582 419.977692296916
72.83594 409.996547140384
72.85605 408.016318606471
72.87616 400.997961288322
72.89628 414.97676899595
72.91639 421.017132974714
72.9365 374
72.95662 409.032168664574
72.97673 407.971584139059
72.99685 390.974599902986
73.01696 404.899244392564
73.03707 459.97836751461
73.05719 425.023981945232
73.0773 389
73.09741 378.022699022622
73.11753 439.003099915062
73.13764 389.963267080571
73.15776 428.917580509233
73.17787 429.04533948223
73.19798 399.009677375387
73.2181 412
73.23821 434.020947921489
73.25832 460.96058118981
73.27844 401.034336000158
73.29855 465.043357541391
73.31867 371.055799129939
73.33878 427.944820802897
73.35889 429.005147534763
73.37901 433.00047498084
73.39912 429.006464793686
73.41923 444.009120276854
73.43935 430.93760555338
73.45946 412.997291539625
73.47957 421.015128004758
73.49969 398.002809746813
73.5198 406
73.53992 384.012856137237
73.56003 428.04006133448
73.58014 421.987000567127
73.60026 426.01335545663
73.62037 411.994906796739
73.64048 430.992128587423
73.6606 428
73.68071 450.999985875626
73.70083 423.962711212289
73.72094 412.97229800167
73.74105 395.015296766051
73.76117 409.955825959
73.78128 431.004290879269
73.80139 420.989664373962
73.82151 466.012980668884
73.84162 466.00970087848
73.86174 484.983952275191
73.88185 451.950688202224
73.90196 457.987171893258
73.92208 453.002850446187
73.94219 456.999002398978
73.9623 449
73.98242 430.988670994116
74.00253 431.013071117998
74.02264 443.024677679342
74.04276 448.014722198942
74.06287 429.037069130714
74.08299 417.991662931197
74.1031 457
74.12321 477.99816603412
74.14333 451.937239087059
74.16344 416.977898456117
74.18355 428.956636357107
74.20367 436.002462546341
74.22378 423.028598072267
74.2439 393
74.26401 405.011911314671
74.28412 412.976597690945
74.30424 393.067971952091
74.32435 441.072480651481
74.34446 366.99140707123
74.36458 448.965325693286
74.38469 412.004223982789
74.40481 443.992019900512
74.42492 379.976559988934
74.44503 414.030727092644
74.46515 396.980028450919
74.48526 404.036413161986
74.50537 371.990577876214
74.52549 419.97976863671
74.5456 420
74.56571 407.010136285229
74.58583 436.991774719312
74.60594 393.925000469498
74.62606 387.981344340998
74.64617 394.994948651189
74.66628 396.995906881418
74.6864 397
74.70651 376.995676791127
74.72662 389.024551436495
74.74674 412.029845241773
74.76685 426.927845545183
74.78697 455.003468457451
74.80708 422.034280552666
74.82719 404.006411144611
74.84731 405.017417519319
74.86742 455.025768590875
74.88753 432.918135153274
74.90765 396.041176333844
74.92776 432.02834872954
74.94787 370.056230138565
74.96799 392.976313453162
74.9881 423
75.00822 408.976063160681
