3.00117 16243
3.02128 15603
3.0414 15038
3.06151 14793
3.08162 14090
3.10174 13785
3.12185 13643
3.14197 12942
3.16208 12689
3.18219 11969
3.20231 11855
3.22242 11438
3.24253 10991
3.26265 10477
3.28276 10085
3.30288 9981
3.32299 9697
3.3431 9211
3.36322 9127
3.38333 8707
3.40344 8326
3.42356 8185
3.44367 7696
3.46379 7520
3.4839 6966
3.50401 6865
3.52413 6594
3.54424 6259
3.56435 6193
3.58447 5805
3.60458 5695
3.62469 5377
3.64481 5024
3.66492 5036
3.68504 4673
3.70515 4602
3.72526 4468
3.74538 4127
3.76549 4003
3.7856 3752
3.80572 3752
3.82583 3631
3.84595 3306
3.86606 3191
3.88617 2868
3.90629 2909
3.9264 2909
3.94651 2632
3.96663 2584
3.98674 2335
4.00686 2328
4.02697 2289
4.04708 2075
4.0672 2121
4.08731 1903
4.10742 1938
4.12754 1905
4.14765 1652
4.16776 1706
4.18788 1595
4.20799 1618
4.22811 1686
4.24822 1489
4.26833 1464
4.28845 1478
4.30856 1376
4.32867 1393
4.34879 1283
4.3689 1387
4.38902 1308
4.40913 1194
4.42924 1225
4.44936 1114
4.46947 1090
4.48958 1087
4.5097 1084
4.52981 1054
4.54992 948
4.57004 1035
4.59015 958
4.61027 929
4.63038 937
4.65049 863
4.67061 869
4.69072 879
4.71083 840
4.73095 869
4.75106 766
4.77118 756
4.79129 813
4.8114 773
4.83152 746
4.85163 632
4.87174 745
4.89186 714
4.91197 674
4.93209 630
4.9522 559
4.97231 618
4.99243 605
5.01254 567
5.03265 592
5.05277 553
5.07288 551
5.09299 499
5.11311 522
5.13322 551
5.15334 485
5.17345 522
5.19356 515
5.21368 501
5.23379 509
5.2539 455
5.27402 462
5.29413 463
5.31425 426
5.33436 400
5.35447 417
5.37459 386
5.3947 426
5.41481 380
5.43493 355
5.45504 378
5.47516 347
5.49527 393
5.51538 392
5.5355 321
5.55561 359
5.57572 364
5.59584 309
5.61595 350
5.63606 313
5.65618 322
5.67629 322
5.69641 297
5.71652 307
5.73663 276
5.75675 286
5.77686 305
5.79697 248
5.81709 325
5.8372 308
5.85732 310
5.87743 290
5.89754 260
5.91766 280
5.93777 280
5.95788 269
5.978 238
5.99811 303
6.01823 297
6.03834 274
6.05845 271
6.07857 274
6.09868 281
6.11879 247
6.13891 266
6.15902 283
6.17913 281
6.19925 268
6.21936 296
6.23948 284
6.25959 268
6.2797 256
6.29982 249
6.31993 254
6.34004 253
6.36016 253
6.38027 227
6.40039 270
6.4205 249
6.44061 252
6.46073 280
6.48084 245
6.50095 233
6.52107 294
6.54118 243
6.56129 250
6.58141 243
6.60152 249
6.62164 255
6.64175 272
6.66186 244
6.68198 263
6.70209 246
6.7222 241
6.74232 255
6.76243 283
6.78255 251
6.80266 222
6.82277 240
6.84289 253
6.863 261
6.88311 277
6.90323 200
6.92334 237
6.94346 209
6.96357 261
6.98368 241
7.0038 257
7.02391 261
7.04402 251
7.06414 240
7.08425 254
7.10436 260
7.12448 275
7.14459 265
7.16471 239
7.18482 249
7.20493 258
7.22505 256
7.24516 206
7.26527 268
7.28539 258
7.3055 281
7.32562 240
7.34573 245
7.36584 273
7.38596 291
7.40607 244
7.42618 283
7.4463 268
7.46641 266
7.48653 290
7.50664 235
7.52675 249
7.54687 282
7.56698 234
7.58709 278
7.60721 275
7.62732 269
7.64743 284
7.66755 316
7.68766 264
7.70778 298
7.72789 279
7.748 289
7.76812 254
7.78823 284
7.80834 271
7.82846 284
7.84857 285
7.86869 305
7.8888 315
7.90891 301
7.92903 323
7.94914 303
7.96925 294
7.98937 294
8.00948 325
8.0296 307
8.04971 311
8.06982 340
8.08994 365
8.11005 313
8.13016 341
8.15028 311
8.17039 295
8.1905 319
8.21062 308
8.23073 333
8.25085 349
8.27096 332
8.29107 314
8.31119 342
8.3313 316
8.35141 340
8.37153 357
8.39164 353
8.41176 360
8.43187 346
8.45198 351
8.4721 395
8.49221 436
8.51232 381
8.53244 385
8.55255 447
8.57266 433
8.59278 492
8.61289 439
8.63301 425
8.65312 461
8.67323 476
8.69335 466
8.71346 480
8.73357 438
8.75369 471
8.7738 474
8.79392 446
8.81403 426
8.83414 480
8.85426 456
8.87437 423
8.89448 460
8.9146 399
8.93471 394
8.95483 349
8.97494 338
8.99505 354
9.01517 311
9.03528 319
9.05539 324
9.07551 314
9.09562 273
9.11573 288
9.13585 298
9.15596 284
9.17608 295
9.19619 244
9.2163 289
9.23642 309
9.25653 311
9.27664 292
9.29676 271
9.31687 266
9.33699 315
9.3571 275
9.37721 298
9.39733 265
9.41744 232
9.43755 270
9.45767 250
9.47778 291
9.4979 301
9.51801 248
9.53812 253
9.55824 321
9.57835 282
9.59846 294
9.61858 270
9.63869 294
9.6588 263
9.67892 302
9.69903 257
9.71915 261
9.73926 290
9.75937 309
9.77949 283
9.7996 278
9.81971 257
9.83983 269
9.85994 275
9.88006 275
9.90017 226
9.92028 253
9.9404 252
9.96051 269
9.98062 277
10.00074 270
10.02085 288
10.04097 295
10.06108 239
10.08119 252
10.10131 254
10.12142 234
10.14153 263
10.16165 268
10.18176 256
10.20187 262
10.22199 252
10.2421 281
10.26222 282
10.28233 292
10.30244 259
10.32256 264
10.34267 250
10.36278 238
10.3829 263
10.40301 284
10.42313 288
10.44324 303
10.46335 325
10.48347 321
10.50358 296
10.52369 334
10.54381 253
10.56392 270
10.58403 257
10.60415 234
10.62426 270
10.64438 261
10.66449 241
10.6846 281
10.70472 253
10.72483 249
10.74494 222
10.76506 249
10.78517 278
10.80529 265
10.8254 288
10.84551 264
10.86563 280
10.88574 270
10.90585 279
10.92597 295
10.94608 267
10.9662 289
10.98631 305
11.00642 319
11.02654 299
11.04665 258
11.06676 279
11.08688 282
11.10699 273
11.1271 298
11.14722 234
11.16733 269
11.18745 252
11.20756 269
11.22767 273
11.24779 283
11.2679 249
11.28801 261
11.30813 289
11.32824 278
11.34836 271
11.36847 246
11.38858 278
11.4087 267
11.42881 249
11.44892 269
11.46904 281
11.48915 313
11.50927 259
11.52938 267
11.54949 243
11.56961 263
11.58972 262
11.60983 244
11.62995 248
11.65006 301
11.67017 287
11.69029 294
11.7104 261
11.73052 271
11.75063 280
11.77074 266
11.79086 285
11.81097 286
11.83108 288
11.8512 255
11.87131 287
11.89143 261
11.91154 285
11.93165 302
11.95177 285
11.97188 297
11.99199 288
12.01211 290
12.03222 298
12.05234 278
12.07245 323
12.09256 294
12.11268 300
12.13279 311
12.1529 316
12.17302 304
12.19313 271
12.21324 285
12.23336 313
12.25347 313
12.27359 305
12.2937 320
12.31381 293
12.33393 275
12.35404 308
12.37415 272
12.39427 312
12.41438 295
12.4345 296
12.45461 281
12.47472 291
12.49484 298
12.51495 272
12.53506 254
12.55518 280
12.57529 272
12.5954 267
12.61552 277
12.63563 257
12.65575 283
12.67586 260
12.69597 265
12.71609 240
12.7362 248
12.75631 246
12.77643 233
12.79654 273
12.81666 249
12.83677 265
12.85688 242
12.877 251
12.89711 249
12.91722 249
12.93734 241
12.95745 234
12.97757 276
12.99768 283
13.01779 222
13.03791 297
13.05802 257
13.07813 241
13.09825 273
13.11836 249
13.13847 259
13.15859 248
13.1787 297
13.19882 253
13.21893 244
13.23904 232
13.25916 245
13.27927 251
13.29938 249
13.3195 230
13.33961 232
13.35973 246
13.37984 264
13.39995 263
13.42007 229
13.44018 247
13.46029 242
13.48041 248
13.50052 217
13.52064 254
13.54075 268
13.56086 256
13.58098 271
13.60109 277
13.6212 294
13.64132 313
13.66143 276
13.68154 271
13.70166 289
13.72177 280
13.74189 297
13.762 283
13.78211 323
13.80223 371
13.82234 412
13.84245 453
13.86257 426
13.88268 433
13.9028 382
13.92291 350
13.94302 307
13.96314 320
13.98325 322
14.00336 290
14.02348 310
14.04359 264
14.06371 254
14.08382 246
14.10393 257
14.12405 209
14.14416 238
14.16427 248
14.18439 245
14.2045 264
14.22461 251
14.24473 221
14.26484 239
14.28496 231
14.30507 215
14.32518 237
14.3453 210
14.36541 229
14.38552 227
14.40564 249
14.42575 248
14.44587 222
14.46598 223
14.48609 226
14.50621 233
14.52632 226
14.54643 230
14.56655 238
14.58666 238
14.60677 204
14.62689 239
14.647 222
14.66712 244
14.68723 226
14.70734 246
14.72746 230
14.74757 251
14.76768 228
14.7878 236
14.80791 258
14.82803 213
14.84814 245
14.86825 235
14.88837 244
14.90848 269
14.92859 307
14.94871 318
14.96882 308
14.98894 295
15.00905 255
15.02916 242
15.04928 261
15.06939 239
15.0895 228
15.10962 239
15.12973 247
15.14984 275
15.16996 230
15.19007 216
15.21019 241
15.2303 254
15.25041 234
15.27053 255
15.29064 243
15.31075 240
15.33087 236
15.35098 218
15.3711 246
15.39121 213
15.41132 260
15.43144 227
15.45155 231
15.47166 217
15.49178 225
15.51189 236
15.53201 225
15.55212 226
15.57223 210
15.59235 223
15.61246 211
15.63257 201
15.65269 217
15.6728 230
15.69291 229
15.71303 210
15.73314 261
15.75326 243
15.77337 269
15.79348 253
15.8136 222
15.83371 237
15.85382 261
15.87394 255
15.89405 239
15.91417 210
15.93428 234
15.95439 225
15.97451 249
15.99462 185
16.01473 249
16.03485 224
16.05496 202
16.07508 224
16.09519 200
16.1153 213
16.13542 242
16.15553 188
16.17564 239
16.19576 224
16.21587 223
16.23598 229
16.2561 202
16.27621 221
16.29633 194
16.31644 224
16.33655 250
16.35667 217
16.37678 189
16.39689 186
16.41701 222
16.43712 206
16.45724 190
16.47735 209
16.49746 221
16.51758 217
16.53769 244
16.5578 238
16.57792 253
16.59803 222
16.61814 193
16.63826 209
16.65837 236
16.67849 201
16.6986 220
16.71871 234
16.73883 205
16.75894 220
16.77905 203
16.79917 222
16.81928 198
16.8394 202
16.85951 199
16.87962 246
16.89974 207
16.91985 234
16.93996 205
16.96008 217
16.98019 225
17.00031 231
17.02042 213
17.04053 220
17.06065 221
17.08076 206
17.10087 217
17.12099 207
17.1411 210
17.16121 217
17.18133 189
17.20144 220
17.22156 237
17.24167 210
17.26178 229
17.2819 225
17.30201 251
17.32212 246
17.34224 211
17.36235 225
17.38247 232
17.40258 242
17.42269 220
17.44281 209
17.46292 223
17.48303 232
17.50315 270
17.52326 257
17.54338 257
17.56349 283
17.5836 315
17.60372 338
17.62383 369
17.64394 354
17.66406 350
17.68417 325
17.70428 333
17.7244 257
17.74451 255
17.76463 252
17.78474 221
17.80485 228
17.82497 270
17.84508 217
17.86519 214
17.88531 221
17.90542 217
17.92554 231
17.94565 226
17.96576 214
17.98588 230
18.00599 192
18.0261 235
18.04622 199
18.06633 227
18.08645 232
18.10656 254
18.12667 240
18.14679 189
18.1669 235
18.18701 248
18.20713 210
18.22724 214
18.24735 228
18.26747 242
18.28758 213
18.3077 192
18.32781 209
18.34792 195
18.36804 207
18.38815 197
18.40826 226
18.42838 202
18.44849 226
18.46861 237
18.48872 230
18.50883 203
18.52895 204
18.54906 230
18.56917 226
18.58929 213
18.6094 217
18.62951 190
18.64963 223
18.66974 208
18.68986 226
18.70997 234
18.73008 206
18.7502 195
18.77031 199
18.79042 216
18.81054 211
18.83065 223
18.85077 226
18.87088 258
18.89099 250
18.91111 237
18.93122 235
18.95133 226
18.97145 240
18.99156 240
19.01168 239
19.03179 225
19.0519 237
19.07202 228
19.09213 235
19.11224 254
19.13236 219
19.15247 238
19.17258 247
19.1927 269
19.21281 324
19.23293 294
19.25304 341
19.27315 362
19.29327 337
19.31338 343
19.33349 329
19.35361 320
19.37372 307
19.39384 315
19.41395 304
19.43406 304
19.45418 256
19.47429 287
19.4944 284
19.51452 301
19.53463 284
19.55475 268
19.57486 285
19.59497 292
19.61509 290
19.6352 304
19.65531 307
19.67543 282
19.69554 290
19.71565 305
19.73577 305
19.75588 332
19.776 336
19.79611 382
19.81622 331
19.83634 338
19.85645 348
19.87656 354
19.89668 324
19.91679 348
19.93691 330
19.95702 343
19.97713 342
19.99725 327
20.01736 326
20.03747 313
20.05759 325
20.0777 337
20.09782 306
20.11793 303
20.13804 312
20.15816 332
20.17827 292
20.19838 323
20.2185 319
20.23861 316
20.25872 298
20.27884 303
20.29895 340
20.31907 329
20.33918 333
20.35929 309
20.37941 330
20.39952 355
20.41963 312
20.43975 357
20.45986 306
20.47998 333
20.50009 323
20.5202 371
20.54032 366
20.56043 381
20.58054 400
20.60066 352
20.62077 379
20.64088 403
20.661 483
20.68111 533
20.70123 682
20.72134 860
20.74145 1146
20.76157 1560
20.78168 2039
20.80179 2663
20.82191 3221
20.84202 3513
20.86214 3344
20.88225 2628
20.90236 2032
20.92248 1408
20.94259 1060
20.9627 801
20.98282 788
21.00293 672
21.02305 686
21.04316 576
21.06327 543
21.08339 504
21.1035 407
21.12361 378
21.14373 376
21.16384 326
21.18395 343
21.20407 318
21.22418 315
21.2443 329
21.26441 295
21.28452 294
21.30464 299
21.32475 308
21.34486 313
21.36498 301
21.38509 310
21.40521 333
21.42532 319
21.44543 294
21.46555 325
21.48566 296
21.50577 300
21.52589 300
21.546 285
21.56612 294
21.58623 299
21.60634 294
21.62646 278
21.64657 266
21.66668 295
21.6868 307
21.70691 311
21.72702 280
21.74714 282
21.76725 315
21.78737 325
21.80748 318
21.82759 374
21.84771 384
21.86782 435
21.88793 462
21.90805 577
21.92816 709
21.94828 917
21.96839 1079
21.9885 1201
22.00862 1338
22.02873 1354
22.04884 1141
22.06896 1013
22.08907 864
22.10919 610
22.1293 593
22.14941 441
22.16953 440
22.18964 431
22.20975 425
22.22987 416
22.24998 447
22.27009 440
22.29021 469
22.31032 429
22.33044 381
22.35055 363
22.37066 364
22.39078 342
22.41089 315
22.431 337
22.45112 298
22.47123 311
22.49135 321
22.51146 329
22.53157 322
22.55169 318
22.5718 304
22.59191 293
22.61203 303
22.63214 294
22.65225 288
22.67237 293
22.69248 298
22.7126 288
22.73271 285
22.75282 271
22.77294 267
22.79305 306
22.81316 313
22.83328 333
22.85339 329
22.87351 412
22.89362 362
22.91373 420
22.93385 418
22.95396 447
22.97407 456
22.99419 432
23.0143 421
23.03442 448
23.05453 462
23.07464 451
23.09476 434
23.11487 411
23.13498 409
23.1551 417
23.17521 458
23.19532 443
23.21544 430
23.23555 390
23.25567 387
23.27578 373
23.29589 321
23.31601 281
23.33612 332
23.35623 355
23.37635 341
23.39646 389
23.41658 390
23.43669 421
23.4568 487
23.47692 581
23.49703 649
23.51714 720
23.53726 762
23.55737 720
23.57749 702
23.5976 649
23.61771 579
23.63783 538
23.65794 494
23.67805 417
23.69817 404
23.71828 389
23.73839 365
23.75851 350
23.77862 349
23.79874 397
23.81885 370
23.83896 422
23.85908 467
23.87919 468
23.8993 524
23.91942 540
23.93953 615
23.95965 588
23.97976 596
23.99987 616
24.01999 581
24.0401 545
24.06021 568
24.08033 497
24.10044 635
24.12056 612
24.14067 640
24.16078 719
24.1809 729
24.20101 818
24.22112 790
24.24124 854
24.26135 879
24.28146 829
24.30158 817
24.32169 795
24.34181 644
24.36192 573
24.38203 496
24.40215 446
24.42226 401
24.44237 360
24.46249 307
24.4826 350
24.50272 321
24.52283 334
24.54294 346
24.56306 303
24.58317 339
24.60328 324
24.6234 335
24.64351 336
24.66362 352
24.68374 353
24.70385 343
24.72397 412
24.74408 340
24.76419 358
24.78431 334
24.80442 360
24.82453 334
24.84465 319
24.86476 366
24.88488 359
24.90499 332
24.9251 343
24.94522 337
24.96533 347
24.98544 334
25.00556 315
25.02567 356
25.04579 315
25.0659 346
25.08601 315
25.10613 340
25.12624 312
25.14635 306
25.16647 315
25.18658 315
25.20669 323
25.22681 336
25.24692 371
25.26704 357
25.28715 422
25.30726 379
25.32738 408
25.34749 480
25.3676 501
25.38772 557
25.40783 558
25.42795 580
25.44806 666
25.46817 720
25.48829 739
25.5084 693
25.52851 727
25.54863 674
25.56874 638
25.58886 653
25.60897 542
25.62908 504
25.6492 546
25.66931 488
25.68942 478
25.70954 479
25.72965 441
25.74976 404
25.76988 374
25.78999 405
25.81011 406
25.83022 394
25.85033 354
25.87045 379
25.89056 376
25.91067 396
25.93079 394
25.9509 411
25.97102 429
25.99113 424
26.01124 434
26.03136 403
26.05147 436
26.07158 427
26.0917 513
26.11181 494
26.13193 560
26.15204 548
26.17215 558
26.19227 612
26.21238 614
26.23249 586
26.25261 667
26.27272 705
26.29283 812
26.31295 827
26.33306 998
26.35318 1107
26.37329 1187
26.3934 1401
26.41352 1497
26.43363 1901
26.45374 2148
26.47386 2730
26.49397 3568
26.51409 4617
26.5342 6419
26.55431 8695
26.57443 11365
26.59454 13859
26.61465 15067
26.63477 14516
26.65488 11815
26.67499 9070
26.69511 7014
26.71522 4919
26.73534 2920
26.75545 1565
26.77556 1229
26.79568 936
26.81579 828
26.8359 849
26.85602 729
26.87613 729
26.89625 663
26.91636 642
26.93647 659
26.95659 635
26.9767 666
26.99681 664
27.01693 676
27.03704 715
27.05716 698
27.07727 674
27.09738 548
27.1175 582
27.13761 589
27.15772 508
27.17784 504
27.19795 483
27.21806 478
27.23818 531
27.25829 517
27.27841 605
27.29852 644
27.31863 734
27.33875 748
27.35886 774
27.37897 876
27.39909 949
27.4192 982
27.43932 1008
27.45943 1026
27.47954 930
27.49966 875
27.51977 795
27.53988 780
27.56 640
27.58011 681
27.60023 739
27.62034 787
27.64045 894
27.66057 948
27.68068 1109
27.70079 1293
27.72091 1392
27.74102 1498
27.76113 1502
27.78125 1563
27.80136 1624
27.82148 1649
27.84159 1759
27.8617 1888
27.88182 2130
27.90193 2294
27.92204 2321
27.94216 2127
27.96227 1932
27.98239 1700
28.0025 1384
28.02261 1168
28.04273 1085
28.06284 911
28.08295 842
28.10307 778
28.12318 791
28.1433 716
28.16341 781
28.18352 771
28.20364 758
28.22375 718
28.24386 767
28.26398 758
28.28409 673
28.3042 660
28.32432 593
28.34443 503
28.36455 483
28.38466 458
28.40477 443
28.42489 361
28.445 359
28.46511 356
28.48523 338
28.50534 322
28.52546 344
28.54557 333
28.56568 321
28.5858 335
28.60591 293
28.62602 310
28.64614 315
28.66625 296
28.68636 275
28.70648 261
28.72659 323
28.74671 304
28.76682 301
28.78693 313
28.80705 274
28.82716 295
28.84727 268
28.86739 302
28.8875 285
28.90762 261
28.92773 282
28.94784 239
28.96796 277
28.98807 256
29.00818 287
29.0283 309
29.04841 290
29.06853 296
29.08864 256
29.10875 281
29.12887 280
29.14898 297
29.16909 288
29.18921 300
29.20932 295
29.22943 315
29.24955 294
29.26966 320
29.28978 291
29.30989 308
29.33 339
29.35012 343
29.37023 341
29.39034 369
29.41046 371
29.43057 373
29.45069 358
29.4708 348
29.49091 369
29.51103 322
29.53114 334
29.55125 306
29.57137 309
29.59148 308
29.6116 272
29.63171 320
29.65182 319
29.67194 340
29.69205 323
29.71216 328
29.73228 352
29.75239 344
29.7725 377
29.79262 401
29.81273 407
29.83285 357
29.85296 358
29.87307 369
29.89319 418
29.9133 387
29.93341 381
29.95353 383
29.97364 371
29.99376 410
30.01387 430
30.03398 506
30.0541 525
30.07421 514
30.09432 529
30.11444 508
30.13455 546
30.15467 584
30.17478 574
30.19489 551
30.21501 565
30.23512 540
30.25523 527
30.27535 508
30.29546 468
30.31557 499
30.33569 522
30.3558 545
30.37592 549
30.39603 625
30.41614 580
30.43626 662
30.45637 697
30.47648 675
30.4966 664
30.51671 581
30.53683 555
30.55694 556
30.57705 528
30.59717 471
30.61728 452
30.63739 492
30.65751 503
30.67762 568
30.69773 578
30.71785 658
30.73796 645
30.75808 706
30.77819 826
30.7983 804
30.81842 811
30.83853 699
30.85864 691
30.87876 576
30.89887 549
30.91899 487
30.9391 401
30.95921 367
30.97933 352
30.99944 322
31.01955 295
31.03967 299
31.05978 337
31.0799 272
31.10001 317
31.12012 335
31.14024 334
31.16035 353
31.18046 357
31.20058 328
31.22069 394
31.2408 390
31.26092 374
31.28103 393
31.30115 366
31.32126 382
31.34137 339
31.36149 373
31.3816 345
31.40171 335
31.42183 319
31.44194 312
31.46206 328
31.48217 284
31.50228 305
31.5224 289
31.54251 268
31.56262 288
31.58274 298
31.60285 254
31.62297 311
31.64308 317
31.66319 312
31.68331 324
31.70342 353
31.72353 413
31.74365 401
31.76376 373
31.78387 367
31.80399 341
31.8241 347
31.84422 359
31.86433 295
31.88444 294
31.90456 307
31.92467 292
31.94478 298
31.9649 283
31.98501 285
32.00513 285
32.02524 307
32.04535 306
32.06547 310
32.08558 313
32.10569 305
32.12581 316
32.14592 312
32.16604 313
32.18615 308
32.20626 277
32.22638 258
32.24649 271
32.2666 264
32.28672 296
32.30683 246
32.32694 281
32.34706 277
32.36717 299
32.38729 315
32.4074 306
32.42751 267
32.44763 274
32.46774 281
32.48785 264
32.50797 259
32.52808 277
32.5482 246
32.56831 262
32.58842 247
32.60854 277
32.62865 222
32.64876 238
32.66888 259
32.68899 239
32.7091 249
32.72922 235
32.74933 241
32.76945 251
32.78956 235
32.80967 241
32.82979 259
32.8499 244
32.87001 246
32.89013 232
32.91024 272
32.93036 280
32.95047 280
32.97058 247
32.9907 250
33.01081 287
33.03092 264
33.05104 293
33.07115 283
33.09127 296
33.11138 272
33.13149 264
33.15161 318
33.17172 282
33.19183 294
33.21195 357
33.23206 334
33.25217 406
33.27229 372
33.2924 379
33.31252 406
33.33263 367
33.35274 388
33.37286 377
33.39297 339
33.41308 347
33.4332 348
33.45331 357
33.47343 333
33.49354 326
33.51365 319
33.53377 293
33.55388 268
33.57399 250
33.59411 316
33.61422 291
33.63434 311
33.65445 316
33.67456 342
33.69468 360
33.71479 331
33.7349 341
33.75502 362
33.77513 384
33.79524 401
33.81536 370
33.83547 389
33.85559 370
33.8757 346
33.89581 367
33.91593 388
33.93604 401
33.95615 366
33.97627 359
33.99638 349
34.0165 338
34.03661 389
34.05672 351
34.07684 389
34.09695 397
34.11706 429
34.13718 432
34.15729 473
34.17741 485
34.19752 493
34.21763 507
34.23775 495
34.25786 497
34.27797 474
34.29809 462
34.3182 456
34.33831 450
34.35843 446
34.37854 474
34.39866 474
34.41877 469
34.43888 509
34.459 494
34.47911 547
34.49922 491
34.51934 504
34.53945 483
34.55957 426
34.57968 420
34.59979 412
34.61991 368
34.64002 347
34.66013 341
34.68025 363
34.70036 309
34.72047 323
34.74059 310
34.7607 324
34.78082 346
34.80093 324
34.82104 325
34.84116 356
34.86127 375
34.88138 364
34.9015 424
34.92161 377
34.94173 388
34.96184 426
34.98195 413
35.00207 446
35.02218 445
35.04229 423
35.06241 392
35.08252 353
35.10264 392
35.12275 405
35.14286 361
35.16298 388
35.18309 328
35.2032 336
35.22332 395
35.24343 392
35.26354 414
35.28366 420
35.30377 397
35.32389 436
35.344 432
35.36411 419
35.38423 409
35.40434 402
35.42445 430
35.44457 435
35.46468 406
35.4848 423
35.50491 413
35.52502 408
35.54514 403
35.56525 344
35.58536 374
35.60548 327
35.62559 350
35.64571 331
35.66582 307
35.68593 324
35.70605 348
35.72616 322
35.74627 325
35.76639 355
35.7865 290
35.80661 324
35.82673 328
35.84684 283
35.86696 309
35.88707 289
35.90718 314
35.9273 272
35.94741 304
35.96752 315
35.98764 323
36.00775 290
36.02787 259
36.04798 284
36.06809 322
36.08821 300
36.10832 292
36.12843 303
36.14855 329
36.16866 326
36.18878 308
36.20889 288
36.229 326
36.24912 303
36.26923 308
36.28934 338
36.30946 394
36.32957 387
36.34968 424
36.3698 461
36.38991 484
36.41003 611
36.43014 753
36.45025 942
36.47037 1050
36.49048 1172
36.51059 1334
36.53071 1213
36.55082 1036
36.57094 938
36.59105 872
36.61116 712
36.63128 701
36.65139 616
36.6715 515
36.69162 416
36.71173 399
36.73184 409
36.75196 403
36.77207 406
36.79219 391
36.8123 385
36.83241 426
36.85253 374
36.87264 388
36.89275 416
36.91287 447
36.93298 405
36.9531 464
36.97321 434
36.99332 370
37.01344 410
37.03355 395
37.05366 412
37.07378 339
37.09389 346
37.11401 347
37.13412 319
37.15423 348
37.17435 344
37.19446 369
37.21457 319
37.23469 359
37.2548 353
37.27491 385
37.29503 425
37.31514 421
37.33526 449
37.35537 485
37.37548 482
37.3956 476
37.41571 466
37.43582 476
37.45594 485
37.47605 453
37.49617 393
37.51628 418
37.53639 382
37.55651 384
37.57662 344
37.59673 358
37.61685 323
37.63696 322
37.65708 377
37.67719 348
37.6973 309
37.71742 337
37.73753 317
37.75764 307
37.77776 315
37.79787 315
37.81798 294
37.8381 258
37.85821 270
37.87833 251
37.89844 250
37.91855 259
37.93867 246
37.95878 252
37.97889 280
37.99901 248
38.01912 288
38.03924 257
38.05935 258
38.07946 249
38.09958 254
38.11969 252
38.1398 271
38.15992 229
38.18003 265
38.20015 262
38.22026 258
38.24037 233
38.26049 273
38.2806 270
38.30071 241
38.32083 277
38.34094 291
38.36105 283
38.38117 267
38.40128 278
38.4214 264
38.44151 280
38.46162 309
38.48174 299
38.50185 283
38.52196 274
38.54208 304
38.56219 342
38.58231 314
38.60242 265
38.62253 323
38.64265 283
38.66276 271
38.68287 309
38.70299 270
38.7231 323
38.74321 302
38.76333 318
38.78344 291
38.80356 342
38.82367 323
38.84378 329
38.8639 316
38.88401 313
38.90412 312
38.92424 279
38.94435 288
38.96447 297
38.98458 280
39.00469 318
39.02481 334
39.04492 325
39.06503 344
39.08515 329
39.10526 379
39.12538 374
39.14549 363
39.1656 380
39.18572 365
39.20583 403
39.22594 359
39.24606 412
39.26617 411
39.28628 441
39.3064 511
39.32651 573
39.34663 635
39.36674 774
39.38685 894
39.40697 999
39.42708 1070
39.44719 1080
39.46731 947
39.48742 823
39.50754 718
39.52765 680
39.54776 667
39.56788 532
39.58799 440
39.6081 350
39.62822 361
39.64833 300
39.66845 252
39.68856 263
39.70867 282
39.72879 255
39.7489 276
39.76901 281
39.78913 244
39.80924 247
39.82935 280
39.84947 287
39.86958 253
39.8897 276
39.90981 267
39.92992 250
39.95004 253
39.97015 291
39.99026 258
40.01038 278
40.03049 290
40.05061 294
40.07072 309
40.09083 312
40.11095 328
40.13106 383
40.15117 431
40.17129 408
40.1914 513
40.21152 571
40.23163 585
40.25174 661
40.27186 613
40.29197 570
40.31208 497
40.3322 454
40.35231 410
40.37242 428
40.39254 390
40.41265 342
40.43277 274
40.45288 266
40.47299 214
40.49311 244
40.51322 269
40.53333 255
40.55345 247
40.57356 252
40.59368 245
40.61379 230
40.6339 238
40.65402 230
40.67413 234
40.69424 222
40.71436 232
40.73447 202
40.75458 233
40.7747 253
40.79481 245
40.81493 224
40.83504 235
40.85515 275
40.87527 267
40.89538 249
40.91549 230
40.93561 244
40.95572 234
40.97584 278
40.99595 251
41.01606 241
41.03618 274
41.05629 261
41.0764 287
41.09652 273
41.11663 300
41.13675 258
41.15686 286
41.17697 291
41.19709 274
41.2172 252
41.23731 321
41.25743 305
41.27754 284
41.29765 314
41.31777 276
41.33788 299
41.358 268
41.37811 277
41.39822 268
41.41834 308
41.43845 262
41.45856 290
41.47868 272
41.49879 326
41.51891 320
41.53902 330
41.55913 328
41.57925 319
41.59936 352
41.61947 375
41.63959 348
41.6597 387
41.67982 389
41.69993 447
41.72004 468
41.74016 453
41.76027 428
41.78038 384
41.8005 432
41.82061 438
41.84072 359
41.86084 379
41.88095 370
41.90107 338
41.92118 318
41.94129 339
41.96141 280
41.98152 295
42.00163 289
42.02175 243
42.04186 259
42.06198 255
42.08209 251
42.1022 270
42.12232 277
42.14243 308
42.16254 293
42.18266 282
42.20277 347
42.22289 352
42.243 382
42.26311 407
42.28323 417
42.30334 465
42.32345 562
42.34357 626
42.36368 729
42.38379 836
42.40391 828
42.42402 908
42.44414 846
42.46425 775
42.48436 652
42.50448 620
42.52459 567
42.5447 574
42.56482 506
42.58493 428
42.60505 365
42.62516 371
42.64527 379
42.66539 352
42.6855 404
42.70561 389
42.72573 380
42.74584 341
42.76595 360
42.78607 378
42.80618 384
42.8263 361
42.84641 311
42.86652 333
42.88664 308
42.90675 321
42.92686 337
42.94698 290
42.96709 265
42.98721 255
43.00732 289
43.02743 279
43.04755 286
43.06766 270
43.08777 231
43.10789 253
43.128 241
43.14812 246
43.16823 265
43.18834 277
43.20846 244
43.22857 284
43.24868 233
43.2688 224
43.28891 231
43.30902 251
43.32914 253
43.34925 234
43.36937 234
43.38948 270
43.40959 273
43.42971 262
43.44982 251
43.46993 328
43.49005 264
43.51016 245
43.53028 294
43.55039 297
43.5705 284
43.59062 248
43.61073 295
43.63084 273
43.65096 290
43.67107 260
43.69119 269
43.7113 255
43.73141 259
43.75153 258
43.77164 244
43.79175 241
43.81187 238
43.83198 243
43.85209 255
43.87221 224
43.89232 217
43.91244 228
43.93255 245
43.95266 209
43.97278 215
43.99289 256
44.013 214
44.03312 261
44.05323 235
44.07335 264
44.09346 241
44.11357 244
44.13369 228
44.1538 259
44.17391 255
44.19403 257
44.21414 265
44.23426 229
44.25437 241
44.27448 224
44.2946 236
44.31471 256
44.33482 231
44.35494 238
44.37505 232
44.39516 227
44.41528 248
44.43539 221
44.45551 244
44.47562 232
44.49573 238
44.51585 242
44.53596 264
44.55607 241
44.57619 250
44.5963 238
44.61642 244
44.63653 263
44.65664 253
44.67676 236
44.69687 242
44.71698 262
44.7371 249
44.75721 238
44.77732 235
44.79744 262
44.81755 280
44.83767 261
44.85778 277
44.87789 264
44.89801 242
44.91812 230
44.93823 237
44.95835 253
44.97846 299
44.99858 262
45.01869 259
45.0388 260
45.05892 260
45.07903 278
45.09914 263
45.11926 273
45.13937 289
45.15949 251
45.1796 262
45.19971 261
45.21983 266
45.23994 270
45.26005 281
45.28017 283
45.30028 271
45.32039 265
45.34051 258
45.36062 274
45.38074 301
45.40085 334
45.42096 304
45.44108 275
45.46119 326
45.4813 356
45.50142 303
45.52153 350
45.54165 302
45.56176 341
45.58187 351
45.60199 342
45.6221 387
45.64221 435
45.66233 477
45.68244 519
45.70256 549
45.72267 593
45.74278 682
45.7629 699
45.78301 651
45.80312 566
45.82324 489
45.84335 428
45.86346 482
45.88358 425
45.90369 413
45.92381 317
45.94392 306
45.96403 259
45.98415 248
46.00426 230
46.02437 219
46.04449 237
46.0646 248
46.08472 259
46.10483 273
46.12494 232
46.14506 243
46.16517 249
46.18528 214
46.2054 260
46.22551 252
46.24563 240
46.26574 221
46.28585 205
46.30597 214
46.32608 221
46.34619 233
46.36631 217
46.38642 255
46.40653 228
46.42665 246
46.44676 209
46.46688 228
46.48699 238
46.5071 230
46.52722 182
46.54733 225
46.56744 214
46.58756 207
46.60767 191
46.62779 231
46.6479 199
46.66801 221
46.68813 214
46.70824 231
46.72835 214
46.74847 213
46.76858 218
46.78869 254
46.80881 223
46.82892 220
46.84904 226
46.86915 229
46.88926 251
46.90938 229
46.92949 229
46.9496 245
46.96972 250
46.98983 264
47.00995 252
47.03006 267
47.05017 259
47.07029 259
47.0904 256
47.11051 257
47.13063 284
47.15074 250
47.17086 242
47.19097 250
47.21108 253
47.2312 260
47.25131 240
47.27142 249
47.29154 247
47.31165 196
47.33176 249
47.35188 235
47.37199 258
47.39211 251
47.41222 265
47.43233 233
47.45245 285
47.47256 254
47.49267 261
47.51279 240
47.5329 233
47.55302 241
47.57313 252
47.59324 244
47.61336 242
47.63347 241
47.65358 219
47.6737 215
47.69381 227
47.71393 229
47.73404 225
47.75415 239
47.77427 226
47.79438 238
47.81449 231
47.83461 254
47.85472 266
47.87483 270
47.89495 264
47.91506 276
47.93518 261
47.95529 266
47.9754 265
47.99552 252
48.01563 254
48.03574 291
48.05586 284
48.07597 298
48.09609 282
48.1162 275
48.13631 319
48.15643 312
48.17654 251
48.19665 269
48.21677 298
48.23688 322
48.257 314
48.27711 325
48.29722 287
48.31734 285
48.33745 232
48.35756 293
48.37768 295
48.39779 282
48.4179 271
48.43802 275
48.45813 291
48.47825 283
48.49836 325
48.51847 273
48.53859 285
48.5587 283
48.57881 279
48.59893 301
48.61904 276
48.63916 258
48.65927 288
48.67938 278
48.6995 261
48.71961 282
48.73972 264
48.75984 271
48.77995 274
48.80006 252
48.82018 266
48.84029 241
48.86041 238
48.88052 267
48.90063 259
48.92075 235
48.94086 278
48.96097 263
48.98109 252
49.0012 286
49.02132 266
49.04143 273
49.06154 288
49.08166 285
49.10177 314
49.12188 306
49.142 306
49.16211 313
49.18223 286
49.20234 309
49.22245 296
49.24257 272
49.26268 282
49.28279 271
49.30291 311
49.32302 275
49.34313 262
49.36325 263
49.38336 244
49.40348 237
49.42359 276
49.4437 242
49.46382 212
49.48393 232
49.50404 219
49.52416 253
49.54427 236
49.56439 240
49.5845 269
49.60461 274
49.62473 301
49.64484 316
49.66495 305
49.68507 293
49.70518 348
49.7253 347
49.74541 385
49.76552 384
49.78564 397
49.80575 421
49.82586 442
49.84598 436
49.86609 480
49.8862 523
49.90632 516
49.92643 616
49.94655 678
49.96666 738
49.98677 826
50.00689 948
50.027 1174
50.04711 1330
50.06723 1420
50.08734 1622
50.10746 1670
50.12757 1463
50.14768 1148
50.1678 1012
50.18791 938
50.20802 885
50.22814 921
50.24825 844
50.26837 716
50.28848 541
50.30859 448
50.32871 367
50.34882 316
50.36893 317
50.38905 323
50.40916 369
50.42927 331
50.44939 372
50.4695 384
50.48962 420
50.50973 377
50.52984 378
50.54996 391
50.57007 376
50.59018 389
50.6103 374
50.63041 366
50.65053 358
50.67064 379
50.69075 312
50.71087 357
50.73098 311
50.75109 314
50.77121 263
50.79132 284
50.81143 272
50.83155 283
50.85166 258
50.87178 256
50.89189 247
50.912 266
50.93212 285
50.95223 289
50.97234 250
50.99246 234
51.01257 285
51.03269 277
51.0528 295
51.07291 335
51.09303 329
51.11314 335
51.13325 385
51.15337 342
51.17348 347
51.1936 313
51.21371 279
51.23382 325
51.25394 318
51.27405 336
51.29416 320
51.31428 258
51.33439 284
51.3545 254
51.37462 244
51.39473 267
51.41485 251
51.43496 270
51.45507 231
51.47519 261
51.4953 229
51.51541 246
51.53553 260
51.55564 233
51.57576 230
51.59587 213
51.61598 228
51.6361 210
51.65621 251
51.67632 193
51.69644 190
51.71655 183
51.73667 217
51.75678 210
51.77689 215
51.79701 210
51.81712 220
51.83723 215
51.85735 240
51.87746 191
51.89757 208
51.91769 210
51.9378 196
51.95792 211
51.97803 206
51.99814 234
52.01826 212
52.03837 227
52.05848 240
52.0786 229
52.09871 242
52.11883 233
52.13894 226
52.15905 237
52.17917 229
52.19928 241
52.21939 225
52.23951 238
52.25962 234
52.27974 254
52.29985 256
52.31996 240
52.34008 245
52.36019 262
52.3803 265
52.40042 247
52.42053 254
52.44064 250
52.46076 270
52.48087 267
52.50099 256
52.5211 253
52.54121 214
52.56133 269
52.58144 254
52.60155 240
52.62167 242
52.64178 225
52.6619 279
52.68201 241
52.70212 234
52.72224 224
52.74235 192
52.76246 262
52.78258 220
52.80269 244
52.8228 215
52.84292 230
52.86303 233
52.88315 250
52.90326 218
52.92337 244
52.94349 229
52.9636 269
52.98371 270
53.00383 247
53.02394 257
53.04406 258
53.06417 238
53.08428 270
53.1044 292
53.12451 260
53.14462 279
53.16474 280
53.18485 290
53.20497 284
53.22508 246
53.24519 249
53.26531 246
53.28542 270
53.30553 289
53.32565 250
53.34576 244
53.36587 256
53.38599 242
53.4061 257
53.42622 231
53.44633 221
53.46644 233
53.48656 222
53.50667 232
53.52678 196
53.5469 213
53.56701 244
53.58713 208
53.60724 255
53.62735 246
53.64747 250
53.66758 236
53.68769 243
53.70781 226
53.72792 245
53.74804 213
53.76815 239
53.78826 238
53.80838 252
53.82849 220
53.8486 242
53.86872 253
53.88883 234
53.90894 236
53.92906 235
53.94917 232
53.96929 246
53.9894 239
54.00951 227
54.02963 238
54.04974 243
54.06985 222
54.08997 244
54.11008 274
54.1302 226
54.15031 248
54.17042 251
54.19054 261
54.21065 268
54.23076 276
54.25088 264
54.27099 262
54.29111 242
54.31122 296
54.33133 257
54.35145 297
54.37156 300
54.39167 284
54.41179 290
54.4319 283
54.45201 274
54.47213 275
54.49224 280
54.51236 246
54.53247 282
54.55258 248
54.5727 263
54.59281 280
54.61292 295
54.63304 284
54.65315 322
54.67327 350
54.69338 347
54.71349 412
54.73361 401
54.75372 497
54.77383 541
54.79395 573
54.81406 574
54.83417 641
54.85429 606
54.8744 580
54.89452 517
54.91463 460
54.93474 451
54.95486 496
54.97497 444
54.99508 447
55.0152 378
55.03531 368
55.05543 312
55.07554 298
55.09565 323
55.11577 303
55.13588 296
55.15599 283
55.17611 298
55.19622 348
55.21634 364
55.23645 345
55.25656 430
55.27668 393
55.29679 419
55.3169 368
55.33702 357
55.35713 327
55.37724 311
55.39736 309
55.41747 321
55.43759 310
55.4577 315
55.47781 324
55.49793 271
55.51804 304
55.53815 235
55.55827 234
55.57838 232
55.5985 248
55.61861 257
55.63872 237
55.65884 230
55.67895 260
55.69906 216
55.71918 217
55.73929 233
55.75941 269
55.77952 261
55.79963 259
55.81975 269
55.83986 271
55.85997 206
55.88009 256
55.9002 274
55.92031 289
55.94043 247
55.96054 256
55.98066 275
56.00077 275
56.02088 266
56.041 285
56.06111 345
56.08122 291
56.10134 337
56.12145 281
56.14157 283
56.16168 273
56.18179 290
56.20191 277
56.22202 279
56.24213 245
56.26225 228
56.28236 249
56.30248 250
56.32259 231
56.3427 242
56.36282 227
56.38293 254
56.40304 257
56.42316 249
56.44327 251
56.46338 263
56.4835 247
56.50361 272
56.52373 256
56.54384 264
56.56395 243
56.58407 230
56.60418 268
56.62429 264
56.64441 243
56.66452 246
56.68464 237
56.70475 270
56.72486 250
56.74498 259
56.76509 228
56.7852 237
56.80532 214
56.82543 246
56.84554 204
56.86566 220
56.88577 193
56.90589 228
56.926 238
56.94611 221
56.96623 219
56.98634 201
57.00645 206
57.02657 220
57.04668 251
57.0668 212
57.08691 223
57.10702 180
57.12714 221
57.14725 229
57.16736 220
57.18748 231
57.20759 211
57.22771 233
57.24782 214
57.26793 237
57.28805 214
57.30816 225
57.32827 220
57.34839 220
57.3685 209
57.38861 245
57.40873 221
57.42884 224
57.44896 208
57.46907 227
57.48918 222
57.5093 234
57.52941 232
57.54952 243
57.56964 234
57.58975 229
57.60987 235
57.62998 206
57.65009 215
57.67021 222
57.69032 240
57.71043 215
57.73055 209
57.75066 220
57.77078 208
57.79089 212
57.811 218
57.83112 241
57.85123 228
57.87134 232
57.89146 269
57.91157 247
57.93168 274
57.9518 249
57.97191 254
57.99203 247
58.01214 255
58.03225 241
58.05237 245
58.07248 269
58.09259 258
58.11271 230
58.13282 256
58.15294 239
58.17305 244
58.19316 263
58.21328 223
58.23339 227
58.2535 229
58.27362 243
58.29373 232
58.31385 242
58.33396 260
58.35407 261
58.37419 236
58.3943 260
58.41441 236
58.43453 265
58.45464 275
58.47475 261
58.49487 250
58.51498 274
58.5351 261
58.55521 276
58.57532 262
58.59544 257
58.61555 261
58.63566 250
58.65578 274
58.67589 250
58.69601 221
58.71612 251
58.73623 243
58.75635 235
58.77646 242
58.79657 238
58.81669 238
58.8368 216
58.85691 215
58.87703 227
58.89714 209
58.91726 236
58.93737 200
58.95748 204
58.9776 213
58.99771 215
59.01782 207
59.03794 202
59.05805 213
59.07817 197
59.09828 220
59.11839 230
59.13851 225
59.15862 223
59.17873 236
59.19885 235
59.21896 234
59.23908 201
59.25919 243
59.2793 239
59.29942 202
59.31953 223
59.33964 238
59.35976 217
59.37987 241
59.39998 247
59.4201 255
59.44021 233
59.46033 246
59.48044 232
59.50055 235
59.52067 243
59.54078 243
59.56089 233
59.58101 251
59.60112 258
59.62124 298
59.64135 311
59.66146 326
59.68158 319
59.70169 351
59.7218 370
59.74192 401
59.76203 493
59.78215 492
59.80226 613
59.82237 739
59.84249 791
59.8626 969
59.88271 958
59.90283 989
59.92294 1014
59.94305 958
59.96317 868
59.98328 720
60.0034 616
60.02351 656
60.04362 650
60.06374 611
60.08385 601
60.10396 605
60.12408 500
60.14419 447
60.16431 383
60.18442 316
60.20453 302
60.22465 301
60.24476 332
60.26487 308
60.28499 314
60.3051 334
60.32522 322
60.34533 307
60.36544 307
60.38556 272
60.40567 287
60.42578 276
60.4459 304
60.46601 242
60.48612 260
60.50624 254
60.52635 277
60.54647 219
60.56658 244
60.58669 240
60.60681 246
60.62692 230
60.64703 211
60.66715 220
60.68726 236
60.70738 265
60.72749 239
60.7476 231
60.76772 240
60.78783 207
60.80794 250
60.82806 243
60.84817 238
60.86828 203
60.8884 239
60.90851 227
60.92863 212
60.94874 223
60.96885 217
60.98897 228
61.00908 224
61.02919 231
61.04931 237
61.06942 235
61.08954 246
61.10965 255
61.12976 237
61.14988 247
61.16999 240
61.1901 280
61.21022 214
61.23033 251
61.25045 240
61.27056 230
61.29067 242
61.31079 217
61.3309 236
61.35101 252
61.37113 258
61.39124 235
61.41135 211
61.43147 247
61.45158 231
61.4717 229
61.49181 238
61.51192 254
61.53204 208
61.55215 219
61.57226 222
61.59238 217
61.61249 245
61.63261 233
61.65272 222
61.67283 249
61.69295 246
61.71306 226
61.73317 221
61.75329 235
61.7734 235
61.79352 237
61.81363 230
61.83374 224
61.85386 246
61.87397 227
61.89408 230
61.9142 232
61.93431 234
61.95442 213
61.97454 253
61.99465 222
62.01477 216
62.03488 238
62.05499 223
62.07511 233
62.09522 222
62.11533 209
62.13545 215
62.15556 218
62.17568 236
62.19579 223
62.2159 221
62.23602 195
62.25613 224
62.27624 207
62.29636 224
62.31647 230
62.33659 221
62.3567 209
62.37681 201
62.39693 213
62.41704 227
62.43715 228
62.45727 238
62.47738 200
62.49749 217
62.51761 220
62.53772 214
62.55784 194
62.57795 205
62.59806 205
62.61818 217
62.63829 219
62.6584 216
62.67852 225
62.69863 235
62.71875 195
62.73886 205
62.75897 213
62.77909 237
62.7992 218
62.81931 203
62.83943 215
62.85954 220
62.87965 194
62.89977 236
62.91988 237
62.94 204
62.96011 237
62.98022 185
63.00034 225
63.02045 248
63.04056 208
63.06068 230
63.08079 255
63.10091 232
63.12102 216
63.14113 228
63.16125 249
63.18136 226
63.20147 211
63.22159 214
63.2417 218
63.26182 223
63.28193 218
63.30204 219
63.32216 238
63.34227 219
63.36238 258
63.3825 223
63.40261 266
63.42272 252
63.44284 255
63.46295 255
63.48307 240
63.50318 274
63.52329 275
63.54341 261
63.56352 296
63.58363 256
63.60375 249
63.62386 262
63.64398 279
63.66409 282
63.6842 299
63.70432 328
63.72443 314
63.74454 314
63.76466 340
63.78477 320
63.80489 346
63.825 320
63.84511 312
63.86523 340
63.88534 333
63.90545 323
63.92557 377
63.94568 410
63.96579 375
63.98591 406
64.00602 371
64.02614 378
64.04625 357
64.06636 337
64.08648 296
64.10659 290
64.1267 302
64.14682 291
64.16693 295
64.18705 283
64.20716 268
64.22727 261
64.24739 260
64.2675 240
64.28761 261
64.30773 196
64.32784 206
64.34796 209
64.36807 218
64.38818 214
64.4083 228
64.42841 220
64.44852 187
64.46864 195
64.48875 192
64.50886 216
64.52898 199
64.54909 202
64.56921 258
64.58932 219
64.60943 238
64.62955 217
64.64966 254
64.66977 210
64.68989 254
64.71 219
64.73012 227
64.75023 235
64.77034 228
64.79046 214
64.81057 219
64.83068 218
64.8508 224
64.87091 207
64.89102 227
64.91114 226
64.93125 237
64.95137 209
64.97148 219
64.99159 240
65.01171 239
65.03182 212
65.05193 220
65.07205 246
65.09216 214
65.11228 253
65.13239 232
65.1525 208
65.17262 235
65.19273 224
65.21284 238
65.23296 245
65.25307 248
65.27319 247
65.2933 259
65.31341 268
65.33353 228
65.35364 246
65.37375 231
65.39387 220
65.41398 201
65.43409 230
65.45421 228
65.47432 225
65.49444 204
65.51455 216
65.53466 226
65.55478 239
65.57489 223
65.595 209
65.61512 200
65.63523 233
65.65535 235
65.67546 252
65.69557 244
65.71569 203
65.7358 228
65.75591 199
65.77603 235
65.79614 223
65.81626 204
65.83637 208
65.85648 212
65.8766 220
65.89671 230
65.91682 206
65.93694 224
65.95705 231
65.97716 217
65.99728 214
66.01739 247
66.03751 202
66.05762 206
66.07773 205
66.09785 210
66.11796 221
66.13807 215
66.15819 216
66.1783 224
66.19842 252
66.21853 272
66.23864 238
66.25876 240
66.27887 234
66.29898 226
66.3191 243
66.33921 238
66.35933 242
66.37944 237
66.39955 228
66.41967 259
66.43978 251
66.45989 241
66.48001 251
66.50012 245
66.52023 249
66.54035 204
66.56046 245
66.58058 236
66.60069 213
66.6208 224
66.64092 208
66.66103 224
66.68114 211
66.70126 206
66.72137 212
66.74149 206
66.7616 225
66.78171 229
66.80183 208
66.82194 234
66.84205 223
66.86217 227
66.88228 221
66.90239 229
66.92251 233
66.94262 224
66.96274 243
66.98285 233
67.00296 240
67.02308 265
67.04319 223
67.0633 254
67.08342 262
67.10353 251
67.12365 237
67.14376 250
67.16387 265
67.18399 256
67.2041 263
67.22421 252
67.24433 264
67.26444 236
67.28456 227
67.30467 242
67.32478 243
67.3449 247
67.36501 230
67.38512 267
67.40524 256
67.42535 259
67.44546 269
67.46558 277
67.48569 287
67.50581 295
67.52592 319
67.54603 382
67.56615 397
67.58626 458
67.60637 468
67.62649 523
67.6466 606
67.66672 673
67.68683 688
67.70694 639
67.72706 616
67.74717 568
67.76728 517
67.7874 481
67.80751 461
67.82763 453
67.84774 500
67.86785 497
67.88797 533
67.90808 548
67.92819 468
67.94831 557
67.96842 517
67.98853 516
68.00865 595
68.02876 691
68.04888 668
68.06899 826
68.0891 800
68.10922 819
68.12933 785
68.14944 772
68.16956 710
68.18967 670
68.20979 724
68.2299 705
68.25001 765
68.27013 725
68.29024 729
68.31035 710
68.33047 595
68.35058 512
68.3707 450
68.39081 373
68.41092 395
68.43104 387
68.45115 397
68.47126 341
68.49138 361
68.51149 322
68.5316 296
68.55172 266
68.57183 257
68.59195 245
68.61206 216
68.63217 241
68.65229 215
68.6724 237
68.69251 209
68.71263 255
68.73274 217
68.75286 224
68.77297 241
68.79308 219
68.8132 227
68.83331 227
68.85342 206
68.87354 212
68.89365 237
68.91376 229
68.93388 177
68.95399 177
68.97411 207
68.99422 195
69.01433 197
69.03445 190
69.05456 200
69.07467 225
69.09479 212
69.1149 221
69.13502 215
69.15513 229
69.17524 187
69.19536 212
69.21547 214
69.23558 248
69.2557 234
69.27581 236
69.29593 246
69.31604 207
69.33615 239
69.35627 238
69.37638 264
69.39649 262
69.41661 241
69.43672 250
69.45683 250
69.47695 199
69.49706 239
69.51718 243
69.53729 206
69.5574 212
69.57752 241
69.59763 240
69.61774 220
69.63786 241
69.65797 221
69.67809 243
69.6982 217
69.71831 204
69.73843 217
69.75854 234
69.77865 216
69.79877 231
69.81888 204
69.839 240
69.85911 248
69.87922 193
69.89934 212
69.91945 230
69.93956 238
69.95968 245
69.97979 174
69.9999 210
70.02002 210
70.04013 225
70.06025 218
70.08036 192
70.10047 206
70.12059 203
70.1407 193
70.16081 191
70.18093 190
70.20104 177
70.22116 194
70.24127 186
70.26138 179
70.2815 201
70.30161 182
70.32172 181
70.34184 172
70.36195 182
70.38207 177
70.40218 173
70.42229 192
70.44241 199
70.46252 168
70.48263 180
70.50275 187
70.52286 166
70.54297 195
70.56309 204
70.5832 218
70.60332 178
70.62343 209
70.64354 192
70.66366 201
70.68377 196
70.70388 210
70.724 209
70.74411 185
70.76423 204
70.78434 198
70.80445 204
70.82457 225
70.84468 199
70.86479 211
70.88491 224
70.90502 226
70.92513 202
70.94525 243
70.96536 208
70.98548 211
71.00559 197
71.0257 229
71.04582 204
71.06593 199
71.08604 211
71.10616 189
71.12627 210
71.14639 224
71.1665 222
71.18661 213
71.20673 193
71.22684 204
71.24695 200
71.26707 202
71.28718 209
71.3073 212
71.32741 205
71.34752 204
71.36764 204
71.38775 174
71.40786 226
71.42798 208
71.44809 211
71.4682 225
71.48832 200
71.50843 189
71.52855 192
71.54866 213
71.56877 211
71.58889 168
71.609 211
71.62911 195
71.64923 235
71.66934 184
71.68946 186
71.70957 201
71.72968 194
71.7498 173
71.76991 209
71.79002 189
71.81014 195
71.83025 208
71.85037 177
71.87048 186
71.89059 179
71.91071 186
71.93082 197
71.95093 198
71.97105 180
71.99116 208
72.01127 171
72.03139 177
72.0515 195
72.07162 182
72.09173 199
72.11184 199
72.13196 188
72.15207 175
72.17218 180
72.1923 193
72.21241 189
72.23253 217
72.25264 209
72.27275 184
72.29287 179
72.31298 177
72.33309 197
72.35321 191
72.37332 196
72.39344 189
72.41355 197
72.43366 194
72.45378 176
72.47389 199
72.494 183
72.51412 181
72.53423 222
72.55434 190
72.57446 206
72.59457 189
72.61469 185
72.6348 186
72.65491 192
72.67503 207
72.69514 204
72.71525 233
72.73537 205
72.75548 174
72.7756 209
72.79571 189
72.81582 211
72.83594 203
72.85605 200
72.87616 192
72.89628 206
72.91639 217
72.9365 196
72.95662 196
72.97673 202
72.99685 215
73.01696 176
73.03707 196
73.05719 230
73.0773 196
73.09741 218
73.11753 224
73.13764 218
73.15776 208
73.17787 225
73.19798 211
73.2181 232
73.23821 224
73.25832 230
73.27844 246
73.29855 263
73.31867 268
73.33878 331
73.35889 303
73.37901 326
73.39912 339
73.41923 357
73.43935 340
73.45946 332
73.47957 282
73.49969 244
73.5198 260
73.53992 229
73.56003 246
73.58014 230
73.60026 255
73.62037 283
73.64048 249
73.6606 258
73.68071 240
73.70083 233
73.72094 197
73.74105 220
73.76117 223
73.78128 199
73.80139 209
73.82151 206
73.84162 205
73.86174 193
73.88185 189
73.90196 198
73.92208 184
73.94219 193
73.9623 232
73.98242 197
74.00253 203
74.02264 216
74.04276 151
74.06287 211
74.08299 180
74.1031 204
74.12321 177
74.14333 181
74.16344 208
74.18355 196
74.20367 203
74.22378 206
74.2439 214
74.26401 233
74.28412 207
74.30424 196
74.32435 170
74.34446 192
74.36458 189
74.38469 173
74.40481 211
74.42492 200
74.44503 196
74.46515 221
74.48526 224
74.50537 213
74.52549 213
74.5456 199
74.56571 194
74.58583 216
74.60594 221
74.62606 219
74.64617 225
74.66628 234
74.6864 250
74.70651 216
74.72662 240
74.74674 222
74.76685 232
74.78697 212
74.80708 203
74.82719 212
74.84731 206
74.86742 219
74.88753 243
74.90765 214
74.92776 225
74.94787 245
74.96799 213
74.9881 199
75.00822 228
