3.00117 19721
3.02128 19123
3.0414 18781
3.06151 18136
3.08162 17784
3.10174 17088
3.12185 16611
3.14197 16275
3.16208 15584
3.18219 15460
3.20231 14863
3.22242 14414
3.24253 14012
3.26265 13503
3.28276 13011
3.30288 12754
3.32299 12232
3.3431 11984
3.36322 11509
3.38333 10989
3.40344 10618
3.42356 10073
3.44367 9816
3.46379 9830
3.4839 9435
3.50401 8962
3.52413 8617
3.54424 8389
3.56435 7897
3.58447 7886
3.60458 7486
3.62469 7283
3.64481 6875
3.66492 6631
3.68504 6398
3.70515 5904
3.72526 5804
3.74538 5863
3.76549 5423
3.7856 5195
3.80572 4805
3.82583 4594
3.84595 4544
3.86606 4371
3.88617 4206
3.90629 3924
3.9264 3737
3.94651 3626
3.96663 3546
3.98674 3311
4.00686 3067
4.02697 2953
4.04708 2976
4.0672 2691
4.08731 2650
4.10742 2300
4.12754 2210
4.14765 2359
4.16776 2067
4.18788 2081
4.20799 1984
4.22811 1798
4.24822 1840
4.26833 1754
4.28845 1676
4.30856 1568
4.32867 1575
4.34879 1519
4.3689 1431
4.38902 1428
4.40913 1292
4.42924 1320
4.44936 1233
4.46947 1313
4.48958 1257
4.5097 1196
4.52981 1140
4.54992 1203
4.57004 1183
4.59015 1053
4.61027 955
4.63038 1030
4.65049 1013
4.67061 1001
4.69072 863
4.71083 887
4.73095 851
4.75106 914
4.77118 855
4.79129 823
4.8114 795
4.83152 806
4.85163 827
4.87174 766
4.89186 684
4.91197 687
4.93209 660
4.9522 673
4.97231 697
4.99243 613
5.01254 564
5.03265 602
5.05277 564
5.07288 595
5.09299 546
5.11311 538
5.13322 550
5.15334 512
5.17345 564
5.19356 496
5.21368 524
5.23379 455
5.2539 413
5.27402 443
5.29413 380
5.31425 454
5.33436 397
5.35447 407
5.37459 365
5.3947 330
5.41481 354
5.43493 391
5.45504 351
5.47516 396
5.49527 293
5.51538 340
5.5355 325
5.55561 341
5.57572 325
5.59584 252
5.61595 270
5.63606 285
5.65618 260
5.67629 284
5.69641 239
5.71652 259
5.73663 231
5.75675 235
5.77686 253
5.79697 254
5.81709 215
5.8372 266
5.85732 235
5.87743 248
5.89754 195
5.91766 211
5.93777 194
5.95788 223
5.978 216
5.99811 232
6.01823 186
6.03834 209
6.05845 206
6.07857 186
6.09868 210
6.11879 175
6.13891 173
6.15902 199
6.17913 192
6.19925 180
6.21936 183
6.23948 185
6.25959 193
6.2797 204
6.29982 194
6.31993 222
6.34004 198
6.36016 176
6.38027 182
6.40039 199
6.4205 194
6.44061 157
6.46073 175
6.48084 178
6.50095 163
6.52107 164
6.54118 155
6.56129 173
6.58141 184
6.60152 182
6.62164 173
6.64175 157
6.66186 194
6.68198 171
6.70209 180
6.7222 172
6.74232 164
6.76243 169
6.78255 202
6.80266 159
6.82277 147
6.84289 173
6.863 159
6.88311 148
6.90323 185
6.92334 176
6.94346 185
6.96357 151
6.98368 170
7.0038 188
7.02391 149
7.04402 185
7.06414 168
7.08425 168
7.10436 149
7.12448 164
7.14459 159
7.16471 172
7.18482 199
7.20493 180
7.22505 165
7.24516 173
7.26527 167
7.28539 170
7.3055 151
7.32562 174
7.34573 159
7.36584 210
7.38596 165
7.40607 193
7.42618 151
7.4463 177
7.46641 165
7.48653 182
7.50664 185
7.52675 185
7.54687 187
7.56698 185
7.58709 149
7.60721 174
7.62732 171
7.64743 170
7.66755 196
7.68766 205
7.70778 192
7.72789 187
7.748 183
7.76812 174
7.78823 196
7.80834 155
7.82846 197
7.84857 197
7.86869 214
7.8888 197
7.90891 162
7.92903 181
7.94914 176
7.96925 174
7.98937 215
8.00948 186
8.0296 188
8.04971 191
8.06982 198
8.08994 202
8.11005 165
8.13016 196
8.15028 206
8.17039 209
8.1905 206
8.21062 199
8.23073 207
8.25085 192
8.27096 184
8.29107 215
8.31119 192
8.3313 189
8.35141 186
8.37153 200
8.39164 169
8.41176 208
8.43187 222
8.45198 196
8.4721 215
8.49221 192
8.51232 213
8.53244 211
8.55255 225
8.57266 240
8.59278 200
8.61289 194
8.63301 212
8.65312 193
8.67323 228
8.69335 239
8.71346 226
8.73357 226
8.75369 246
8.7738 262
8.79392 264
8.81403 274
8.83414 276
8.85426 250
8.87437 268
8.89448 263
8.9146 252
8.93471 243
8.95483 253
8.97494 222
8.99505 230
9.01517 211
9.03528 212
9.05539 233
9.07551 212
9.09562 207
9.11573 192
9.13585 216
9.15596 187
9.17608 202
9.19619 202
9.2163 212
9.23642 193
9.25653 199
9.27664 192
9.29676 213
9.31687 193
9.33699 209
9.3571 197
9.37721 216
9.39733 209
9.41744 201
9.43755 221
9.45767 224
9.47778 213
9.4979 215
9.51801 208
9.53812 207
9.55824 183
9.57835 198
9.59846 183
9.61858 219
9.63869 221
9.6588 218
9.67892 219
9.69903 206
9.71915 187
9.73926 198
9.75937 217
9.77949 206
9.7996 191
9.81971 197
9.83983 228
9.85994 177
9.88006 205
9.90017 202
9.92028 226
9.9404 207
9.96051 242
9.98062 233
10.00074 234
10.02085 215
10.04097 208
10.06108 177
10.08119 208
10.10131 214
10.12142 193
10.14153 206
10.16165 207
10.18176 200
10.20187 207
10.22199 206
10.2421 194
10.26222 214
10.28233 236
10.30244 211
10.32256 226
10.34267 174
10.36278 196
10.3829 216
10.40301 203
10.42313 216
10.44324 205
10.46335 224
10.48347 228
10.50358 224
10.52369 192
10.54381 201
10.56392 225
10.58403 228
10.60415 208
10.62426 230
10.64438 210
10.66449 207
10.6846 210
10.70472 228
10.72483 182
10.74494 213
10.76506 207
10.78517 189
10.80529 207
10.8254 176
10.84551 214
10.86563 229
10.88574 218
10.90585 224
10.92597 199
10.94608 225
10.9662 189
10.98631 209
11.00642 193
11.02654 214
11.04665 243
11.06676 195
11.08688 210
11.10699 226
11.1271 195
11.14722 219
11.16733 192
11.18745 209
11.20756 230
11.22767 224
11.24779 228
11.2679 225
11.28801 209
11.30813 197
11.32824 220
11.34836 208
11.36847 221
11.38858 225
11.4087 205
11.42881 224
11.44892 206
11.46904 224
11.48915 205
11.50927 213
11.52938 215
11.54949 204
11.56961 242
11.58972 218
11.60983 209
11.62995 222
11.65006 211
11.67017 217
11.69029 210
11.7104 202
11.73052 212
11.75063 238
11.77074 231
11.79086 235
11.81097 252
11.83108 235
11.8512 217
11.87131 204
11.89143 236
11.91154 245
11.93165 219
11.95177 233
11.97188 232
11.99199 239
12.01211 211
12.03222 229
12.05234 253
12.07245 283
12.09256 246
12.11268 261
12.13279 284
12.1529 236
12.17302 281
12.19313 275
12.21324 297
12.23336 284
12.25347 273
12.27359 254
12.2937 279
12.31381 242
12.33393 290
12.35404 258
12.37415 256
12.39427 252
12.41438 296
12.4345 235
12.45461 261
12.47472 240
12.49484 252
12.51495 249
12.53506 257
12.55518 247
12.57529 249
12.5954 245
12.61552 233
12.63563 234
12.65575 218
12.67586 227
12.69597 229
12.71609 202
12.7362 240
12.75631 199
12.77643 206
12.79654 200
12.81666 218
12.83677 222
12.85688 209
12.877 174
12.89711 209
12.91722 215
12.93734 216
12.95745 207
12.97757 229
12.99768 198
13.01779 202
13.03791 224
13.05802 255
13.07813 235
13.09825 243
13.11836 268
13.13847 295
13.15859 270
13.1787 284
13.19882 281
13.21893 227
13.23904 219
13.25916 238
13.27927 222
13.29938 214
13.3195 210
13.33961 193
13.35973 224
13.37984 215
13.39995 234
13.42007 209
13.44018 224
13.46029 191
13.48041 203
13.50052 237
13.52064 228
13.54075 221
13.56086 243
13.58098 279
13.60109 331
13.6212 322
13.64132 367
13.66143 420
13.68154 403
13.70166 362
13.72177 337
13.74189 259
13.762 228
13.78211 232
13.80223 253
13.82234 247
13.84245 266
13.86257 272
13.88268 266
13.9028 286
13.92291 249
13.94302 229
13.96314 218
13.98325 220
14.00336 197
14.02348 214
14.04359 209
14.06371 196
14.08382 205
14.10393 195
14.12405 188
14.14416 209
14.16427 190
14.18439 166
14.2045 170
14.22461 164
14.24473 163
14.26484 181
14.28496 205
14.30507 216
14.32518 177
14.3453 185
14.36541 178
14.38552 198
14.40564 177
14.42575 172
14.44587 187
14.46598 162
14.48609 153
14.50621 173
14.52632 193
14.54643 203
14.56655 172
14.58666 194
14.60677 191
14.62689 176
14.647 187
14.66712 173
14.68723 208
14.70734 193
14.72746 170
14.74757 196
14.76768 189
14.7878 185
14.80791 200
14.82803 206
14.84814 220
14.86825 231
14.88837 264
14.90848 266
14.92859 250
14.94871 306
14.96882 289
14.98894 268
15.00905 279
15.02916 238
15.04928 230
15.06939 260
15.0895 261
15.10962 224
15.12973 217
15.14984 200
15.16996 214
15.19007 205
15.21019 244
15.2303 203
15.25041 215
15.27053 215
15.29064 209
15.31075 201
15.33087 203
15.35098 192
15.3711 206
15.39121 162
15.41132 177
15.43144 202
15.45155 161
15.47166 160
15.49178 175
15.51189 178
15.53201 152
15.55212 177
15.57223 186
15.59235 178
15.61246 206
15.63257 157
15.65269 169
15.6728 155
15.69291 193
15.71303 172
15.73314 199
15.75326 183
15.77337 175
15.79348 205
15.8136 191
15.83371 160
15.85382 177
15.87394 162
15.89405 185
15.91417 146
15.93428 170
15.95439 183
15.97451 173
15.99462 148
16.01473 173
16.03485 174
16.05496 133
16.07508 176
16.09519 170
16.1153 156
16.13542 150
16.15553 166
16.17564 143
16.19576 149
16.21587 189
16.23598 175
16.2561 171
16.27621 173
16.29633 151
16.31644 164
16.33655 164
16.35667 156
16.37678 167
16.39689 172
16.41701 134
16.43712 190
16.45724 148
16.47735 161
16.49746 160
16.51758 190
16.53769 153
16.5578 164
16.57792 160
16.59803 167
16.61814 140
16.63826 160
16.65837 156
16.67849 129
16.6986 168
16.71871 166
16.73883 180
16.75894 179
16.77905 179
16.79917 176
16.81928 176
16.8394 187
16.85951 181
16.87962 185
16.89974 155
16.91985 178
16.93996 177
16.96008 167
16.98019 179
17.00031 181
17.02042 154
17.04053 163
17.06065 151
17.08076 157
17.10087 182
17.12099 172
17.1411 177
17.16121 163
17.18133 138
17.20144 157
17.22156 176
17.24167 171
17.26178 177
17.2819 138
17.30201 141
17.32212 199
17.34224 165
17.36235 164
17.38247 173
17.40258 186
17.42269 152
17.44281 167
17.46292 168
17.48303 166
17.50315 152
17.52326 164
17.54338 169
17.56349 152
17.5836 161
17.60372 141
17.62383 154
17.64394 168
17.66406 163
17.68417 195
17.70428 163
17.7244 167
17.74451 153
17.76463 153
17.78474 187
17.80485 153
17.82497 172
17.84508 157
17.86519 171
17.88531 145
17.90542 157
17.92554 159
17.94565 168
17.96576 153
17.98588 162
18.00599 158
18.0261 177
18.04622 157
18.06633 167
18.08645 150
18.10656 157
18.12667 155
18.14679 157
18.1669 150
18.18701 133
18.20713 190
18.22724 161
18.24735 159
18.26747 176
18.28758 164
18.3077 179
18.32781 181
18.34792 163
18.36804 168
18.38815 165
18.40826 172
18.42838 179
18.44849 158
18.46861 178
18.48872 175
18.50883 147
18.52895 137
18.54906 159
18.56917 147
18.58929 171
18.6094 151
18.62951 146
18.64963 145
18.66974 156
18.68986 168
18.70997 156
18.73008 190
18.7502 150
18.77031 158
18.79042 155
18.81054 174
18.83065 165
18.85077 167
18.87088 217
18.89099 175
18.91111 178
18.93122 174
18.95133 173
18.97145 168
18.99156 199
19.01168 184
19.03179 166
19.0519 169
19.07202 163
19.09213 172
19.11224 185
19.13236 166
19.15247 133
19.17258 180
19.1927 170
19.21281 200
19.23293 184
19.25304 238
19.27315 219
19.29327 239
19.31338 235
19.33349 233
19.35361 221
19.37372 187
19.39384 203
19.41395 167
19.43406 172
19.45418 169
19.47429 190
19.4944 177
19.51452 188
19.53463 175
19.55475 178
19.57486 175
19.59497 184
19.61509 181
19.6352 196
19.65531 170
19.67543 199
19.69554 199
19.71565 200
19.73577 205
19.75588 227
19.776 251
19.79611 238
19.81622 235
19.83634 261
19.85645 270
19.87656 279
19.89668 259
19.91679 309
19.93691 272
19.95702 291
19.97713 267
19.99725 267
20.01736 273
20.03747 253
20.05759 245
20.0777 257
20.09782 267
20.11793 278
20.13804 284
20.15816 270
20.17827 237
20.19838 262
20.2185 274
20.23861 236
20.25872 290
20.27884 265
20.29895 263
20.31907 266
20.33918 274
20.35929 261
20.37941 296
20.39952 311
20.41963 283
20.43975 285
20.45986 304
20.47998 314
20.50009 325
20.5202 295
20.54032 325
20.56043 339
20.58054 305
20.60066 375
20.62077 344
20.64088 394
20.661 382
20.68111 503
20.70123 511
20.72134 660
20.74145 869
20.76157 1149
20.78168 1624
20.80179 2437
20.82191 3223
20.84202 4165
20.86214 4619
20.88225 4895
20.90236 4032
20.92248 3261
20.94259 2354
20.9627 1815
20.98282 1491
21.00293 1383
21.02305 1434
21.04316 1426
21.06327 1420
21.08339 1194
21.1035 1039
21.12361 822
21.14373 661
21.16384 523
21.18395 416
21.20407 362
21.22418 369
21.2443 298
21.26441 322
21.28452 307
21.30464 286
21.32475 270
21.34486 263
21.36498 267
21.38509 287
21.40521 263
21.42532 251
21.44543 267
21.46555 262
21.48566 259
21.50577 241
21.52589 268
21.546 230
21.56612 252
21.58623 233
21.60634 230
21.62646 251
21.64657 240
21.66668 269
21.6868 210
21.70691 227
21.72702 269
21.74714 246
21.76725 253
21.78737 252
21.80748 263
21.82759 277
21.84771 248
21.86782 304
21.88793 321
21.90805 320
21.92816 394
21.94828 422
21.96839 586
21.9885 628
22.00862 625
22.02873 610
22.04884 534
22.06896 505
22.08907 405
22.10919 353
22.1293 335
22.14941 305
22.16953 315
22.18964 287
22.20975 304
22.22987 317
22.24998 385
22.27009 436
22.29021 484
22.31032 462
22.33044 512
22.35055 507
22.37066 468
22.39078 382
22.41089 368
22.431 327
22.45112 333
22.47123 319
22.49135 354
22.51146 323
22.53157 275
22.55169 360
22.5718 317
22.59191 339
22.61203 304
22.63214 325
22.65225 337
22.67237 357
22.69248 281
22.7126 292
22.73271 289
22.75282 262
22.77294 257
22.79305 275
22.81316 261
22.83328 292
22.85339 260
22.87351 303
22.89362 325
22.91373 329
22.93385 392
22.95396 387
22.97407 350
22.99419 393
23.0143 380
23.03442 397
23.05453 432
23.07464 422
23.09476 484
23.11487 524
23.13498 550
23.1551 650
23.17521 650
23.19532 697
23.21544 708
23.23555 637
23.25567 569
23.27578 491
23.29589 484
23.31601 419
23.33612 400
23.35623 344
23.37635 354
23.39646 335
23.41658 361
23.43669 362
23.4568 366
23.47692 360
23.49703 413
23.51714 421
23.53726 415
23.55737 421
23.57749 434
23.5976 516
23.61771 511
23.63783 502
23.65794 506
23.67805 483
23.69817 440
23.71828 419
23.73839 384
23.75851 358
23.77862 420
23.79874 370
23.81885 387
23.83896 455
23.85908 442
23.87919 510
23.8993 542
23.91942 646
23.93953 671
23.95965 823
23.97976 830
23.99987 871
24.01999 841
24.0401 815
24.06021 685
24.08033 590
24.10044 510
24.12056 439
24.14067 421
24.16078 362
24.1809 362
24.20101 403
24.22112 362
24.24124 427
24.26135 504
24.28146 551
24.30158 571
24.32169 557
24.34181 572
24.36192 541
24.38203 460
24.40215 427
24.42226 399
24.44237 439
24.46249 339
24.4826 362
24.50272 297
24.52283 348
24.54294 341
24.56306 313
24.58317 340
24.60328 331
24.6234 348
24.64351 347
24.66362 386
24.68374 433
24.70385 446
24.72397 407
24.74408 429
24.76419 399
24.78431 419
24.80442 391
24.82453 374
24.84465 342
24.86476 402
24.88488 355
24.90499 349
24.9251 375
24.94522 369
24.96533 343
24.98544 363
25.00556 328
25.02567 286
25.04579 316
25.0659 311
25.08601 291
25.10613 298
25.12624 268
25.14635 277
25.16647 249
25.18658 277
25.20669 248
25.22681 290
25.24692 280
25.26704 272
25.28715 292
25.30726 327
25.32738 327
25.34749 322
25.3676 286
25.38772 325
25.40783 391
25.42795 443
25.44806 490
25.46817 564
25.48829 741
25.5084 843
25.52851 899
25.54863 1109
25.56874 1025
25.58886 1081
25.60897 1044
25.62908 1038
25.6492 912
25.66931 860
25.68942 822
25.70954 728
25.72965 633
25.74976 567
25.76988 515
25.78999 475
25.81011 394
25.83022 343
25.85033 383
25.87045 391
25.89056 444
25.91067 370
25.93079 373
25.9509 363
25.97102 364
25.99113 346
26.01124 390
26.03136 363
26.05147 403
26.07158 400
26.0917 438
26.11181 415
26.13193 433
26.15204 468
26.17215 481
26.19227 482
26.21238 519
26.23249 572
26.25261 639
26.27272 702
26.29283 717
26.31295 874
26.33306 954
26.35318 1101
26.37329 1342
26.3934 1452
26.41352 1745
26.43363 1978
26.45374 2286
26.47386 2478
26.49397 3010
26.51409 3986
26.5342 5395
26.55431 7459
26.57443 10503
26.59454 14367
26.61465 18037
26.63477 20701
26.65488 21063
26.67499 18071
26.69511 13971
26.71522 10773
26.73534 7603
26.75545 4700
26.77556 2527
26.79568 1617
26.81579 1295
26.8359 1149
26.85602 1029
26.87613 989
26.89625 957
26.91636 979
26.93647 994
26.95659 987
26.9767 1127
26.99681 1166
27.01693 1372
27.03704 1403
27.05716 1530
27.07727 1617
27.09738 1481
27.1175 1334
27.13761 1191
27.15772 1000
27.17784 944
27.19795 788
27.21806 704
27.23818 719
27.25829 726
27.27841 795
27.29852 954
27.31863 1042
27.33875 1310
27.35886 1562
27.37897 1864
27.39909 2188
27.4192 2567
27.43932 2833
27.45943 2978
27.47954 2889
27.49966 2589
27.51977 2260
27.53988 2016
27.56 1632
27.58011 1292
27.60023 1044
27.62034 795
27.64045 746
27.66057 718
27.68068 661
27.70079 692
27.72091 752
27.74102 845
27.76113 965
27.78125 935
27.80136 1007
27.82148 956
27.84159 1031
27.8617 1048
27.88182 999
27.90193 961
27.92204 1030
27.94216 979
27.96227 1071
27.98239 1056
28.0025 1100
28.02261 976
28.04273 787
28.06284 664
28.08295 589
28.10307 445
28.12318 437
28.1433 367
28.16341 373
28.18352 342
28.20364 408
28.22375 391
28.24386 373
28.26398 459
28.28409 441
28.3042 454
28.32432 395
28.34443 382
28.36455 356
28.38466 320
28.40477 308
28.42489 280
28.445 275
28.46511 260
28.48523 269
28.50534 251
28.52546 270
28.54557 276
28.56568 221
28.5858 267
28.60591 249
28.62602 233
28.64614 260
28.66625 232
28.68636 237
28.70648 241
28.72659 229
28.74671 201
28.76682 202
28.78693 222
28.80705 232
28.82716 233
28.84727 209
28.86739 232
28.8875 208
28.90762 210
28.92773 247
28.94784 224
28.96796 260
28.98807 226
29.00818 255
29.0283 241
29.04841 266
29.06853 241
29.08864 230
29.10875 223
29.12887 229
29.14898 256
29.16909 278
29.18921 265
29.20932 232
29.22943 232
29.24955 291
29.26966 293
29.28978 267
29.30989 302
29.33 311
29.35012 360
29.37023 396
29.39034 420
29.41046 489
29.43057 524
29.45069 527
29.4708 510
29.49091 531
29.51103 443
29.53114 436
29.55125 394
29.57137 339
29.59148 378
29.6116 372
29.63171 313
29.65182 362
29.67194 358
29.69205 310
29.71216 376
29.73228 342
29.75239 356
29.7725 400
29.79262 409
29.81273 429
29.83285 433
29.85296 412
29.87307 395
29.89319 395
29.9133 405
29.93341 358
29.95353 356
29.97364 347
29.99376 361
30.01387 388
30.03398 400
30.0541 383
30.07421 423
30.09432 493
30.11444 483
30.13455 576
30.15467 541
30.17478 591
30.19489 617
30.21501 667
30.23512 697
30.25523 639
30.27535 628
30.29546 570
30.31557 557
30.33569 552
30.3558 513
30.37592 533
30.39603 507
30.41614 477
30.43626 444
30.45637 415
30.47648 415
30.4966 389
30.51671 388
30.53683 356
30.55694 346
30.57705 318
30.59717 339
30.61728 349
30.63739 392
30.65751 431
30.67762 451
30.69773 503
30.71785 594
30.73796 660
30.75808 666
30.77819 671
30.7983 660
30.81842 664
30.83853 651
30.85864 682
30.87876 591
30.89887 556
30.91899 480
30.9391 450
30.95921 379
30.97933 322
30.99944 304
31.01955 301
31.03967 261
31.05978 219
31.0799 178
31.10001 222
31.12012 229
31.14024 227
31.16035 228
31.18046 214
31.20058 202
31.22069 213
31.2408 212
31.26092 233
31.28103 247
31.30115 244
31.32126 256
31.34137 278
31.36149 278
31.3816 301
31.40171 268
31.42183 254
31.44194 234
31.46206 243
31.48217 227
31.50228 215
31.5224 215
31.54251 210
31.56262 206
31.58274 182
31.60285 217
31.62297 199
31.64308 215
31.66319 222
31.68331 206
31.70342 190
31.72353 188
31.74365 200
31.76376 210
31.78387 207
31.80399 164
31.8241 210
31.84422 183
31.86433 193
31.88444 178
31.90456 193
31.92467 218
31.94478 216
31.9649 201
31.98501 182
32.00513 211
32.02524 234
32.04535 245
32.06547 230
32.08558 258
32.10569 284
32.12581 285
32.14592 279
32.16604 274
32.18615 318
32.20626 293
32.22638 314
32.24649 288
32.2666 284
32.28672 289
32.30683 292
32.32694 298
32.34706 318
32.36717 290
32.38729 344
32.4074 358
32.42751 360
32.44763 347
32.46774 370
32.48785 359
32.50797 347
32.52808 326
32.5482 268
32.56831 283
32.58842 281
32.60854 213
32.62865 219
32.64876 200
32.66888 196
32.68899 231
32.7091 186
32.72922 175
32.74933 173
32.76945 194
32.78956 196
32.80967 199
32.82979 182
32.8499 160
32.87001 164
32.89013 173
32.91024 190
32.93036 161
32.95047 166
32.97058 181
32.9907 212
33.01081 195
33.03092 204
33.05104 170
33.07115 169
33.09127 179
33.11138 184
33.13149 190
33.15161 203
33.17172 170
33.19183 195
33.21195 183
33.23206 165
33.25217 142
33.27229 186
33.2924 173
33.31252 146
33.33263 192
33.35274 177
33.37286 171
33.39297 192
33.41308 164
33.4332 166
33.45331 184
33.47343 161
33.49354 180
33.51365 153
33.53377 168
33.55388 162
33.57399 182
33.59411 178
33.61422 188
33.63434 162
33.65445 185
33.67456 186
33.69468 191
33.71479 191
33.7349 184
33.75502 197
33.77513 211
33.79524 248
33.81536 254
33.83547 228
33.85559 270
33.8757 222
33.89581 256
33.91593 233
33.93604 210
33.95615 217
33.97627 235
33.99638 215
34.0165 243
34.03661 243
34.05672 297
34.07684 314
34.09695 288
34.11706 340
34.13718 362
34.15729 425
34.17741 456
34.19752 476
34.21763 462
34.23775 447
34.25786 420
34.27797 401
34.29809 390
34.3182 366
34.33831 338
34.35843 312
34.37854 278
34.39866 295
34.41877 295
34.43888 307
34.459 262
34.47911 266
34.49922 275
34.51934 267
34.53945 227
34.55957 246
34.57968 320
34.59979 310
34.61991 332
34.64002 307
34.66013 342
34.68025 350
34.70036 344
34.72047 336
34.74059 326
34.7607 310
34.78082 314
34.80093 320
34.82104 313
34.84116 347
34.86127 374
34.88138 393
34.9015 378
34.92161 383
34.94173 334
34.96184 372
34.98195 348
35.00207 369
35.02218 326
35.04229 337
35.06241 331
35.08252 335
35.10264 350
35.12275 336
35.14286 360
35.16298 365
35.18309 356
35.2032 350
35.22332 382
35.24343 417
35.26354 428
35.28366 452
35.30377 416
35.32389 408
35.344 432
35.36411 412
35.38423 383
35.40434 395
35.42445 355
35.44457 396
35.46468 377
35.4848 403
35.50491 454
35.52502 418
35.54514 449
35.56525 493
35.58536 476
35.60548 476
35.62559 433
35.64571 391
35.66582 362
35.68593 352
35.70605 309
35.72616 326
35.74627 320
35.76639 283
35.7865 313
35.80661 270
35.82673 267
35.84684 295
35.86696 258
35.88707 298
35.90718 279
35.9273 290
35.94741 260
35.96752 279
35.98764 246
36.00775 229
36.02787 268
36.04798 231
36.06809 272
36.08821 251
36.10832 258
36.12843 257
36.14855 247
36.16866 264
36.18878 278
36.20889 288
36.229 294
36.24912 295
36.26923 330
36.28934 322
36.30946 297
36.32957 299
36.34968 325
36.3698 367
36.38991 383
36.41003 448
36.43014 567
36.45025 663
36.47037 918
36.49048 1080
36.51059 1396
36.53071 1488
36.55082 1534
36.57094 1349
36.59105 1053
36.61116 907
36.63128 795
36.65139 813
36.6715 618
36.69162 386
36.71173 315
36.73184 299
36.75196 249
36.77207 277
36.79219 236
36.8123 267
36.83241 262
36.85253 306
36.87264 331
36.89275 371
36.91287 362
36.93298 345
36.9531 346
36.97321 398
36.99332 336
37.01344 378
37.03355 393
37.05366 328
37.07378 316
37.09389 314
37.11401 292
37.13412 238
37.15423 211
37.17435 248
37.19446 242
37.21457 247
37.23469 197
37.2548 229
37.27491 228
37.29503 217
37.31514 205
37.33526 210
37.35537 205
37.37548 221
37.3956 220
37.41571 196
37.43582 221
37.45594 236
37.47605 197
37.49617 252
37.51628 246
37.53639 235
37.55651 253
37.57662 233
37.59673 241
37.61685 259
37.63696 248
37.65708 237
37.67719 258
37.6973 220
37.71742 233
37.73753 233
37.75764 224
37.77776 200
37.79787 192
37.81798 197
37.8381 209
37.85821 220
37.87833 194
37.89844 197
37.91855 193
37.93867 217
37.95878 200
37.97889 177
37.99901 175
38.01912 182
38.03924 198
38.05935 203
38.07946 177
38.09958 184
38.11969 194
38.1398 187
38.15992 217
38.18003 194
38.20015 204
38.22026 202
38.24037 192
38.26049 178
38.2806 203
38.30071 217
38.32083 201
38.34094 226
38.36105 239
38.38117 232
38.40128 252
38.4214 244
38.44151 269
38.46162 309
38.48174 301
38.50185 319
38.52196 353
38.54208 374
38.56219 335
38.58231 348
38.60242 316
38.62253 295
38.64265 296
38.66276 255
38.68287 259
38.70299 228
38.7231 213
38.74321 213
38.76333 206
38.78344 191
38.80356 187
38.82367 184
38.84378 204
38.8639 211
38.88401 188
38.90412 193
38.92424 221
38.94435 197
38.96447 216
38.98458 206
39.00469 210
39.02481 234
39.04492 212
39.06503 223
39.08515 235
39.10526 264
39.12538 249
39.14549 227
39.1656 242
39.18572 263
39.20583 258
39.22594 239
39.24606 262
39.26617 274
39.28628 309
39.3064 385
39.32651 444
39.34663 498
39.36674 648
39.38685 810
39.40697 1009
39.42708 1220
39.44719 1341
39.46731 1394
39.48742 1237
39.50754 1010
39.52765 854
39.54776 754
39.56788 765
39.58799 643
39.6081 454
39.62822 343
39.64833 237
39.66845 263
39.68856 234
39.70867 217
39.72879 212
39.7489 215
39.76901 229
39.78913 202
39.80924 187
39.82935 193
39.84947 192
39.86958 193
39.8897 189
39.90981 193
39.92992 189
39.95004 208
39.97015 192
39.99026 172
40.01038 205
40.03049 235
40.05061 215
40.07072 258
40.09083 206
40.11095 283
40.13106 282
40.15117 311
40.17129 354
40.1914 378
40.21152 527
40.23163 595
40.25174 737
40.27186 791
40.29197 744
40.31208 718
40.3322 581
40.35231 464
40.37242 496
40.39254 463
40.41265 429
40.43277 355
40.45288 257
40.47299 251
40.49311 241
40.51322 219
40.53333 227
40.55345 191
40.57356 209
40.59368 200
40.61379 199
40.6339 203
40.65402 188
40.67413 201
40.69424 193
40.71436 192
40.73447 186
40.75458 205
40.7747 189
40.79481 201
40.81493 192
40.83504 180
40.85515 198
40.87527 188
40.89538 187
40.91549 187
40.93561 200
40.95572 182
40.97584 195
40.99595 166
41.01606 199
41.03618 209
41.05629 187
41.0764 171
41.09652 202
41.11663 204
41.13675 183
41.15686 197
41.17697 173
41.19709 189
41.2172 188
41.23731 226
41.25743 194
41.27754 182
41.29765 199
41.31777 192
41.33788 187
41.358 206
41.37811 205
41.39822 211
41.41834 218
41.43845 208
41.45856 201
41.47868 225
41.49879 206
41.51891 243
41.53902 234
41.55913 258
41.57925 218
41.59936 217
41.61947 248
41.63959 287
41.6597 354
41.67982 346
41.69993 391
41.72004 412
41.74016 494
41.76027 573
41.78038 631
41.8005 646
41.82061 685
41.84072 565
41.86084 485
41.88095 458
41.90107 429
41.92118 417
41.94129 395
41.96141 321
41.98152 244
42.00163 259
42.02175 237
42.04186 203
42.06198 199
42.08209 218
42.1022 217
42.12232 231
42.14243 234
42.16254 219
42.18266 258
42.20277 278
42.22289 268
42.243 289
42.26311 314
42.28323 353
42.30334 378
42.32345 432
42.34357 563
42.36368 688
42.38379 738
42.40391 891
42.42402 1015
42.44414 1098
42.46425 939
42.48436 824
42.50448 680
42.52459 591
42.5447 609
42.56482 555
42.58493 459
42.60505 398
42.62516 305
42.64527 294
42.66539 246
42.6855 292
42.70561 298
42.72573 267
42.74584 276
42.76595 293
42.78607 275
42.80618 281
42.8263 252
42.84641 243
42.86652 261
42.88664 252
42.90675 244
42.92686 238
42.94698 217
42.96709 281
42.98721 240
43.00732 229
43.02743 216
43.04755 237
43.06766 198
43.08777 214
43.10789 190
43.128 207
43.14812 239
43.16823 199
43.18834 201
43.20846 193
43.22857 206
43.24868 209
43.2688 209
43.28891 215
43.30902 182
43.32914 168
43.34925 197
43.36937 174
43.38948 171
43.40959 174
43.42971 201
43.44982 204
43.46993 195
43.49005 213
43.51016 207
43.53028 210
43.55039 224
43.5705 214
43.59062 210
43.61073 228
43.63084 191
43.65096 224
43.67107 173
43.69119 186
43.7113 167
43.73141 170
43.75153 197
43.77164 171
43.79175 178
43.81187 170
43.83198 178
43.85209 184
43.87221 171
43.89232 162
43.91244 191
43.93255 168
43.95266 189
43.97278 175
43.99289 205
44.013 161
44.03312 205
44.05323 205
44.07335 186
44.09346 197
44.11357 184
44.13369 194
44.1538 195
44.17391 207
44.19403 192
44.21414 178
44.23426 208
44.25437 215
44.27448 202
44.2946 204
44.31471 190
44.33482 196
44.35494 174
44.37505 191
44.39516 184
44.41528 207
44.43539 176
44.45551 178
44.47562 163
44.49573 184
44.51585 181
44.53596 175
44.55607 180
44.57619 183
44.5963 212
44.61642 197
44.63653 179
44.65664 170
44.67676 198
44.69687 191
44.71698 207
44.7371 180
44.75721 175
44.77732 170
44.79744 194
44.81755 159
44.83767 195
44.85778 177
44.87789 182
44.89801 173
44.91812 177
44.93823 167
44.95835 171
44.97846 170
44.99858 175
45.01869 160
45.0388 168
45.05892 203
45.07903 185
45.09914 170
45.11926 174
45.13937 191
45.15949 187
45.1796 191
45.19971 163
45.21983 183
45.23994 210
45.26005 230
45.28017 182
45.30028 207
45.32039 213
45.34051 220
45.36062 198
45.38074 219
45.40085 217
45.42096 240
45.44108 234
45.46119 291
45.4813 294
45.50142 315
45.52153 324
45.54165 305
45.56176 339
45.58187 350
45.60199 362
45.6221 399
45.64221 419
45.66233 445
45.68244 526
45.70256 548
45.72267 717
45.74278 728
45.7629 849
45.78301 812
45.80312 762
45.82324 661
45.84335 555
45.86346 513
45.88358 521
45.90369 475
45.92381 439
45.94392 366
45.96403 296
45.98415 268
46.00426 246
46.02437 207
46.04449 237
46.0646 208
46.08472 243
46.10483 206
46.12494 222
46.14506 224
46.16517 246
46.18528 217
46.2054 228
46.22551 222
46.24563 240
46.26574 223
46.28585 242
46.30597 244
46.32608 224
46.34619 226
46.36631 206
46.38642 185
46.40653 168
46.42665 185
46.44676 174
46.46688 198
46.48699 187
46.5071 145
46.52722 162
46.54733 149
46.56744 177
46.58756 145
46.60767 153
46.62779 152
46.6479 162
46.66801 180
46.68813 162
46.70824 179
46.72835 161
46.74847 159
46.76858 176
46.78869 186
46.80881 179
46.82892 181
46.84904 196
46.86915 191
46.88926 197
46.90938 205
46.92949 181
46.9496 189
46.96972 252
46.98983 194
47.00995 209
47.03006 196
47.05017 223
47.07029 240
47.0904 260
47.11051 259
47.13063 292
47.15074 305
47.17086 262
47.19097 280
47.21108 274
47.2312 243
47.25131 263
47.27142 226
47.29154 244
47.31165 260
47.33176 240
47.35188 234
47.37199 253
47.39211 242
47.41222 257
47.43233 267
47.45245 273
47.47256 241
47.49267 250
47.51279 235
47.5329 253
47.55302 242
47.57313 227
47.59324 228
47.61336 205
47.63347 196
47.65358 209
47.6737 160
47.69381 191
47.71393 163
47.73404 179
47.75415 194
47.77427 172
47.79438 154
47.81449 166
47.83461 196
47.85472 149
47.87483 164
47.89495 162
47.91506 188
47.93518 164
47.95529 154
47.9754 159
47.99552 153
48.01563 155
48.03574 173
48.05586 163
48.07597 158
48.09609 175
48.1162 170
48.13631 164
48.15643 167
48.17654 167
48.19665 176
48.21677 187
48.23688 187
48.257 182
48.27711 173
48.29722 167
48.31734 185
48.33745 183
48.35756 183
48.37768 186
48.39779 204
48.4179 166
48.43802 188
48.45813 170
48.47825 190
48.49836 167
48.51847 196
48.53859 188
48.5587 162
48.57881 190
48.59893 199
48.61904 179
48.63916 193
48.65927 224
48.67938 208
48.6995 208
48.71961 241
48.73972 236
48.75984 254
48.77995 234
48.80006 260
48.82018 242
48.84029 244
48.86041 281
48.88052 271
48.90063 285
48.92075 245
48.94086 248
48.96097 271
48.98109 263
49.0012 272
49.02132 266
49.04143 251
49.06154 264
49.08166 261
49.10177 297
49.12188 231
49.142 299
49.16211 286
49.18223 257
49.20234 263
49.22245 213
49.24257 228
49.26268 206
49.28279 209
49.30291 213
49.32302 198
49.34313 175
49.36325 192
49.38336 184
49.40348 200
49.42359 191
49.4437 205
49.46382 202
49.48393 188
49.50404 198
49.52416 168
49.54427 163
49.56439 196
49.5845 183
49.60461 193
49.62473 190
49.64484 226
49.66495 248
49.68507 237
49.70518 244
49.7253 258
49.74541 288
49.76552 268
49.78564 308
49.80575 339
49.82586 309
49.84598 379
49.86609 388
49.8862 413
49.90632 426
49.92643 464
49.94655 482
49.96666 617
49.98677 705
50.00689 807
50.027 1066
50.04711 1267
50.06723 1525
50.08734 1803
50.10746 2040
50.12757 2176
50.14768 2009
50.1678 1591
50.18791 1197
50.20802 1127
50.22814 1141
50.24825 1180
50.26837 1191
50.28848 944
50.30859 739
50.32871 508
50.34882 422
50.36893 354
50.38905 375
50.40916 414
50.42927 476
50.44939 529
50.4695 555
50.48962 601
50.50973 644
50.52984 595
50.54996 635
50.57007 605
50.59018 538
50.6103 552
50.63041 514
50.65053 538
50.67064 495
50.69075 493
50.71087 441
50.73098 401
50.75109 367
50.77121 335
50.79132 357
50.81143 324
50.83155 293
50.85166 374
50.87178 330
50.89189 323
50.912 310
50.93212 278
50.95223 240
50.97234 264
50.99246 238
51.01257 248
51.03269 263
51.0528 228
51.07291 220
51.09303 208
51.11314 203
51.13325 207
51.15337 219
51.17348 253
51.1936 245
51.21371 241
51.23382 239
51.25394 246
51.27405 240
51.29416 238
51.31428 296
51.33439 239
51.3545 242
51.37462 191
51.39473 203
51.41485 218
51.43496 201
51.45507 215
51.47519 199
51.4953 176
51.51541 168
51.53553 146
51.55564 146
51.57576 163
51.59587 164
51.61598 144
51.6361 155
51.65621 189
51.67632 149
51.69644 145
51.71655 168
51.73667 138
51.75678 171
51.77689 173
51.79701 172
51.81712 164
51.83723 144
51.85735 141
51.87746 155
51.89757 142
51.91769 160
51.9378 151
51.95792 150
51.97803 162
51.99814 115
52.01826 127
52.03837 138
52.05848 127
52.0786 141
52.09871 154
52.11883 160
52.13894 163
52.15905 147
52.17917 128
52.19928 164
52.21939 153
52.23951 150
52.25962 161
52.27974 174
52.29985 125
52.31996 158
52.34008 176
52.36019 168
52.3803 172
52.40042 169
52.42053 166
52.44064 197
52.46076 194
52.48087 162
52.50099 188
52.5211 165
52.54121 172
52.56133 204
52.58144 198
52.60155 195
52.62167 217
52.64178 211
52.6619 216
52.68201 201
52.70212 222
52.72224 200
52.74235 191
52.76246 207
52.78258 195
52.80269 184
52.8228 199
52.84292 198
52.86303 178
52.88315 187
52.90326 206
52.92337 197
52.94349 193
52.9636 204
52.98371 188
53.00383 179
53.02394 188
53.04406 171
53.06417 180
53.08428 183
53.1044 197
53.12451 204
53.14462 183
53.16474 161
53.18485 171
53.20497 146
53.22508 165
53.24519 174
53.26531 175
53.28542 164
53.30553 164
53.32565 202
53.34576 154
53.36587 172
53.38599 167
53.4061 161
53.42622 174
53.44633 151
53.46644 186
53.48656 162
53.50667 174
53.52678 152
53.5469 159
53.56701 170
53.58713 173
53.60724 159
53.62735 162
53.64747 168
53.66758 158
53.68769 162
53.70781 150
53.72792 180
53.74804 171
53.76815 174
53.78826 175
53.80838 183
53.82849 175
53.8486 152
53.86872 166
53.88883 177
53.90894 162
53.92906 173
53.94917 184
53.96929 189
53.9894 191
54.00951 195
54.02963 167
54.04974 200
54.06985 179
54.08997 182
54.11008 189
54.1302 188
54.15031 201
54.17042 170
54.19054 161
54.21065 168
54.23076 176
54.25088 172
54.27099 184
54.29111 175
54.31122 174
54.33133 207
54.35145 175
54.37156 182
54.39167 195
54.41179 192
54.4319 199
54.45201 213
54.47213 193
54.49224 175
54.51236 170
54.53247 203
54.55258 188
54.5727 195
54.59281 199
54.61292 221
54.63304 209
54.65315 243
54.67327 226
54.69338 265
54.71349 314
54.73361 337
54.75372 393
54.77383 467
54.79395 557
54.81406 606
54.83417 688
54.85429 764
54.8744 676
54.89452 574
54.91463 569
54.93474 434
54.95486 450
54.97497 474
54.99508 434
55.0152 434
55.03531 379
55.05543 321
55.07554 263
55.09565 240
55.11577 221
55.13588 227
55.15599 228
55.17611 247
55.19622 254
55.21634 267
55.23645 326
55.25656 351
55.27668 420
55.29679 423
55.3169 398
55.33702 401
55.35713 355
55.37724 316
55.39736 331
55.41747 328
55.43759 333
55.4577 328
55.47781 298
55.49793 281
55.51804 262
55.53815 284
55.55827 247
55.57838 232
55.5985 205
55.61861 199
55.63872 199
55.65884 188
55.67895 208
55.69906 192
55.71918 220
55.73929 201
55.75941 190
55.77952 188
55.79963 176
55.81975 183
55.83986 169
55.85997 166
55.88009 182
55.9002 166
55.92031 175
55.94043 147
55.96054 179
55.98066 156
56.00077 180
56.02088 169
56.041 195
56.06111 181
56.08122 156
56.10134 161
56.12145 154
56.14157 174
56.16168 150
56.18179 137
56.20191 152
56.22202 149
56.24213 144
56.26225 137
56.28236 154
56.30248 141
56.32259 137
56.3427 153
56.36282 164
56.38293 163
56.40304 153
56.42316 146
56.44327 148
56.46338 168
56.4835 155
56.50361 163
56.52373 183
56.54384 157
56.56395 154
56.58407 177
56.60418 175
56.62429 167
56.64441 144
56.66452 177
56.68464 190
56.70475 166
56.72486 181
56.74498 176
56.76509 207
56.7852 220
56.80532 237
56.82543 194
56.84554 192
56.86566 191
56.88577 167
56.90589 177
56.926 186
56.94611 165
56.96623 171
56.98634 174
57.00645 167
57.02657 172
57.04668 186
57.0668 168
57.08691 181
57.10702 170
57.12714 180
57.14725 165
57.16736 192
57.18748 193
57.20759 180
57.22771 199
57.24782 163
57.26793 190
57.28805 175
57.30816 200
57.32827 208
57.34839 219
57.3685 209
57.38861 219
57.40873 191
57.42884 216
57.44896 187
57.46907 219
57.48918 205
57.5093 205
57.52941 177
57.54952 187
57.56964 180
57.58975 190
57.60987 181
57.62998 178
57.65009 162
57.67021 174
57.69032 166
57.71043 175
57.73055 139
57.75066 152
57.77078 141
57.79089 169
57.811 152
57.83112 164
57.85123 166
57.87134 169
57.89146 152
57.91157 172
57.93168 156
57.9518 154
57.97191 150
57.99203 171
58.01214 151
58.03225 150
58.05237 151
58.07248 172
58.09259 156
58.11271 155
58.13282 160
58.15294 159
58.17305 166
58.19316 166
58.21328 141
58.23339 167
58.2535 172
58.27362 162
58.29373 177
58.31385 147
58.33396 176
58.35407 180
58.37419 197
58.3943 206
58.41441 205
58.43453 199
58.45464 153
58.47475 188
58.49487 186
58.51498 196
58.5351 222
58.55521 219
58.57532 216
58.59544 210
58.61555 193
58.63566 218
58.65578 228
58.67589 220
58.69601 203
58.71612 214
58.73623 177
58.75635 188
58.77646 192
58.79657 167
58.81669 153
58.8368 180
58.85691 168
58.87703 145
58.89714 171
58.91726 149
58.93737 149
58.95748 148
58.9776 159
58.99771 149
59.01782 159
59.03794 145
59.05805 143
59.07817 119
59.09828 124
59.11839 137
59.13851 161
59.15862 171
59.17873 136
59.19885 167
59.21896 143
59.23908 138
59.25919 185
59.2793 165
59.29942 165
59.31953 179
59.33964 166
59.35976 158
59.37987 174
59.39998 184
59.4201 164
59.44021 198
59.46033 199
59.48044 211
59.50055 203
59.52067 216
59.54078 225
59.56089 234
59.58101 215
59.60112 241
59.62124 252
59.64135 242
59.66146 257
59.68158 288
59.70169 297
59.7218 319
59.74192 358
59.76203 396
59.78215 467
59.80226 510
59.82237 656
59.84249 789
59.8626 902
59.88271 1033
59.90283 1162
59.92294 1374
59.94305 1292
59.96317 1225
59.98328 1060
60.0034 753
60.02351 655
60.04362 669
60.06374 692
60.08385 747
60.10396 744
60.12408 643
60.14419 553
60.16431 402
60.18442 293
60.20453 296
60.22465 249
60.24476 219
60.26487 210
60.28499 210
60.3051 201
60.32522 229
60.34533 216
60.36544 203
60.38556 182
60.40567 186
60.42578 175
60.4459 196
60.46601 163
60.48612 173
60.50624 160
60.52635 164
60.54647 158
60.56658 180
60.58669 152
60.60681 173
60.62692 173
60.64703 165
60.66715 161
60.68726 185
60.70738 199
60.72749 177
60.7476 179
60.76772 173
60.78783 187
60.80794 161
60.82806 177
60.84817 170
60.86828 178
60.8884 168
60.90851 188
60.92863 189
60.94874 183
60.96885 196
60.98897 171
61.00908 198
61.02919 203
61.04931 209
61.06942 219
61.08954 241
61.10965 225
61.12976 241
61.14988 249
61.16999 242
61.1901 232
61.21022 226
61.23033 227
61.25045 247
61.27056 215
61.29067 221
61.31079 219
61.3309 190
61.35101 209
61.37113 193
61.39124 179
61.41135 170
61.43147 156
61.45158 161
61.4717 181
61.49181 180
61.51192 169
61.53204 142
61.55215 148
61.57226 179
61.59238 183
61.61249 182
61.63261 181
61.65272 144
61.67283 160
61.69295 176
61.71306 136
61.73317 179
61.75329 187
61.7734 165
61.79352 167
61.81363 152
61.83374 163
61.85386 182
61.87397 162
61.89408 138
61.9142 177
61.93431 166
61.95442 168
61.97454 180
61.99465 154
62.01477 165
62.03488 181
62.05499 185
62.07511 178
62.09522 194
62.11533 196
62.13545 197
62.15556 178
62.17568 198
62.19579 211
62.2159 208
62.23602 190
62.25613 196
62.27624 191
62.29636 189
62.31647 201
62.33659 190
62.3567 199
62.37681 205
62.39693 185
62.41704 181
62.43715 202
62.45727 186
62.47738 160
62.49749 167
62.51761 198
62.53772 177
62.55784 209
62.57795 195
62.59806 205
62.61818 201
62.63829 197
62.6584 180
62.67852 167
62.69863 177
62.71875 171
62.73886 195
62.75897 176
62.77909 241
62.7992 176
62.81931 196
62.83943 206
62.85954 194
62.87965 202
62.89977 219
62.91988 190
62.94 219
62.96011 212
62.98022 252
63.00034 235
63.02045 222
63.04056 224
63.06068 236
63.08079 250
63.10091 237
63.12102 222
63.14113 234
63.16125 229
63.18136 240
63.20147 230
63.22159 210
63.2417 221
63.26182 214
63.28193 227
63.30204 217
63.32216 209
63.34227 199
63.36238 193
63.3825 206
63.40261 191
63.42272 165
63.44284 180
63.46295 176
63.48307 191
63.50318 190
63.52329 200
63.54341 190
63.56352 194
63.58363 199
63.60375 208
63.62386 220
63.64398 215
63.66409 225
63.6842 250
63.70432 229
63.72443 255
63.74454 285
63.76466 270
63.78477 315
63.80489 294
63.825 317
63.84511 308
63.86523 319
63.88534 344
63.90545 342
63.92557 358
63.94568 391
63.96579 415
63.98591 470
64.00602 472
64.02614 454
64.04625 414
64.06636 363
64.08648 321
64.10659 283
64.1267 298
64.14682 287
64.16693 286
64.18705 284
64.20716 274
64.22727 257
64.24739 210
64.2675 217
64.28761 181
64.30773 185
64.32784 191
64.34796 159
64.36807 157
64.38818 168
64.4083 153
64.42841 141
64.44852 171
64.46864 155
64.48875 158
64.50886 145
64.52898 150
64.54909 151
64.56921 143
64.58932 132
64.60943 149
64.62955 149
64.64966 129
64.66977 154
64.68989 139
64.71 162
64.73012 158
64.75023 136
64.77034 164
64.79046 164
64.81057 159
64.83068 146
64.8508 173
64.87091 155
64.89102 172
64.91114 156
64.93125 159
64.95137 175
64.97148 164
64.99159 163
65.01171 192
65.03182 193
65.05193 209
65.07205 185
65.09216 189
65.11228 186
65.13239 200
65.1525 203
65.17262 227
65.19273 218
65.21284 211
65.23296 232
65.25307 218
65.27319 209
65.2933 215
65.31341 202
65.33353 179
65.35364 209
65.37375 213
65.39387 212
65.41398 209
65.43409 212
65.45421 196
65.47432 177
65.49444 196
65.51455 183
65.53466 161
65.55478 176
65.57489 187
65.595 161
65.61512 174
65.63523 190
65.65535 186
65.67546 199
65.69557 173
65.71569 209
65.7358 192
65.75591 204
65.77603 186
65.79614 189
65.81626 176
65.83637 167
65.85648 151
65.8766 183
65.89671 154
65.91682 180
65.93694 183
65.95705 162
65.97716 181
65.99728 178
66.01739 161
66.03751 155
66.05762 182
66.07773 154
66.09785 197
66.11796 170
66.13807 177
66.15819 182
66.1783 184
66.19842 207
66.21853 193
66.23864 215
66.25876 203
66.27887 200
66.29898 201
66.3191 214
66.33921 220
66.35933 197
66.37944 176
66.39955 196
66.41967 166
66.43978 205
66.45989 173
66.48001 181
66.50012 196
66.52023 213
66.54035 182
66.56046 180
66.58058 164
66.60069 172
66.6208 189
66.64092 163
66.66103 178
66.68114 198
66.70126 162
66.72137 178
66.74149 186
66.7616 173
66.78171 181
66.80183 179
66.82194 156
66.84205 170
66.86217 172
66.88228 168
66.90239 166
66.92251 169
66.94262 177
66.96274 182
66.98285 174
67.00296 171
67.02308 175
67.04319 166
67.0633 167
67.08342 170
67.10353 175
67.12365 183
67.14376 171
67.16387 182
67.18399 176
67.2041 175
67.22421 177
67.24433 177
67.26444 190
67.28456 180
67.30467 162
67.32478 183
67.3449 196
67.36501 187
67.38512 206
67.40524 191
67.42535 208
67.44546 222
67.46558 223
67.48569 229
67.50581 290
67.52592 272
67.54603 291
67.56615 363
67.58626 369
67.60637 456
67.62649 513
67.6466 614
67.66672 686
67.68683 737
67.70694 819
67.72706 795
67.74717 814
67.76728 663
67.7874 549
67.80751 485
67.82763 457
67.84774 503
67.86785 523
67.88797 615
67.90808 620
67.92819 591
67.94831 622
67.96842 569
67.98853 553
68.00865 607
68.02876 691
68.04888 766
68.06899 906
68.0891 934
68.10922 1021
68.12933 1085
68.14944 1042
68.16956 918
68.18967 761
68.20979 733
68.2299 764
68.25001 908
68.27013 1021
68.29024 1002
68.31035 973
68.33047 914
68.35058 700
68.3707 566
68.39081 480
68.41092 460
68.43104 414
68.45115 464
68.47126 426
68.49138 392
68.51149 360
68.5316 334
68.55172 278
68.57183 228
68.59195 195
68.61206 184
68.63217 177
68.65229 192
68.6724 200
68.69251 171
68.71263 192
68.73274 158
68.75286 178
68.77297 170
68.79308 188
68.8132 170
68.83331 164
68.85342 154
68.87354 178
68.89365 143
68.91376 152
68.93388 174
68.95399 165
68.97411 145
68.99422 163
69.01433 167
69.03445 162
69.05456 177
69.07467 161
69.09479 180
69.1149 151
69.13502 155
69.15513 149
69.17524 166
69.19536 153
69.21547 175
69.23558 152
69.2557 146
69.27581 148
69.29593 144
69.31604 165
69.33615 143
69.35627 153
69.37638 165
69.39649 157
69.41661 132
69.43672 149
69.45683 135
69.47695 158
69.49706 141
69.51718 159
69.53729 131
69.5574 180
69.57752 158
69.59763 147
69.61774 140
69.63786 146
69.65797 157
69.67809 150
69.6982 159
69.71831 173
69.73843 115
69.75854 136
69.77865 166
69.79877 150
69.81888 138
69.839 156
69.85911 162
69.87922 162
69.89934 128
69.91945 175
69.93956 155
69.95968 138
69.97979 141
69.9999 174
70.02002 147
70.04013 154
70.06025 136
70.08036 166
70.10047 138
70.12059 130
70.1407 137
70.16081 170
70.18093 150
70.20104 123
70.22116 129
70.24127 149
70.26138 132
70.2815 140
70.30161 131
70.32172 135
70.34184 141
70.36195 144
70.38207 133
70.40218 138
70.42229 143
70.44241 145
70.46252 130
70.48263 148
70.50275 157
70.52286 133
70.54297 139
70.56309 140
70.5832 130
70.60332 156
70.62343 167
70.64354 148
70.66366 149
70.68377 162
70.70388 177
70.724 164
70.74411 173
70.76423 158
70.78434 153
70.80445 173
70.82457 148
70.84468 157
70.86479 177
70.88491 163
70.90502 151
70.92513 145
70.94525 160
70.96536 164
70.98548 138
71.00559 134
71.0257 145
71.04582 143
71.06593 149
71.08604 152
71.10616 133
71.12627 168
71.14639 143
71.1665 165
71.18661 145
71.20673 133
71.22684 164
71.24695 124
71.26707 168
71.28718 157
71.3073 150
71.32741 164
71.34752 165
71.36764 186
71.38775 163
71.40786 163
71.42798 169
71.44809 180
71.4682 192
71.48832 194
71.50843 196
71.52855 195
71.54866 191
71.56877 197
71.58889 185
71.609 189
71.62911 161
71.64923 153
71.66934 154
71.68946 171
71.70957 155
71.72968 162
71.7498 183
71.76991 139
71.79002 177
71.81014 158
71.83025 160
71.85037 152
71.87048 160
71.89059 164
71.91071 140
71.93082 166
71.95093 156
71.97105 159
71.99116 164
72.01127 154
72.03139 156
72.0515 176
72.07162 189
72.09173 161
72.11184 163
72.13196 178
72.15207 162
72.17218 164
72.1923 166
72.21241 201
72.23253 190
72.25264 218
72.27275 195
72.29287 176
72.31298 149
72.33309 175
72.35321 198
72.37332 142
72.39344 181
72.41355 147
72.43366 158
72.45378 131
72.47389 174
72.494 161
72.51412 166
72.53423 153
72.55434 145
72.57446 121
72.59457 149
72.61469 141
72.6348 147
72.65491 132
72.67503 137
72.69514 138
72.71525 152
72.73537 164
72.75548 144
72.7756 173
72.79571 161
72.81582 147
72.83594 157
72.85605 163
72.87616 159
72.89628 134
72.91639 160
72.9365 175
72.95662 160
72.97673 196
72.99685 205
73.01696 167
73.03707 182
73.05719 184
73.0773 180
73.09741 195
73.11753 208
73.13764 229
73.15776 202
73.17787 236
73.19798 210
73.2181 217
73.23821 212
73.25832 189
73.27844 222
73.29855 235
73.31867 291
73.33878 292
73.35889 307
73.37901 312
73.39912 363
73.41923 388
73.43935 379
73.45946 365
73.47957 343
73.49969 285
73.5198 252
73.53992 240
73.56003 233
73.58014 261
73.60026 258
73.62037 241
73.64048 284
73.6606 278
73.68071 232
73.70083 228
73.72094 191
73.74105 190
73.76117 195
73.78128 163
73.80139 168
73.82151 172
73.84162 153
73.86174 146
73.88185 171
73.90196 136
73.92208 156
73.94219 175
73.9623 138
73.98242 132
74.00253 169
74.02264 136
74.04276 143
74.06287 133
74.08299 118
74.1031 154
74.12321 149
74.14333 131
74.16344 144
74.18355 145
74.20367 135
74.22378 170
74.2439 142
74.26401 144
74.28412 160
74.30424 156
74.32435 142
74.34446 142
74.36458 148
74.38469 141
74.40481 140
74.42492 163
74.44503 142
74.46515 160
74.48526 183
74.50537 171
74.52549 182
74.5456 191
74.56571 167
74.58583 146
74.60594 173
74.62606 160
74.64617 172
74.66628 176
74.6864 186
74.70651 152
74.72662 190
74.74674 165
74.76685 152
74.78697 164
74.80708 174
74.82719 175
74.84731 158
74.86742 161
74.88753 155
74.90765 162
74.92776 142
74.94787 173
74.96799 152
74.9881 152
75.00822 158
