3.00117 19970.9541406384
3.02128 19335.6233475614
3.0414 18726
3.06151 18283.9111042561
3.08162 18129.516134927
3.10174 17298.3481650384
3.12185 16816.3206120868
3.14197 16600.1191784167
3.16208 15663.3255273441
3.18219 15830.1253713906
3.20231 14932.5755011124
3.22242 14535.7860624248
3.24253 14182.198396253
3.26265 13615.0118393699
3.28276 13339.7952855776
3.30288 12749.5962955828
3.32299 12393.0205964684
3.3431 12308
3.36322 11427.3863830809
3.38333 11275.8995994816
3.40344 11030.3909441351
3.42356 10738.6334662891
3.44367 10302.8995435076
3.46379 9697.19536898194
3.4839 9497
3.50401 9172.89497284956
3.52413 9073.72788195001
3.54424 8719.16408753971
3.56435 8339.83890691043
3.58447 8018.49464371187
3.60458 7687.29161655242
3.62469 7416.150494071
3.64481 7076.83739866799
3.66492 6869.97234596142
3.68504 6819.33710910967
3.70515 6293.07805511509
3.72526 6217.97537672745
3.74538 6024.48334592206
3.76549 5488.12829920099
3.7856 5466
3.80572 5117.77929322757
3.82583 5083.85084435166
3.84595 4748.79582341157
3.86606 4394.06027533432
3.88617 4558.94553605866
3.90629 4312.17912106734
3.9264 4083
3.94651 4060.85169744684
3.96663 3591.61631625482
3.98674 3627.05375646743
4.00686 3431.65871738703
4.02697 3141.23712579066
4.04708 3112.98872720105
4.0672 3043
4.08731 2868.98962093013
4.10742 2921.90172671749
4.12754 2701.82953885292
4.14765 2716.43494544611
4.16776 2345.56468240698
4.18788 2296.94911935264
4.20799 2277.06234272166
4.22811 2143.99579222015
4.24822 2187.89290140051
4.26833 1972.88848717028
4.28845 2098.3433175392
4.30856 2071.36404609121
4.32867 1915.92901068579
4.34879 2047.04031304294
4.3689 1743
4.38902 1711.04101454586
4.40913 1727.04320227841
4.42924 1761.99218495974
4.44936 1677.3223907308
4.46947 1506.17154003879
4.48958 1511.87459405739
4.5097 1643
4.52981 1568.98027709872
4.54992 1568.9159677312
4.57004 1390.68751191927
4.59015 1331.99361764271
4.61027 1323.08371509358
4.63038 1254.01184240434
4.65049 1303.97694162819
4.67061 1284.95994759139
4.69072 1219.02064835966
4.71083 1289.01470026317
4.73095 1214.81894042464
4.75106 1191.02412555949
4.77118 1139.10548015286
4.79129 1045.99930922217
4.8114 1121
4.83152 1087.94016096062
4.85163 1033.90064703071
4.87174 970.951020780696
4.89186 973.035249879678
4.91197 935.018404094707
4.93209 973.965306185274
4.9522 980
4.97231 807.979776311022
4.99243 899.077048365126
5.01254 849.918986906281
5.03265 871.925278415872
5.05277 861.06904883217
5.07288 807.039532900317
5.09299 799.989018794422
5.11311 829.008626787311
5.13322 817.962657818947
5.15334 771.923801035608
5.17345 751.982268978506
5.19356 747.015968040143
5.21368 738.999677397701
5.23379 733.017560541204
5.2539 676
5.27402 649.978616497261
5.29413 639.03439639701
5.31425 669.973662309395
5.33436 629.021154893625
5.35447 648.018863374697
5.37459 601.011185462496
5.3947 616
5.41481 598.995169363687
5.43493 596.963123301338
5.45504 554.952933594516
5.47516 558.989289014478
5.49527 543.050351390785
5.51538 519.98742954181
5.5355 547
5.55561 511.991746763297
5.57572 513.97256664884
5.59584 473.019549520367
5.61595 533.881032270051
5.63606 522.108200388273
5.65618 477.998041575291
5.67629 520.978485942159
5.69641 517.972651449092
5.71652 455.98172951579
5.73663 479.017415522975
5.75675 448.876634101903
5.77686 422.962433145893
5.79697 457.002373951516
5.81709 424.004561975516
5.8372 451
5.85732 439.97629228374
5.87743 426.000170233514
5.89754 429.986936069609
5.91766 413.025248553619
5.93777 412.990357184155
5.95788 416.004162777825
5.978 419
5.99811 463.015874474065
6.01823 466.982040399234
6.03834 443.918667699491
6.05845 398.077043046866
6.07857 389.995196893642
6.09868 392.996999516312
6.11879 394.00163040458
6.13891 385.99457970752
6.15902 382.010825960856
6.17913 398.005103881731
6.19925 389.998379675499
6.21936 397.007514748894
6.23948 388.987305611312
6.25959 412.001168724751
6.2797 379
6.29982 377.030403238286
6.31993 392.929900170293
6.34004 320.978059274214
6.36016 376.915041814421
6.38027 366.037377092379
6.40039 359.996761676929
6.4205 371
6.44061 369.983899461708
6.46073 333.002266140941
6.48084 378.100870000898
6.50095 397.030962069309
6.52107 357.095614577745
6.54118 315.97434412618
6.56129 373.994239865497
6.58141 324.97765035503
6.60152 321.009251468462
6.62164 328.033337699873
6.64175 352.041786831804
6.66186 349.041657906346
6.68198 329.999069555844
6.70209 351.987024898611
6.7222 362
6.74232 347.99903012289
6.76243 349.96598506765
6.78255 321.027527852885
6.80266 352.030574926811
6.82277 296.036831957243
6.84289 331.97328715935
6.863 350
6.88311 309.99659211786
6.90323 337.024882709799
6.92334 331.005888778627
6.94346 349.979471993565
6.96357 339.030339219278
6.98368 328.992021246186
7.0038 335
7.02391 298.998711299638
7.04402 326.007266945322
7.06414 308.000527259631
7.08425 330.983711696822
7.10436 319.981128960031
7.12448 345.999740664814
7.14459 317.00964938567
7.16471 335.022039424877
7.18482 365.989188585879
7.20493 324.953679294757
7.22505 326.037871171871
7.24516 331.023549322428
7.26527 312.014838237463
7.28539 318.992290842679
7.3055 330
7.32562 311.956004012352
7.34573 281.041744141976
7.36584 344.05716802473
7.38596 321.045352831707
7.40607 330.965040528903
7.42618 337.022815587792
7.4463 300
7.46641 302.00801379925
7.48653 315.007593596839
7.50664 312.992984398944
7.52675 316.962906047729
7.54687 330.007750562161
7.56698 313.005973621551
7.58709 323.994461607847
7.60721 322.995757710168
7.62732 314.996005697681
7.64743 315.000907542075
7.66755 323.063785198549
7.68766 337.07377136352
7.70778 277.015266810065
7.72789 302.003369558096
7.748 276
7.76812 355.007488447219
7.78823 286.944548048507
7.80834 320.072828834465
7.82846 324.990750421167
7.84857 338.997654675008
7.86869 326.003882185484
7.8888 329
7.90891 314.988167358284
7.92903 292.981351441173
7.94914 307.099405409455
7.96925 355.00403775076
7.98937 310.05178676481
8.00948 315.976839119038
8.0296 325
8.04971 313.010788851895
8.06982 355.016715666764
8.08994 339.983999809454
8.11005 339.926585834774
8.13016 301.975724224166
8.15028 346.001079212322
8.17039 299.008280275788
8.1905 330
8.21062 305.959533835977
8.23073 290.034667682939
8.25085 321.989772848861
8.27096 300.948278645092
8.29107 366.947633335844
8.31119 338.027338657687
8.3313 313
8.35141 349.999761060297
8.37153 313.973142104277
8.39164 330.025394011876
8.41176 320.02972739742
8.43187 315.992520688351
8.45198 334.960400065268
8.4721 363
8.49221 310.99080429875
8.51232 332.004353309263
8.53244 318.043622729221
8.55255 361.012959005046
8.57266 309.056019132496
8.59278 326.984678681118
8.61289 307.019614136346
8.63301 286.009646104226
8.65312 339.057683449983
8.67323 359.956068258792
8.69335 324.036389674577
8.71346 374.96853574326
8.73357 333.07627708597
8.75369 311.001699851474
8.7738 308
8.79392 291.987697404338
8.81403 297.040074142421
8.83414 327.019998870001
8.85426 314.03179445812
8.87437 303.026950270406
8.89448 290.980868088351
8.9146 330
8.93471 319.990010620798
8.95483 313.011061576746
8.97494 324.004959640573
8.99505 318.005889985082
9.01517 323.989613621582
9.03528 328.99251280672
9.05539 341.991580540757
9.07551 345.98793510325
9.09562 313.996073903128
9.11573 336.015211199452
9.13585 321.967693875899
9.15596 322.00031976638
9.17608 321.986360866452
9.19619 334.009313881474
9.2163 303
9.23642 341.022501863836
9.25653 319.934350660528
9.27664 291.006660315112
9.29676 327.892159018141
9.31687 360.020088283125
9.33699 315.01938618622
9.3571 306
9.37721 316.006261025342
9.39733 320.981021897388
9.41744 310.040264114275
9.43755 343.998464608118
9.45767 311.029519676808
9.47778 316.005589746051
9.4979 301
9.51801 336.008091407063
9.53812 323.991560374682
9.55824 326.981497430656
9.57835 309.001329574598
9.59846 331.956177288891
9.61858 320.055444085821
9.63869 264.99996464146
9.6588 318
9.67892 320.970911819061
9.69903 299.015934672511
9.71915 330.034130544319
9.73926 316.029030405338
9.75937 316.99159178934
9.77949 322.993516481084
9.7996 337
9.81971 313.975653558587
9.83983 282.042726001928
9.85994 337.007527233775
9.88006 292.026937111765
9.90017 321.991669666399
9.92028 296.993584220891
9.9404 337
9.96051 311.992495456537
9.98062 313.978104055574
10.00074 282.026019215737
10.02085 327.97137365836
10.04097 303.989899132677
10.06108 343.990856578273
10.08119 306.0185649544
10.10131 302.007001183492
10.12142 307.987042630847
10.14153 293.016386460413
10.16165 317.998097932819
10.18176 292.021666905308
10.20187 313.951652448277
10.22199 316.023228109787
10.2421 261
10.26222 305.031441921433
10.28233 300.996803830222
10.30244 313.002102862688
10.32256 308.956590558908
10.34267 338.019929801212
10.36278 299.99509929701
10.3829 344
10.40301 305.983878917036
10.42313 312.033396754518
10.44324 331.035619236833
10.46335 341.017560404146
10.48347 316.051755255736
10.50358 310.944531764629
10.52369 370.013225517804
10.54381 285.988025524632
10.56392 340.033013068349
10.58403 313.962775961348
10.60415 318.001842841933
10.62426 306.998039116651
10.64438 322.98973767232
10.66449 315.009057077612
10.6846 306
10.70472 328.010975872946
10.72483 320.983922741094
10.74494 303.920413894854
10.76506 277.916849138359
10.78517 355.956707655596
10.80529 319.017055577049
10.8254 323
10.84551 313.991307942603
10.86563 303.001093131079
10.88574 311.011182582942
10.90585 309.012918449298
10.92597 311.972954544594
10.94608 319.037160529842
10.9662 278
10.98631 354.012032397844
11.00642 307.963690405084
11.02654 325.069700702804
11.04665 340.019231251241
11.06676 328.984704598995
11.08688 347.002212563929
11.10699 324.006810951916
11.1271 332
11.14722 329.983913278665
11.16733 318.015995707479
11.18745 345.04588842298
11.20756 337.054658755342
11.22767 311.015751531251
11.24779 315.996748604619
11.2679 324
11.28801 343.991972294044
11.30813 304.976291868592
11.32824 313.979951068563
11.34836 292.959750263968
11.36847 349.944482958553
11.38858 345.012703381236
11.4087 361
11.42881 397.992127054002
11.44892 338.950537430629
11.46904 329.015629664527
11.48915 330.021493854061
11.50927 330.951243798443
11.52938 374.987306375501
11.54949 358.001249058448
11.56961 378.003093100062
11.58972 356.974658294434
11.60983 353.030964190567
11.62995 380.028799115797
11.65006 372.020116221377
11.67017 370.997249315464
11.69029 370.001628229767
11.7104 369
11.73052 372.991267246175
11.75063 356.990735342786
11.77074 376.085145212201
11.79086 421.941176734713
11.81097 414.070883099377
11.83108 362.01924639554
11.8512 406
11.87131 507.025691006272
11.89143 491.926265672914
11.91154 447.938204962048
11.93165 450.874447524627
11.95177 527.897133255092
11.97188 548.034816957408
11.99199 506.995871273137
12.01211 566.027671782729
12.03222 586.00603151589
12.05234 590.990245382401
12.07245 602.153272876037
12.09256 697.843716041958
12.11268 729.992791828735
12.13279 740.989239080435
12.1529 775
12.17302 837.101089250264
12.19313 933.039474717435
12.21324 901.974253524773
12.23336 959.790106147088
12.25347 1038.00224163648
12.27359 978.022273911665
12.2937 980
12.31381 981.013601415994
12.33393 993.889430840073
12.35404 871.883405684645
12.37415 882.06735503666
12.39427 770.206337172988
12.41438 688.998888535642
12.4345 729
12.45461 683.97143221671
12.47472 637.946682531949
12.49484 571.872036500821
12.51495 515.142587880363
12.53506 477.975426643472
12.55518 508.013504184522
12.57529 463.999930205049
12.5954 495
12.61552 423.98451814379
12.63563 471.025065194484
12.65575 422.86301624188
12.67586 407.970687735158
12.69597 418.027582836285
12.71609 380.012216941152
12.7362 372
12.75631 349.008363811237
12.77643 384.989656373166
12.79654 332.925317315356
12.81666 338.962086074324
12.83677 339.030651470801
12.85688 307.032586074881
12.877 294
12.89711 319.001297931395
12.91722 294.976078809923
12.93734 304.096965537325
12.95745 363.911541942074
12.97757 349.084211980606
12.99768 293.022484004887
13.01779 305.991241305953
13.03791 312.004563049346
13.05802 319.987778852335
13.07813 296.992356647206
13.09825 311.014717659171
13.11836 289.084175519522
13.13847 267.948626464665
13.15859 325.992456993368
13.1787 287
13.19882 290.028690672432
13.21893 311.996457030245
13.23904 295.997028572308
13.25916 308.00732101773
13.27927 294.980364689276
13.29938 321.010087997572
13.3195 275
13.33961 281.00977008854
13.35973 295.020581007326
13.37984 306.000384531533
13.39995 294.043370646642
13.42007 283.994548902408
13.44018 296.988342230928
13.46029 290.016160586116
13.48041 252.993192320164
13.50052 273.036152421626
13.52064 297.000601973232
13.54075 277.94330163608
13.56086 269.980229486253
13.58098 286.989890269616
13.60109 286.001263133043
13.6212 286
13.64132 279.996560555454
13.66143 279.998283883675
13.68154 271.968182183651
13.70166 267.942248038717
13.72177 305.001621784139
13.74189 263.019552939406
13.762 254
13.78211 258.001479664124
13.80223 261.005639319409
13.82234 261.987857930341
13.84245 255.986001390136
13.86257 267.002106522687
13.88268 254.005855413189
13.9028 264
13.92291 270.996656627272
13.94302 261.001968555096
13.96314 267.979756318888
13.98325 249.985691155649
14.00336 268.025419647959
14.02348 236.993334123287
14.04359 279.989159146046
14.06371 261.990658078721
14.08382 271.026309476327
14.10393 291.000015478296
14.12405 278.993535519842
14.14416 283.026845710423
14.16427 254.027396723774
14.18439 255.997123131595
14.2045 268
14.22461 301.991736419059
14.24473 245.945020557404
14.26484 245.992598364517
14.28496 231.980515507539
14.30507 264.967802078109
14.32518 264.996963894511
14.3453 272
14.36541 232.976219725287
14.38552 207.009032367143
14.40564 248.11280247225
14.42575 286.990582378323
14.44587 268.018212466821
14.46598 271.003021402253
14.48609 258.00279086725
14.50621 263.000718497756
14.52632 252.984862127888
14.54643 242.999142783667
14.56655 263.118604342289
14.58666 303.020617607834
14.60677 249.072465380496
14.62689 246.981884964638
14.647 293
14.66712 298.980587866
14.68723 277.997377190436
14.70734 281.951502878676
14.72746 237.046461570074
14.74757 246.980367334632
14.76768 241.017144510436
14.7878 237
14.80791 270.000455492472
14.82803 241.978296215877
14.84814 255.024857170657
14.86825 253.006038413142
14.88837 253.013202332197
14.90848 248.974287223277
14.92859 284.000829446686
14.94871 245.986052191237
14.96882 251.014872920277
14.98894 250.96653664335
15.00905 239.040500712625
15.02916 271.971095489425
15.04928 259.014534503474
15.06939 261.993078860659
15.0895 265
15.10962 229.982505661647
15.12973 239.023230121414
15.14984 243.994590187822
15.16996 240.003337667675
15.19007 244.98142215459
15.21019 254.003064185377
15.2303 242
15.25041 254.998124673331
15.27053 240.00871669708
15.29064 267.033072147866
15.31075 260.030570670274
15.33087 258.987337618011
15.35098 265.006668064112
15.3711 251
15.39121 260.007022736905
15.41132 271.009080883162
15.43144 267.946874951078
15.45155 238.995465650027
15.47166 269.949195665627
15.49178 270.010728895717
15.51189 262.003151751502
15.53201 263.007526397325
15.55212 281.002817027356
15.57223 265.973798449458
15.59235 257.996119607239
15.61246 250.047761880604
15.63257 228.984067935565
15.65269 263.988548939284
15.6728 269
15.69291 291.995977382219
15.71303 252.950755233251
15.73314 248.0164781646
15.75326 246.041757308252
15.77337 218.021328815214
15.79348 232.961218924323
15.8136 264
15.83371 237.995510954061
15.85382 242.976984639199
15.87394 199.975032275349
15.89405 241.826224460657
15.91417 280.040611502608
15.93428 214.044293143617
15.95439 217.990497789138
15.97451 230.007999696162
15.99462 242.991624797618
16.01473 233.03962652597
16.03485 277.010904337389
16.05496 238.057704845894
16.07508 241.99325059734
16.09519 234.0050534695
16.1153 233
16.13542 238.997735418288
16.15553 239.030216412487
16.17564 264.998787515002
16.19576 235.058786217709
16.21587 232.965708003403
16.23598 255.999514115103
16.2561 241
16.27621 267.017753880653
16.29633 285.989514286958
16.31644 256.924798469396
16.33655 237.964414431339
16.35667 257.028741183411
16.37678 216.002994272694
16.39689 250.993499220551
16.41701 214.974038236334
16.43712 193.021688379439
16.45724 231.026072049404
16.47735 215.986190806503
16.49746 237.940493231533
16.51758 259.98232121306
16.53769 268.005438643155
16.5578 240
16.57792 218.999910497262
16.59803 234.024537357429
16.61814 243.01251680327
16.63826 252.969697759049
16.65837 258.033277353655
16.67849 228.998918497069
16.6986 259
16.71871 242.986905313561
16.73883 224.980264553057
16.75894 225.050345468127
16.77905 255.988000764344
16.79917 237.013074210956
16.81928 250.984960500599
16.8394 255
16.85951 261.002804869112
16.87962 267.011078100339
16.89974 273.977714360692
16.91985 251.035214231483
16.93996 247.02584701913
16.96008 227.005746505154
16.98019 235.998498882623
17.00031 235.008828243475
17.02042 267.018964748589
17.04053 259.97146401253
17.06065 250.016037009048
17.08076 261.007253271249
17.10087 242.023737686941
17.12099 240.996418134776
17.1411 248
17.16121 240.986319281547
17.18133 221.035797381611
17.20144 262.995650915443
17.22156 226.00020687869
17.24167 265.982444357956
17.26178 235.019551020283
17.2819 241
17.30201 222.006843290979
17.32212 258.00430827788
17.34224 234.009540169673
17.36235 265.998973354749
17.38247 224.054302930933
17.40258 228.966162481033
17.42269 256.001872280168
17.44281 238.004065357297
17.46292 266.001158439634
17.48303 235.971629848307
17.50315 248.052436216896
17.52326 251.040363205114
17.54338 230.991043511911
17.56349 267.982527454176
17.5836 269
17.60372 230.995885779934
17.62383 253.00627022845
17.64394 231.980352068651
17.66406 247.959925528471
17.68417 261.971332917437
17.70428 275.01589834993
17.7244 249
17.74451 274.996240007816
17.76463 235.97804496002
17.78474 261.049253933056
17.80485 261.02315050933
17.82497 255.008404020174
17.84508 250.998189852724
17.86519 258.994866368326
17.88531 261.994970196193
17.90542 250.003100617349
17.92554 273.061203638984
17.94565 284.947122720685
17.96576 253.01118919028
17.98588 266.012948480409
18.00599 230.005574600313
18.0261 259
18.04622 278.008088880883
18.06633 270.950227051407
18.08645 233.983067938787
18.10656 248.016404635449
18.12667 213.034553573285
18.14679 216.996176493665
18.1669 221
18.18701 255.020311966788
18.20713 274.97347561146
18.22724 241.982202129789
18.24735 258.986267812953
18.26747 236.046330569163
18.28758 223.986407040165
18.3077 246
18.32781 233.99568000638
18.34792 249.037366015189
18.36804 280.998907767758
18.38815 249.08731192281
18.40826 235.987765078532
18.42838 253.974813272257
18.44849 278.989273198796
18.46861 278.981805222494
18.48872 234.992742440695
18.50883 260.013352849158
18.52895 237.950977798938
18.54906 243.956496634136
18.56917 259.007022733854
18.58929 244.999938037477
18.6094 258
18.62951 250.005052302963
18.64963 275.013760851373
18.66974 251.917818312116
18.68986 224.987697133399
18.70997 246.001650161777
18.73008 231.980685809881
18.7502 273
18.77031 243.999811725994
18.79042 276.006345455082
18.81054 249.985514232535
18.83065 270.980877201048
18.85077 248.043879257726
18.87088 240.98019154155
18.89099 271.989237793178
18.91111 266.985861843572
18.93122 239.996077393022
18.95133 261.039302549661
18.97145 262.919054570842
18.99156 221.031665588808
19.01168 246.95172517856
19.03179 272.012561630207
19.0519 226
19.07202 257.021602181992
19.09213 246.979594291548
19.11224 257.065885593435
19.13236 289.980208811682
19.15247 281.001864550606
19.17258 296.984125235901
19.1927 293
19.21281 267.000143331809
19.23293 279.979705644728
19.25304 244.975856101375
19.27315 262.972464390822
19.29327 256.994204142362
19.31338 275.987745965434
19.33349 274.00104133543
19.35361 275.998034497855
19.37372 277.026769582685
19.39384 302.954873574092
19.41395 254.99345908936
19.43406 298.957998182297
19.45418 288.980077169142
19.47429 343.98325218515
19.4944 331
19.51452 316.999833556911
19.53463 330.039331464888
19.55475 340.917092243437
19.57486 303.942480542896
19.59497 378.952419503313
19.61509 358.995498606193
19.6352 415
19.65531 428.019055208744
19.67543 491.05212106087
19.69554 489.00929707811
19.71565 529.843799140559
19.73577 582.961677264561
19.75588 597.96149905825
19.776 674
19.79611 758.035670184983
19.81622 798.995755391842
19.83634 769.962607435955
19.85645 778.951782939202
19.87656 791.985557919797
19.89668 796.99438525229
19.91679 795.01035688771
19.93691 746.964015967852
19.95702 702.031070038533
19.97713 758.975605600936
19.99725 675.889566573817
20.01736 713.882801381086
20.03747 730.043570523445
20.05759 684.015811379062
20.0777 690
20.09782 731.027401995398
20.11793 714.893015828607
20.13804 648.019980715229
20.15816 724.878781763563
20.17827 720.05707982956
20.19838 689.015682983073
20.2185 683
20.23861 678.010931308179
20.25872 720.0328103939
20.27884 732.015978607463
20.29895 734.057241543069
20.31907 703.004278035855
20.33918 716.019619236686
20.35929 675.001037800644
20.37941 728.031805205083
20.39952 758.998233329283
20.41963 735.950790402957
20.43975 713.996786119534
20.45986 724.98970231938
20.47998 720.998451533866
20.50009 733.992253530505
20.5202 755
20.54032 791.002737108454
20.56043 774.011477264096
20.58054 808.035265829742
20.60066 815.906347263132
20.62077 887.94971469623
20.64088 902.920935767234
20.661 1058
20.68111 1219.11757653277
20.70123 1563.61490406697
20.72134 1994.87755572703
20.74145 2537.15091557294
20.76157 3468.50123079119
20.78168 4437.06817127305
20.80179 5245.71233540334
20.82191 5556.05239046639
20.84202 5396.4556721801
20.86214 4491.80038907954
20.88225 3413.57417895646
20.90236 2528.75287696591
20.92248 1688.66859378474
20.94259 1219.17733457662
20.9627 933
20.98282 863.962101213382
21.00293 806.913225436136
21.02305 765.942169630805
21.04316 757.991351100978
21.06327 757.031266189541
21.08339 717.021577411803
21.1035 710
21.12361 763.985298117272
21.14373 661.881473181465
21.16384 666.107167209118
21.18395 707.002992811719
21.20407 669.060166538561
21.22418 655.990629851655
21.2443 677
21.26441 698.005201519937
21.28452 679.940864866993
21.30464 626.02247244344
21.32475 667.061273529581
21.34486 598.987484982238
21.36498 677.96864335917
21.38509 638.007521539672
21.40521 662.991952465622
21.42532 595.95383911004
21.44543 590.979042712057
21.46555 567.038593602513
21.48566 609.982319582543
21.50577 571.058594134338
21.52589 563.994997988935
21.546 571
21.56612 553.964231942011
21.58623 531.037098745879
21.60634 579.02348919407
21.62646 536.112726736591
21.64657 506.005808723098
21.66668 508.011901364769
21.6868 492
21.70691 526.013258138946
21.72702 523.979589472187
21.74714 505.990840018463
21.76725 517.948241665278
21.78737 532.001084476472
21.80748 509.044524010029
21.82759 472.998608212582
21.84771 501.004681489914
21.86782 485.998463789004
21.88793 504.008766326072
21.90805 481.915048067973
21.92816 463.978372893791
21.94828 475.029934780909
21.96839 423.006633590376
21.9885 462
22.00862 485.021981680495
22.02873 501.981085491782
22.04884 463.93106357882
22.06896 448.020889776836
22.08907 431.03289687216
22.10919 428.979271397394
22.1293 474
22.14941 418.995696667043
22.16953 467.043981023342
22.18964 447.954965567956
22.20975 450.967650296935
22.22987 461.981091617103
22.24998 464.024531791394
22.27009 434.997475074571
22.29021 458.994630989561
22.31032 414.97806610112
22.33044 436.060058338823
22.35055 438.933149764018
22.37066 406.024868165814
22.39078 411.006795456578
22.41089 389.005539058243
22.431 410
22.45112 445.988765831886
22.47123 403.968076052358
22.49135 415.010146203857
22.51146 418.901072095537
22.53157 484.989804850867
22.55169 422.033553331369
22.5718 400
22.59191 411.001158759149
22.61203 402.987521366301
22.63214 409.050165877704
22.65225 426.058357566055
22.67237 384.009475382094
22.69248 420.966619469875
22.7126 428
22.73271 426.983868859335
22.75282 367.945662324301
22.77294 364.123650792844
22.79305 429.027944166957
22.81316 362.046808572385
22.83328 396.991366008525
22.85339 359.009985324704
22.87351 378.007227536729
22.89362 374.006830545638
22.91373 392.000119439495
22.93385 381.034142852741
22.95396 419.942769566354
22.97407 411.058238647456
22.99419 377.999246799148
23.0143 399
23.03442 380.016968180294
23.05453 415.979236076902
23.07464 364.986514893403
23.09476 413.931041066478
23.11487 400.040438696788
23.13498 384.016150417751
23.1551 380
23.17521 411.986098626649
23.19532 355.004625769918
23.21544 412.019104493449
23.23555 360.069238201447
23.25567 389.94665359695
23.27578 392.01902719742
23.29589 365.016988289194
23.31601 345.00734181299
23.33612 387.040997866053
23.35623 393.95115992831
23.37635 346.924149560595
23.39646 344.984270001736
23.41658 349.992001487888
23.43669 366.98710498083
23.4568 388
23.47692 384.016006975952
23.49703 399.954386507039
23.51714 353.0257110811
23.53726 395.071859026235
23.55737 313.978565627044
23.57749 414.98122843276
23.5976 360
23.61771 390.999584298883
23.63783 345.982802662944
23.65794 383.046516920992
23.67805 374.987711412976
23.69817 400.984138789802
23.71828 381.029147415229
23.73839 363.003696357429
23.75851 373.017411193643
23.77862 415.023343004604
23.79874 413.988128479419
23.81885 415.001128490496
23.83896 405.045138320029
23.85908 379.017484982375
23.87919 378.992579540646
23.8993 410
23.91942 450.997545026411
23.93953 421.992247832023
23.95965 452.065928783272
23.97976 443.075106378782
23.99987 411.993344405621
24.01999 443.988762687456
24.0401 445
24.06021 433.965487453042
24.08033 349.982577663311
24.10044 411.095049660477
24.12056 402.046481243166
24.14067 400.976861975899
24.16078 418.987819898598
24.1809 410
24.20101 369.995279321904
24.22112 383.99746386474
24.24124 365.009187862615
24.26135 399.920933804121
24.28146 403.03570581807
24.30158 386.998857911984
24.32169 399.997879061293
24.34181 392.999919581112
24.36192 405.011377511499
24.38203 410.008051294463
24.40215 419.022410637386
24.42226 426.981222751637
24.44237 431.016200978462
24.46249 414.002435213032
24.4826 435
24.50272 500.092810518299
24.52283 566.970758507018
24.54294 485.885507247274
24.56306 489.962527591371
24.58317 505.936745702155
24.60328 564.963740019378
24.6234 565
24.64351 572.01421094344
24.66362 614.043549244654
24.68374 653.078312541667
24.70385 701.845619760589
24.72397 774.884171997221
24.74408 817.027273355766
24.76419 773.985388871776
24.78431 876.043118783133
24.80442 906.019609499201
24.82453 930.99926784022
24.84465 901.925426431337
24.86476 887.022505281977
24.88488 847.088959144989
24.90499 786.965618897
24.9251 909
24.94522 778.913050185872
24.96533 785.973999461271
24.98544 701.85193116431
25.00556 679.011033216165
25.02567 635.154828820443
25.04579 537.002530037858
25.0659 616
25.08601 607.975439385703
25.10613 567.980115556414
25.12624 584.061523992955
25.14635 608.969149964213
25.16647 601.044424606575
25.18658 568.016114123772
25.20669 585.975414454985
25.22681 624.994720889392
25.24692 578.972046818108
25.26704 568.910541776775
25.28715 519.068841935426
25.30726 591.993722155769
25.32738 505.082120192596
25.34749 478.007484131202
25.3676 456
25.38772 459.978436936571
25.40783 423.992376577863
25.42795 455.068129410095
25.44806 450.052638414739
25.46817 428.003937072913
25.48829 443.990634574741
25.5084 440
25.52851 402.000977598499
25.54863 451.092471217554
25.56874 468.902384066842
25.58886 397.054126434255
25.60897 445.866570346969
25.62908 498.02738567053
25.6492 430
25.66931 465.017877288925
25.68942 471.005977110401
25.70954 490.030023101743
25.72965 498.956657949563
25.74976 508.061547631635
25.76988 462.004276834042
25.78999 498.989598189769
25.81011 504.02326626474
25.83022 562.984183874402
25.85033 471.881145336158
25.87045 479.206490343993
25.89056 554.01342051287
25.91067 493.022009069512
25.93079 544.980992143268
25.9509 534
25.97102 534.992281139505
25.99113 519.001594259952
26.01124 548.084980272521
26.03136 578.984496893188
26.05147 585.940779565347
26.07158 637.989784123374
26.0917 620
26.11181 683.019221601189
26.13193 676.992255055743
26.15204 701.072323663448
26.17215 740.872558079098
26.19227 786.975951019855
26.21238 791.96266751832
26.23249 858.97531299627
26.25261 886.022925125181
26.27272 963.077796439044
26.29283 1015.04188560811
26.31295 1069.31767307697
26.33306 1245.69701745938
26.35318 1344.91121861835
26.37329 1483.89807595361
26.3934 1766
26.41352 2196.51218907269
26.43363 2814.08722776164
26.45374 3719.26042062293
26.47386 5137.63389552768
26.49397 7184.28492316861
26.51409 10098.395360682
26.5342 13531
26.55431 17434.1000820542
26.57443 21563.3106576298
26.59454 23798.2567334219
26.61465 22790.951525229
26.63477 19574.5645554151
26.65488 15682.9884283055
26.67499 11809.7517114257
26.69511 8583.41242222675
26.71522 5434.18598356854
26.73534 3208.79177088622
26.75545 2090.12872893861
26.77556 1558.65842108544
26.79568 1377.06111224669
26.81579 1329.05528226109
26.8359 1146
26.85602 1038.98904997214
26.87613 1040.87479592701
26.89625 877.658924396243
26.91636 816.08219016361
26.93647 758.084129294722
26.95659 717.015067495234
26.9767 693
26.99681 681.997719472059
27.01693 665.932553299572
27.03704 597.866894709973
27.05716 561.003570213169
27.07727 562.049778100388
27.09738 508.023416796705
27.1175 526
27.13761 510.977793254276
27.15772 473.000291573728
27.17784 497.003170024284
27.19795 470.038619348079
27.21806 476.004787546844
27.23818 457.013633316013
27.25829 466.984989281264
27.27841 503.015396599932
27.29852 507.96910848546
27.31863 456.932975436028
27.33875 445.054486855754
27.35886 474.977798935718
27.37897 470.983313712641
27.39909 492.002500522594
27.4192 461
27.43932 463.002105536684
27.45943 458.005226305228
27.47954 462.967983627483
27.49966 426.06913926009
27.51977 417.969549349328
27.53988 437.013960900321
27.56 402
27.58011 430.020574612527
27.60023 437.932105575
27.62034 369.921024202303
27.64045 377.939614291657
27.66057 388.00490082979
27.68068 380.005014945809
27.70079 380.998795338683
27.72091 376.993205922516
27.74102 365.004188569949
27.76113 373.981886222615
27.78125 355.035491287138
27.80136 388.005874857995
27.82148 354.005558684329
27.84159 377.003894141505
27.8617 335
27.88182 356.024765160819
27.90193 354.970608244701
27.92204 344.035576113343
27.94216 372.001927432751
27.96227 352.980958112912
27.98239 385.005653513799
28.0025 329
28.02261 337.012073693117
28.04273 360.052464363628
28.06284 390.994320675988
28.08295 355.095574229461
28.10307 348.954109959443
28.12318 380.009749733861
28.1433 341
28.16341 350.992036528953
28.18352 315.00124823095
28.20364 354.040151465205
28.22375 335.951803185703
28.24386 326.05257082836
28.26398 291.009605886031
28.28409 318.978167283652
28.3042 345
28.32432 322.983943079743
28.34443 335.057661139518
28.36455 363.961662237583
28.38466 318.055300477855
28.40477 316.025464342638
28.42489 296.983491731041
28.445 351
28.46511 277.976615047507
28.48523 302.077631534644
28.50534 334.013648806934
28.52546 317.068229385287
28.54557 308.917376902099
28.56568 377.007523191819
28.5858 310
28.60591 359.019964794547
28.62602 339.951162975052
28.64614 311.024420876985
28.66625 341.985349926463
28.68636 321.011818280583
28.70648 338.991418280806
28.72659 323.011198666458
28.74671 307.994244641947
28.76682 292.97887206303
28.78693 290.06354456319
28.80705 343.002676669234
28.82716 298.04546363484
28.84727 311.008160085341
28.86739 284.997050675169
28.8875 318
28.90762 292.00431536116
28.92773 322.992783978865
28.94784 284.987456503612
28.96796 320.952667378834
28.98807 309.025402669953
29.00818 305.003695970143
29.0283 300
29.04841 312.002567886763
29.06853 301.970773436585
29.08864 293.032259975155
29.10875 318.986094174135
29.12887 302.017430546109
29.14898 312.977065487567
29.16909 320.013208089693
29.18921 275.986203421662
29.20932 283.026469541509
29.22943 301.998983289814
29.24955 296.037452164337
29.26966 324.981453437668
29.28978 313.998542503958
29.30989 328.003098064747
29.33 294
29.35012 283.017181896806
29.37023 305.000711582758
29.39034 281.955464124938
29.41046 284.942396577435
29.43057 311.009530818514
29.45069 286.000059792444
29.4708 312
29.49091 304.007376356206
29.51103 329.977400661711
29.53114 282.964965382539
29.55125 303.98123948306
29.57137 291.978326002957
29.59148 322.011741631931
29.6116 270
29.63171 287.019419019755
29.65182 314.008825093008
29.67194 307.976913617804
29.69205 311.071219554889
29.71216 333.055471909312
29.73228 274.02804370675
29.75239 290.992810514085
29.7725 287
29.79262 317.025863748462
29.81273 317.969401721017
29.83285 291.952544573555
29.85296 289.974362365701
29.87307 297.025896338796
29.89319 270.001630903415
29.9133 290
29.93341 282.000803029228
29.95353 290.980786479546
29.97364 251.919679085211
29.99376 258.844736289579
30.01387 340.011624558051
30.03398 255.057816371022
30.0541 274
30.07421 287.994590988796
30.09432 274.001512390458
30.11444 289.015646036537
30.13455 283.014831749249
30.15467 282.007504496335
30.17478 276.99194871953
30.19489 289.003185392431
30.21501 284.019212255114
30.23512 329.975103037444
30.25523 254.961401668136
30.27535 295.059593581791
30.29546 275.020018233689
30.31557 292.984761051568
30.33569 282.004805691669
30.3558 291
30.37592 305.991868496858
30.39603 281.97482647306
30.41614 276.977571022892
30.43626 264.978096277715
30.45637 287.003991932422
30.47648 256.026941592903
30.4966 257
30.51671 278.004638881684
30.53683 281.020555418788
30.55694 298.997326142456
30.57705 281.020659881508
30.59717 292.975245214043
30.61728 301.995084631969
30.63739 302.004636793069
30.65751 280.984758179288
30.67762 265.020810621316
30.69773 304.024050059488
30.71785 294.003559690384
30.73796 303.049105566301
30.75808 256.016518609303
30.77819 279.989094197671
30.7983 284
30.81842 299.986408273901
30.83853 263.972465282782
30.85864 279.049163962962
30.87876 289.010834788566
30.89887 281.991189007648
30.91899 302.988206906011
30.9391 309
30.95921 275.987204263771
30.97933 262.977087500393
30.99944 250.018145560879
31.01955 282.904184196408
31.03967 304.997759596818
31.05978 290.023228294865
31.0799 273
31.10001 289.018257764531
31.12012 315.986332721359
31.14024 277.97036745637
31.16035 285.04846556095
31.18046 246.005875360242
31.20058 281.978292815789
31.22069 273.001615151787
31.2408 285
31.26092 264.978737645115
31.28103 265.037962408029
31.30115 285.956823931431
31.32126 250.001913285064
31.34137 284.972538900846
31.36149 264.015128031122
31.3816 251
31.40171 258.00359365478
31.42183 266.022123667686
31.44194 276.981065699246
31.46206 260.983536970194
31.48217 287.985813746013
31.50228 268.024974376656
31.5224 263
31.54251 276.994264918871
31.56262 246.982247817205
31.58274 258.051819275926
31.60285 270.043128602233
31.62297 241.011528958123
31.64308 257.988003451436
31.66319 251.005199543898
31.68331 252.005852277876
31.70342 259.990429381183
31.72353 241.994995395965
31.74365 247.967928355044
31.76376 228.96839891279
31.78387 272.963558918638
31.80399 262.00711674847
31.8241 269
31.84422 281.990914137292
31.86433 264.000899683336
31.88444 278.995744601191
31.90456 250.067121643022
31.92467 237.978671316122
31.94478 263.981715609797
31.9649 269
31.98501 273.995306748446
32.00513 256.994717397621
32.02524 272.035335145453
32.04535 278.01128870775
32.06547 269.012955910027
32.08558 258.020627347571
32.10569 245.98873981377
32.12581 279.998035716755
32.14592 244.990086481082
32.16604 263.991901744781
32.18615 242.042196942329
32.20626 288.978019829214
32.22638 257.016294829238
32.24649 276.990852680887
32.2666 265
32.28672 247.02423439328
32.30683 293.02971220184
32.32694 279.989534784253
32.34706 287.033479321944
32.36717 251.02144911108
32.38729 270.987032759247
32.4074 286
32.42751 302.003321587578
32.44763 296.986860318275
32.46774 300.044988645699
32.48785 324.994500786907
32.50797 307.015794550777
32.52808 315.987025271273
32.5482 321
32.56831 323.003137319763
32.58842 327.995377853486
32.60854 314.976574248829
32.62865 313.975786823339
32.64876 327.976443732894
32.66888 327.017929159508
32.68899 298.01475866042
32.7091 294
32.72922 326.965979850617
32.74933 244.927966214622
32.76945 267.118785510125
32.78956 291.009862686444
32.80967 276.997449145654
32.82979 290.00250314352
32.8499 272
32.87001 291.998618978297
32.89013 271.006915506525
32.91024 302.028870022118
32.93036 296.969710998276
32.95047 320.03203777416
32.97058 271.006976258837
32.9907 304
33.01081 274.005529647492
33.03092 326.020351575088
33.05104 285.886103674856
33.07115 258.980703778125
33.09127 288.947043378353
33.11138 307.0056525011
33.13149 290.004793493913
33.15161 298.008556629622
33.17172 303.982878861911
33.19183 281.000847029235
33.21195 302.022654786016
33.23206 289.025844959261
33.25217 287.998699178883
33.27229 285.999750128906
33.2924 290
33.31252 294.010987684426
33.33263 307.005575118679
33.35274 295.960000814952
33.37286 280.008315008054
33.39297 283.998496639172
33.41308 279.999818804688
33.4332 295
33.45331 328.009383397862
33.47343 321.961557819543
33.49354 293.964392037162
33.51365 291.981602280851
33.53377 297.999426574679
33.55388 294.99989101142
33.57399 295.00489358383
33.59411 273.988192585102
33.61422 259.99980747739
33.63434 272.036980099588
33.65445 277.949726946254
33.67456 260.942013695468
33.69468 309.003315553338
33.71479 256.015198775217
33.7349 270
33.75502 250.98176975874
33.77513 244.984934862454
33.79524 243.069118422558
33.81536 291.976565128084
33.83547 267.015330138835
33.85559 286.992980341213
33.8757 271
33.89581 245.999830707133
33.91593 260.003832302951
33.93604 247.991897714101
33.95615 252.025412577775
33.97627 235.9865173073
33.99638 266.98120872592
34.0165 255
34.03661 245.012478982878
34.05672 285.017102032773
34.07684 270.968172622969
34.09695 264.039856629161
34.11706 246.98353672914
34.13718 279.969535135188
34.15729 283.011301133493
34.17741 255.994198040788
34.19752 258.997431562811
34.21763 247.99692688
34.23775 269.101964820157
34.25786 294.047736486486
34.27797 242.039171517362
34.29809 260.985240513735
34.3182 271
34.33831 272.012605433623
34.35843 297.977770460503
34.37854 258.989952666908
34.39866 290.972320516931
34.41877 278.986216743783
34.43888 307.003015928097
34.459 265
34.47911 264.014769813983
34.49922 297.016071302493
34.51934 281.919466033947
34.53945 260.906228942742
34.55957 326.963226597284
34.57968 298.024766212847
34.59979 314.98067614155
34.61991 345.005197025014
34.64002 338.991368071857
34.66013 342.022839767366
34.68025 366.071028171082
34.70036 386.989571895064
34.72047 386.980300914524
34.74059 418.981180168667
34.7607 436
34.78082 415.020331503042
34.80093 478.092666983142
34.82104 512.043878151886
34.84116 526.012892764423
34.86127 520.954240131202
34.88138 565.996431485986
34.9015 532
34.92161 550.999185452503
34.94173 527.004839127331
34.96184 556.007839339823
34.98195 511.165312774186
35.00207 469.993615984272
35.02218 493.004957573838
35.04229 455.014514018784
35.06241 456.005295147127
35.08252 455.98959526885
35.10264 460.086098451507
35.12275 503.954191850273
35.14286 434.094030418527
35.16298 438.987169260463
35.18309 435.999198296411
35.2032 444
35.22332 441.030706068968
35.24343 477.974641257621
35.26354 422.965599214513
35.28366 456.954341974145
35.30377 444.017323657466
35.32389 449.998800515174
35.344 456
35.36411 509.011316216121
35.38423 482.928238486376
35.40434 446.967401121396
35.42445 444.008033558644
35.44457 433.018717506595
35.46468 428.99165870597
35.4848 445
35.50491 452.000423103534
35.52502 461.029537794057
35.54514 479.929038802084
35.56525 423.001981935568
35.58536 474.952135044189
35.60548 442.037735803063
35.62559 438.990214138277
35.64571 458.003565713138
35.66582 454.999628356669
35.68593 468.036404114753
35.70605 498.079296130261
35.72616 527.944945491751
35.74627 540.025248790719
35.76639 508.009831205471
35.7865 510
35.80661 510.000980024906
35.82673 511.988308849415
35.84684 501.004595477819
35.86696 510.014726821821
35.88707 496.97725154688
35.90718 540.961015102112
35.9273 538
35.94741 487.998760971814
35.96752 517.998964944033
35.98764 473.929238161661
36.00775 468.016117654904
36.02787 458.974993704154
36.04798 497.970888217001
36.06809 488.023224531367
36.08821 431.979899269745
36.10832 416.995407018993
36.12843 402.957969821286
36.14855 394.120338563402
36.16866 467.941836143821
36.18878 433.048601579787
36.20889 415.994914377458
36.229 434
36.24912 423.970396460586
36.26923 429.139206421329
36.28934 562.141649945322
36.30946 541.083674815859
36.32957 550.904830275464
36.34968 651.881035191378
36.3698 764
36.38991 861.059604253137
36.41003 1033.34485916937
36.43014 1279.41834014357
36.45025 1485.29489501913
36.47037 1798.68315864426
36.49048 1860.00956515867
36.51059 1816.06092750276
36.53071 1597.85755428185
36.55082 1333.82274170564
36.57094 1235.82756812616
36.59105 1116.68524282668
36.61116 970.403747855812
36.63128 728.225372894021
36.65139 570.045394510382
36.6715 519
36.69162 473.946381015872
36.71173 432.990037666719
36.73184 443.981680020931
36.75196 418.002658877498
36.77207 437.009356403211
36.79219 400.013592629821
36.8123 407
36.83241 422.99703482727
36.85253 396.952574016454
36.87264 395.097988384855
36.89275 440.090124707125
36.91287 360.013935448777
36.93298 415.998966877562
36.9531 348
36.97321 396.030194449746
36.99332 405.96167218494
37.01344 350.916939460914
37.03355 352.884548590321
37.05366 401.981914535568
37.07378 366.043033320304
37.09389 351.993066765032
37.11401 372.002688742854
37.13412 364.000391412098
37.15423 376.007592067745
37.17435 362.940620657564
37.19446 349.975216377466
37.21457 368.016096577609
37.23469 335.006988478771
37.2548 347
37.27491 326.98718199666
37.29503 324.045073797999
37.31514 354.978237182666
37.33526 322.978860773144
37.35537 361.019951216658
37.37548 304.013647829951
37.3956 353
37.41571 359.001478280914
37.43582 367.989278516292
37.45594 335.942324306957
37.47605 336.916326657497
37.49617 369.009832631906
37.51628 352.959247967736
37.53639 421.999269850215
37.55651 354.979818836509
37.57662 387.055807791739
37.59673 409.971797841453
37.61685 365.891126192298
37.63696 351.959904260437
37.65708 384.979731209042
37.67719 383.004257557509
37.6973 385
37.71742 405.018929725193
37.73753 418.013413838821
37.75764 408.91424323447
37.77776 366.978805525121
37.79787 419.949509978147
37.81798 404.034527600876
37.8381 390
37.85821 411.999246287612
37.87833 382.955143735028
37.89844 372.003715958801
37.91855 383.936761098849
37.93867 407.993652903484
37.95878 393.015189294918
37.97889 399.983693359984
37.99901 432.000523645509
38.01912 400.966072848773
38.03924 397.060664683214
38.05935 439.06564227411
38.07946 442.996550263516
38.09958 455.982625426716
38.11969 463.005767432088
38.1398 450
38.15992 477.009650411513
38.18003 472.024066960942
38.20015 516.107006371913
38.22026 527.04645870025
38.24037 499.99679992922
38.26049 531.985328922096
38.2806 526
38.30071 494.01247329684
38.32083 562.07451722877
38.34094 560.951866160672
38.36105 554.93607992201
38.38117 588.9919761297
38.40128 557.040736070064
38.4214 545
38.44151 586.011084585778
38.46162 571.965540232151
38.48174 535.932764563401
38.50185 504.083888032074
38.52196 479.003745304517
38.54208 490.000992577806
38.56219 473.006004415025
38.58231 469.99464978782
38.60242 462.021970044825
38.62253 502.027700799237
38.64265 474.856562667398
38.66276 428.018921827256
38.68287 455.941511876399
38.70299 455.032951153542
38.7231 384
38.74321 452.008670500445
38.76333 402.965980750774
38.78344 439.070153886532
38.80356 431.067825856451
38.82367 393.055082965289
38.84378 384.956604847695
38.8639 450
38.88401 424.971992551809
38.90412 382.991115336938
38.92424 412.105941677599
38.94435 446.037912182616
38.96447 397.055896693641
38.98458 400.970258419734
39.00469 433.985687029537
39.02481 452.004000747436
39.04492 443.969176917135
39.06503 415.007226560433
39.08515 445.036900275047
39.10526 441.967010454445
39.12538 474.991383664651
39.14549 460.997064819467
39.1656 492
39.18572 497.0272619993
39.20583 548.05953493572
39.22594 545.919930061205
39.24606 533.843271196682
39.26617 667.864067060714
39.28628 705.927006678147
39.3064 836
39.32651 946.084449369165
39.34663 1162.26850275135
39.36674 1314.42652924013
39.38685 1573.51338648835
39.40697 1664.92023948193
39.42708 1698.03682268844
39.44719 1559.11091857502
39.46731 1305.87714614219
39.48742 1099.83467313312
39.50754 976.850405932282
39.52765 926.871194429817
39.54776 834.289033365977
39.56788 660.165973982927
39.58799 522.0614868058
39.6081 409
39.62822 350.978276142396
39.64833 355.02592400853
39.66845 363.978439768928
39.68856 352.977634360857
39.70867 362.062955578753
39.72879 296.006505720933
39.7489 338
39.76901 320.999271269289
39.78913 344.002269802406
39.80924 317.97237449648
39.82935 329.970283429821
39.84947 323.028123082067
39.86958 312.987581158656
39.8897 337
39.90981 328.996201444735
39.92992 332.004766359102
39.95004 336.018864200729
39.97015 348.979701803823
39.99026 352.982589293552
40.01038 365.992255897075
40.03049 369.99445668106
40.05061 391.011255854111
40.07072 407.009285679362
40.09083 427.071768786332
40.11095 485.08069794776
40.13106 512.842209666544
40.15117 640.824451165338
40.17129 730.948053742718
40.1914 843
40.21152 863.008641711108
40.23163 900.098043671034
40.25174 934.889473492603
40.27186 823.146333227677
40.29197 810.036169606244
40.31208 742.071975279599
40.3322 683
40.35231 593.949285380338
40.37242 516.977374428382
40.39254 519.942374311093
40.41265 430.30167569309
40.43277 336.055083241942
40.45288 341.995592918632
40.47299 321.012818743658
40.49311 311.002813675028
40.51322 313.982216861692
40.53333 286.990687529815
40.55345 305.039856365681
40.57356 305.007821455698
40.59368 307.991442453692
40.61379 316.997264074465
40.6339 308
40.65402 276.996922545428
40.67413 301.033037897558
40.69424 301.978944158132
40.71436 287.04303333286
40.73447 278.957857720713
40.75458 317.001554881674
40.7747 281
40.79481 304.012691280614
40.81493 313.014388598178
40.83504 327.009898063068
40.85515 320.021128684054
40.87527 314.014877488304
40.89538 301.008563423828
40.91549 302.994349573733
40.93561 307.992105125186
40.95572 292.019017843929
40.97584 331.016952303079
40.99595 307.986085446232
41.01606 336.937012659521
41.03618 342.019074100043
41.05629 311.016334825792
41.0764 294
41.09652 315.018688940061
41.11663 315.976514986405
41.13675 293.952926151486
41.15686 294.943514187955
41.17697 319.029219157795
41.19709 269.013775337283
41.2172 288
41.23731 311.002198759621
41.25743 311.020924999783
41.27754 333.011148885655
41.29765 307.119611359445
41.31777 270.002963987003
41.33788 295.977372087317
41.358 301
41.37811 303.992533963373
41.39822 280.995952604783
41.41834 291.990746582117
41.43845 278.958704862443
41.45856 319.955945349107
41.47868 302.03564964802
41.49879 279.000862857492
41.51891 291.004822220927
41.53902 279.966056842028
41.55913 251.010070443384
41.57925 290.093049272554
41.59936 297.036837486436
41.61947 276.008273548657
41.63959 284.997742976021
41.6597 281
41.67982 292.006849928816
41.69993 287.986573485529
41.72004 276.96830255969
41.74016 265.986490355586
41.76027 285.976324317451
41.78038 288.004152581988
41.8005 282
41.82061 273.001868758521
41.84072 282.999141330588
41.86084 274.005290569443
41.88095 287.987168576517
41.90107 281.00347150008
41.92118 285.004862803326
41.94129 274.998048829781
41.96141 289.000567327158
41.98152 276.997473807569
42.00163 297.049447840463
42.02175 326.042346407134
42.04186 321.058087812363
42.06198 283.029044020256
42.08209 282.98414121167
42.1022 317
42.12232 292.983872519606
42.14243 311.064834673786
42.16254 352.03883090541
42.18266 348.02098758956
42.20277 354.952875506846
42.22289 400.978580727021
42.243 444
42.26311 513.019945783286
42.28323 552.14997815283
42.30334 721.363366817936
42.32345 869.698891719096
42.34357 980.834304890118
42.36368 1103.86381516388
42.38379 1216.97537574954
42.40391 1191.96484405986
42.42402 1111.9185894975
42.44414 1003.66919243201
42.46425 831.76724980003
42.48436 821.01505822572
42.50448 760.090913296847
42.52459 665.047155565079
42.5447 569
42.56482 474.935161740415
42.58493 424.897415979447
42.60505 336.81577118433
42.62516 299.024553683719
42.64527 293.01184233114
42.66539 283.001940091277
42.6855 284
42.70561 276.999911882712
42.72573 276.974884687702
42.74584 252.990815072638
42.76595 274.927665030082
42.78607 282.037033286183
42.80618 248.010553242531
42.8263 271
42.84641 279.98518478932
42.86652 246.009976018025
42.88664 281.991650718401
42.90675 228.11647680489
42.92686 227.940814172886
42.94698 265.958606248955
42.96709 288.008028414707
42.98721 247.984618164646
43.00732 253.034768688397
43.02743 280.985314940134
43.04755 245.958160681721
43.06766 254.007372028331
43.08777 236.992941359909
43.10789 263.992752459273
43.128 253
43.14812 244.988461737053
43.16823 228.984090392266
43.18834 238.066401984715
43.20846 266.023818255706
43.22857 227.027956349925
43.24868 241.985403041708
43.2688 235
43.28891 233.010962237439
43.30902 268.026682162616
43.32914 264.933417942582
43.34925 230.016741442017
43.36937 256.945415425789
43.38948 276.001582020208
43.40959 267.000054070298
43.42971 260.978589165542
43.44982 203.983281084756
43.46993 243.08441162975
43.49005 267.956260696862
43.51016 229.055769949926
43.53028 226.993026891615
43.55039 228.001522443862
43.5705 236
43.59062 274.011965726884
43.61073 249.942439443254
43.63084 224.990595678773
43.65096 239.945620358669
43.67107 261.99063132771
43.69119 252.008104246323
43.7113 241
43.73141 242.001311021181
43.75153 240.990346291593
43.77164 235.004426166502
43.79175 241.006045013666
43.81187 234.988813104703
43.83198 250.997658291356
43.85209 234.00986011844
43.87221 231.008428749432
43.89232 254.012002977398
43.91244 244.953615677472
43.93255 229.015357937627
43.95266 247.984937623174
43.97278 239.006523086274
43.99289 245.993711272167
44.013 251
44.03312 231.9775667863
44.05323 226.034749180881
44.07335 259.026209009574
44.09346 246.010978905732
44.11357 251.018592392191
44.13369 229.99626520805
44.1538 260
44.17391 237.989557561265
44.19403 237.008428364095
44.21414 240.008733736557
44.23426 242.016298035177
44.25437 237.966668070108
44.27448 261.024178216432
44.2946 214
44.31471 261.005797511591
44.33482 224.983158802256
44.35494 251.052235581667
44.37505 249.039999111918
44.39516 238.996060465117
44.41528 246.997974175076
44.43539 237.008003812836
44.45551 230.005645065668
44.47562 244.994738678241
44.49573 229.010038237645
44.51585 264.088578002715
44.53596 267.06998573274
44.55607 221.035821945807
44.57619 224.99754090693
44.5963 223
44.61642 249.026126177864
44.63653 264.011503838965
44.65664 264.981793191171
44.67676 250.025778449101
44.69687 238.029618809461
44.71698 228.970799407825
44.7371 277
44.75721 256.988916553739
44.77732 256.006919182607
44.79744 264.030817945848
44.81755 278.007436941782
44.83767 262.014307341961
44.85778 260.012648347944
44.87789 247.990806347064
44.89801 286.008294864671
44.91812 265.968846308775
44.93823 263.059216458886
44.95835 306.989335070737
44.97846 256.086178089368
44.99858 254.978281847264
45.01869 273.995090031924
45.0388 273
45.05892 270.007221184262
45.07903 278.994433532807
45.09914 271.021089196827
45.11926 298.958072873684
45.13937 292.047879820075
45.15949 263.998798323392
45.1796 290
45.19971 291.006578766875
45.21983 324.048981457738
45.23994 335.980819304167
45.26005 312.074650512892
45.28017 293.994133188319
45.30028 309.991921930343
45.32039 306.000174724528
45.34051 319.01008756321
45.36062 341.024122053964
45.38074 346.93362220172
45.40085 301.979881405014
45.42096 332.952926780526
45.44108 330.002633396276
45.46119 343.990083592918
45.4813 350
45.50142 334.018441771033
45.52153 380.049483289971
45.54165 391.049004138736
45.56176 425.948834579263
45.58187 431.999815527716
45.60199 455.968265403184
45.6221 540
45.64221 579.015304591519
45.66233 630.11704651888
45.68244 738.264288477779
45.70256 847.914322304987
45.72267 850.951393303158
45.74278 906.996582610452
45.7629 843
45.78301 793.968871567734
45.80312 696.882696872038
45.82324 606.946804320302
45.84335 612.073941973179
45.86346 541.103293791227
45.88358 515.053685555863
45.90369 434.026444122314
45.92381 410.977335374664
45.94392 336.944527483771
45.96403 317.984697491425
45.98415 298.957065970799
46.00426 291.003115618525
46.02437 287.018385256078
46.04449 274.000048276738
46.0646 282
46.08472 273.006389960557
46.10483 287.992109486066
46.12494 265.98719255992
46.14506 279.986151491045
46.16517 270.014085940687
46.18528 273.987315484273
46.2054 282
46.22551 272.001817608042
46.24563 280.982054319955
46.26574 260.016535079853
46.28585 292.963731464414
46.30597 282.001119711306
46.32608 296.999658784763
46.34619 273.013691253227
46.36631 266.008337632588
46.38642 283.99351244911
46.40653 255.968938015985
46.42665 260.044619898818
46.44676 269.023756680763
46.46688 251.994293717285
46.48699 276.993589981522
46.5071 260
46.52722 245.024017523056
46.54733 285.017635095078
46.56744 260.95284038429
46.58756 262.966291968298
46.60767 282.9672039141
46.62779 292.008868242381
46.6479 270
46.66801 293.991128975074
46.68813 243.974430494049
46.70824 268.017411339449
46.72835 255.955111124395
46.74847 293.009161243595
46.76858 242.034966816152
46.78869 251.988275563251
46.80881 258.995935269093
46.82892 249.000117171881
46.84904 258.009443557372
46.86915 258.019490676618
46.88926 270.000282584632
46.90938 259.004313230392
46.92949 264.9987811334
46.9496 261
46.96972 273.019282660391
46.98983 285.995392094459
47.00995 274.997235040902
47.03006 281.014706642822
47.05017 264.998971269733
47.07029 279.000760394894
47.0904 259
47.11051 259.997382129725
47.13063 251.014338666885
47.15074 274.017876219205
47.17086 267.989226053377
47.19097 289.974186595436
47.21108 282.032328561601
47.2312 250
47.25131 259.997658638697
47.27142 244.00795178804
47.29154 268.999639157274
47.31165 242.032689085917
47.33176 255.9725402498
47.35188 256.997000914361
47.37199 263.002415291322
47.39211 257.008189144426
47.41222 278.98710737899
47.43233 240.980901097555
47.45245 268.07820821749
47.47256 273.033916808035
47.49267 251.02148629407
47.51279 254.989784321556
47.5329 270
47.55302 239.97779504221
47.57313 246.042123519669
47.59324 266.980991392455
47.61336 242.003784706291
47.63347 265.978643631123
47.65358 254.019101300598
47.6737 247
47.69381 262.010542872823
47.71393 273.986108236273
47.73404 257.001846325572
47.75415 278.949231786052
47.77427 278.029344231515
47.79438 267.974797794116
47.81449 299.009362672282
47.83461 250.999581016861
47.85472 298.019286531938
47.87483 261.934359608361
47.89495 248.01665230888
47.91506 269.918517363783
47.93518 304.002760983543
47.95529 266.020716369702
47.9754 249
47.99552 262.012174144317
48.01563 272.023424685917
48.03574 283.982053290947
48.05586 261.024761485382
48.07597 263.005984439094
48.09609 252.997735225003
48.1162 267
48.13631 250.999188917831
48.15643 263.999662782143
48.17654 259.052626539882
48.19665 300.987107932115
48.21677 269.025856946382
48.23688 277.007965446455
48.257 248
48.27711 254.998081876282
48.29722 245.019829960104
48.31734 279.998424686239
48.33745 252.009555216458
48.35756 288.975486129483
48.37768 256.041017815875
48.39779 241.994223743767
48.4179 257
48.43802 248.015534167577
48.45813 280.013397585076
48.47825 261.975806651023
48.49836 268.011863677237
48.51847 250.003517044019
48.53859 263.998395000298
48.5587 244
48.57881 231.00594939977
48.59893 248.993577532916
48.61904 234.028072321037
48.63916 272.96108786243
48.65927 259.026288552936
48.67938 256.000121505336
48.6995 256
48.71961 269.00135709361
48.73972 266.009924456914
48.75984 281.992835707409
48.77995 259.040833860672
48.80006 262.975403161276
48.82018 274.985156349278
48.84029 284.004494462669
48.86041 261.991185160085
48.88052 261.010915537064
48.90063 271.001269983498
48.92075 258.949055596798
48.94086 253.940321769847
48.96097 298.969366917081
48.98109 283.012348481466
49.0012 266
49.02132 248.00057999352
49.04143 262.008877018149
49.06154 247.951211080134
49.08166 238.954012937327
49.10177 274.980362701253
49.12188 266.991578988264
49.142 288
49.16211 251.989582395771
49.18223 272.065702137454
49.20234 291.929864937682
49.22245 233.048932869966
49.24257 265.945975649367
49.26268 275.996124935916
49.28279 282.001865647555
49.30291 265.990615796521
49.32302 260.013182175714
49.34313 276.998381292679
49.36325 255.947579464702
49.38336 251.97920090901
49.40348 269.97876498322
49.42359 284.99842172069
49.4437 279
49.46382 280.009777904344
49.48393 281.96516813823
49.50404 248.980874202086
49.52416 276.907524336599
49.54427 305.012667056218
49.56439 273.012046691454
49.5845 271
49.60461 283.0203153841
49.62473 335.037790267086
49.64484 311.889543539914
49.66495 265.032078717822
49.68507 289.938110096488
49.70518 326.967247419016
49.7253 350
49.74541 351.005740989174
49.76552 381.039808187786
49.78564 407.998741326566
49.80575 396.018192711816
49.82586 431.914356523723
49.84598 466.966995018473
49.86609 501.982937026613
49.8862 543
49.90632 642.154420223919
49.92643 806.165216524394
49.94655 857.11576433723
49.96666 994.466965841804
49.98677 1329.55396694385
50.00689 1579.85462211299
50.027 1926
50.04711 2200.14264123853
50.06723 2454.17415565036
50.08734 2431.88314401499
50.10746 2331.49544900673
50.12757 1937.63903288751
50.14768 1608.20648813234
50.1678 1490
50.18791 1411.9767258937
50.20802 1366.9020722825
50.22814 1235.82543948566
50.24825 1145.53360736409
50.26837 813.478576803293
50.28848 603.128537593031
50.30859 506.041812097301
50.32871 415.952392105621
50.34882 338.966038469726
50.36893 345.029046251944
50.38905 348.965734741172
50.40916 338.965043333606
50.42927 364.017047515568
50.44939 329.999277099903
50.4695 364
50.48962 316.937658426514
50.50973 286.016764617384
50.52984 318.041739676269
50.54996 313.028097343691
50.57007 318.942685010056
50.59018 356.010621476372
50.6103 307
50.63041 312.002154674248
50.65053 298.985121821981
50.67064 304.023203567236
50.69075 306.038824290095
50.71087 280.031591832278
50.73098 278.980898393403
50.75109 297.002343587291
50.77121 273.99240294677
50.79132 273.996874188613
50.81143 268.014654175538
50.83155 285.999856835621
50.85166 266.03087703703
50.87178 264.00374184817
50.89189 259.993755226303
50.912 279
50.93212 252.97257728192
50.95223 248.028147051905
50.97234 278.054255561477
50.99246 279.069351537456
51.01257 240.998359817726
51.03269 269.998459166873
51.0528 249
51.07291 288.004328082175
51.09303 250.941098848944
51.11314 244.034599818116
51.13325 260.007760397772
51.15337 245.99849598689
51.17348 252.024873073792
51.1936 216
51.21371 261.007594815094
51.23382 233.983705073736
51.25394 250.03459953832
51.27405 248.0277775017
51.29416 233.047218009277
51.31428 219.977988461886
51.33439 251.005434405897
51.3545 205
51.37462 231.043951519744
51.39473 250.976861894988
51.41485 217.946886999126
51.43496 220.978084438847
51.45507 225.002404905128
51.47519 221.002251822601
51.4953 220
51.51541 223.997332371724
51.53553 222.033971585928
51.55564 256.020831923657
51.57576 233.062544390773
51.59587 221.980028002467
51.61598 236.0131779346
51.6361 215
51.65621 261.00655133354
51.67632 228.970568397767
51.69644 220.970606727114
51.71655 212.899254345683
51.73667 272.987230641696
51.75678 229.026171388206
51.77689 238.004218197624
51.79701 212.004633148708
51.81712 250.007312192605
51.83723 220.982214474238
51.85735 241.033671437235
51.87746 234.006558858906
51.89757 236.022959547286
51.91769 214.996030014151
51.9378 237
51.95792 198.998502618582
51.97803 235.020726667655
51.99814 216.999404740978
52.01826 243.971956892516
52.03837 223.056983568353
52.05848 205.975459044051
52.0786 248
52.09871 231.998108887253
52.11883 249.005922113681
52.13894 234.993545197837
52.15905 245.007456327093
52.17917 226.017445283073
52.19928 228.998325686475
52.21939 222.003494279104
52.23951 228.011652841303
52.25962 251.000327502786
52.27974 229.962476633329
52.29985 223.985623646052
52.31996 215.005840019789
52.34008 226.973571047855
52.36019 249.000684457608
52.3803 228
52.40042 231.019265018591
52.42053 251.014264765142
52.44064 243.962744339525
52.46076 226.01888626123
52.48087 223.00909356937
52.50099 216.996571100093
52.5211 228
52.54121 214.005051937182
52.56133 238.998360458917
52.58144 220.023934352329
52.60155 266.909036512877
52.62167 258.066452889148
52.64178 215.014167743644
52.6619 235
52.68201 251.998008589444
52.70212 232.977784161647
52.72224 226.030624117973
52.74235 246.993381963489
52.76246 230.028111352717
52.78258 235.979366624442
52.80269 259.989504314064
52.8228 262
52.84292 220.970544631162
52.86303 223.042838499706
52.88315 251.012060817328
52.90326 237.012236776314
52.92337 251.966046865484
52.94349 268.994466420529
52.9636 272
52.98371 262.999882173733
53.00383 264.98083060097
53.02394 248.012999115806
53.04406 269.002736405464
53.06417 246.010666381166
53.08428 254.015103484938
53.1044 220
53.12451 251.022947263823
53.14462 277.999422080739
53.16474 262.984293779333
53.18485 267.002006187212
53.20497 261.987796061108
53.22508 278.99601440983
53.24519 265.007519200738
53.26531 256.995247303492
53.28542 252.014259702801
53.30553 274.004913696397
53.32565 264.020870133722
53.34576 293.954320845565
53.36587 291.028971697129
53.38599 275.999607605776
53.4061 285
53.42622 278.01232972403
53.44633 295.978046224641
53.46644 267.026391451529
53.48656 319.933892778623
53.50667 305.048528599138
53.52678 282.017001087856
53.5469 274
53.56701 290.004852939961
53.58713 286.988232798122
53.60724 278.977665150015
53.62735 276.943550076405
53.64747 305.997967742303
53.66758 275.033728944169
53.68769 270.985474101068
53.70781 304.001979863659
53.72792 289.008766071641
53.74804 319.011695536853
53.76815 289.926071358027
53.78826 278.019435870461
53.80838 268.993972659648
53.82849 283.998277379484
53.8486 282
53.86872 316.015914833855
53.88883 304.978692061206
53.90894 303.004327189674
53.92906 299.024522075379
53.94917 292.974420729667
53.96929 315.004186807965
53.9894 289
54.00951 325.009968918692
54.02963 304.944983136627
54.04974 291.050796543836
54.06985 318.06516868193
54.08997 274.953338631542
54.11008 363.961609168336
54.1302 317
54.15031 301.004686302461
54.17042 318.024432764863
54.19054 330.964767698104
54.21065 307.95956246386
54.23076 352.962843861003
54.25088 327.033361811484
54.27099 320.990310178007
54.29111 348.009221022199
54.31122 346.984394453145
54.33133 330.989815965345
54.35145 331.995134680457
54.37156 327.988808285632
54.39167 340.990368302009
54.41179 342.993219206964
54.4319 365
54.45201 347.97876955237
54.47213 332.090791912472
54.49224 410.977513214132
54.51236 324.077770534723
54.53247 370.928157590589
54.55258 376.99436698392
54.5727 401
54.59281 408.005265381121
54.61292 420.998500124463
54.63304 414.026712001579
54.65315 463.810598377227
54.67327 538.915908707144
54.69338 569.983408215686
54.71349 606.959704632913
54.73361 718.051341525177
54.75372 795.069759697165
54.77383 859.058704467878
54.79395 905.255179213983
54.81406 1009.00065537122
54.83417 915.107656736952
54.85429 905.011696996432
54.8744 810
54.89452 680.947365185905
54.91463 699.041634445126
54.93474 695.972462970149
54.95486 688.010892803349
54.97497 680.018089007527
54.99508 647.06861782984
55.0152 553
55.03531 483.975780392944
55.05543 447.959090091451
55.07554 428.986840745258
55.09565 429.007595574432
55.11577 430.96289402202
55.13588 471.967730370412
55.15599 468.021637877026
55.17611 439.021253501913
55.19622 546.106295722476
55.21634 594.995403618547
55.23645 597.137428038911
55.25656 671.976287745717
55.27668 604.08197837209
55.29679 559.010587986178
55.3169 542
55.33702 511.954704217808
55.35713 463.95016948649
55.37724 461.052324559396
55.39736 483.029542195316
55.41747 450.995684374277
55.43759 475.01047145525
55.4577 409
55.47781 398.98582374948
55.49793 344.950064847684
55.51804 353.049084416961
55.53815 357.072326387785
55.55827 320.010917497355
55.57838 347.969080620069
55.5985 346
55.61861 302.994951817929
55.63872 320.001626268919
55.65884 300.995065493934
55.67895 326.927725112402
55.69906 337.011708174009
55.71918 317.035171783321
55.73929 296.98640488461
55.75941 342.000422347218
55.77952 298.975231484114
55.79963 315.026762372766
55.81975 318.025124577601
55.83986 327.044287282514
55.85997 278.061231990533
55.88009 275.983478778973
55.9002 315
55.92031 306.991794867031
55.94043 291.967011169125
55.96054 274.01174261227
55.98066 296.973460011654
56.00077 293.00361811361
56.02088 303.982775437312
56.041 313
56.06111 295.993075864475
56.08122 289.993571927805
56.10134 287.02544679803
56.12145 300.036489661334
56.14157 268.016511067355
56.16168 293.959492216922
56.18179 317.002397159078
56.20191 297.995354497804
56.22202 304.003216750247
56.24213 288.954209468387
56.26225 266.013704486059
56.28236 288.982852196417
56.30248 279.001089854016
56.32259 289.002123999582
56.3427 272
56.36282 295.033258082599
56.38293 307.965658560488
56.40304 269.966992360123
56.42316 281.977452445463
56.44327 276.016001372557
56.46338 278.977571416106
56.4835 299
56.50361 270.997853509978
56.52373 292.010241369832
56.54384 277.995360317265
56.56395 296.956979213028
56.58407 300.001385735685
56.60418 292.028381990112
56.62429 261.999443670109
56.64441 293.013402572469
56.66452 287.969152267986
56.68464 268.044010584485
56.70475 310.022108306642
56.72486 281.037077712154
56.74498 290.991329654974
56.76509 283.005085270208
56.7852 283
56.80532 288.995505170892
56.82543 280.001271429703
56.84554 278.942543862308
56.86566 241.004147673429
56.88577 280.935105865941
56.90589 296.003370832253
56.926 282
56.94611 274.998489781506
56.96623 267.975250736972
56.98634 248.982725797223
57.00645 251.991711966442
57.02657 255.97556293045
57.04668 273.005864169505
57.0668 258
57.08691 293.006222163423
57.10702 282.008510963513
57.12714 301.960825944096
57.14725 258.004071784884
57.16736 297.97143809696
57.18748 269.022247727972
57.20759 272.001461708732
57.22771 264.009531540715
57.24782 301.013309746822
57.26793 284.985327627903
57.28805 293.00511421702
57.30816 284.996849981329
57.32827 288.034847872548
57.34839 249.007938196204
57.3685 274
57.38861 296.989739181738
57.40873 254.970651625442
57.42884 272.048946947819
57.44896 270.066832899363
57.46907 238.984009956111
57.48918 274.994621283301
57.5093 244
57.52941 257.004533003336
57.54952 249.998625807347
57.56964 253.974978032816
57.58975 245.901784221808
57.60987 294.038105868082
57.62998 216.026674648785
57.65009 264.977402784294
57.67021 262.993108958264
57.69032 264.007033978525
57.71043 264.987397413362
57.73055 246.939350829985
57.75066 235.962180680707
57.77078 262.006514294442
57.79089 237.99336712614
57.811 278
57.83112 236.979379249522
57.85123 259.037406031527
57.87134 259.978788251507
57.89146 253.000782841266
57.91157 253.012930869413
57.93168 241.997903651506
57.9518 256
57.97191 256.001629824209
57.99203 255.966741616015
58.01214 228.003478627625
58.03225 247.029015815395
58.05237 218.973158587409
58.07248 266.003575179973
58.09259 223.994192751203
58.11271 289.012774534248
58.13282 248.960548722843
58.15294 246.008101321352
58.17305 243.013210833315
58.19316 254.996747326249
58.21328 239.023769987482
58.23339 235.981622603616
58.2535 283
58.27362 255.991086018998
58.29373 268.979086659439
58.31385 224.929793674415
58.33396 237.932535357949
58.35407 259.008006189112
58.37419 235.010556897971
58.3943 256
58.41441 323.981640374722
58.43453 216.924237676775
58.45464 254.061165382755
58.47475 239.01528069137
58.49487 270.93348598927
58.51498 285.033960090796
58.5351 230
58.55521 238.008079025594
58.57532 249.022679183056
58.59544 268.971270302534
58.61555 235.017140502487
58.63566 258.975885982815
58.65578 242.020247321505
58.67589 239.993884765602
58.69601 253.002054852775
58.71612 247.995179081932
58.73623 249.004889917394
58.75635 245.964431265055
58.77646 236.964430470778
58.79657 264.004690900312
58.81669 236.003987875703
58.8368 264
58.85691 267.981710210803
58.87703 223.987891297165
58.89714 256.06683678843
58.91726 263.018535061376
58.93737 251.017157081969
58.95748 249.983820333399
58.9776 271
58.99771 259.994187443053
59.01782 259.004391239581
59.03794 258.982113585773
59.05805 247.010866503597
59.07817 256.969384050665
59.09828 272.002724123579
59.11839 258.003216637014
59.13851 268.008246437758
59.15862 276.997142652701
59.17873 258.951978737656
59.19885 241.058818615671
59.21896 291.927821389907
59.23908 285.036941854291
59.25919 258.993341948842
59.2793 295
59.29942 280.998729667016
59.31953 291.974233196177
59.33964 256.996301251804
59.35976 290.95729237768
59.37987 277.03606650637
59.39998 264.005746290644
59.4201 272
59.44021 310.007377974099
59.46033 304.006582750367
59.48044 318.989350781806
59.50055 300.980071001302
59.52067 332.977258381781
59.54078 323.999819398421
59.56089 344.990067251956
59.58101 359.012425969473
59.60112 380.988191973866
59.62124 358.038684715674
59.64135 417.106040209378
59.66146 423.984671647882
59.68158 449.974937579426
59.70169 480.968893969506
59.7218 565
59.74192 616.063671891543
59.76203 707.150117675989
59.78215 839.504888377872
59.80226 1080.58863419944
59.82237 1241.73720684995
59.84249 1413.95629682583
59.8626 1469
59.88271 1712.09505821813
59.90283 1716.73928612119
59.92294 1470.56971125419
59.94305 1328.31116281072
59.96317 1163.30565760513
59.98328 975.113973194061
60.0034 953
60.02351 996.023580604856
60.04362 1017.97296740108
60.06374 950.852805955731
60.08385 882.208592406471
60.10396 760.322945239508
60.12408 588.147914028836
60.14419 482.038434148472
60.16431 411.964962347781
60.18442 359.993037713714
60.20453 369.959040990394
60.22465 301.856825149086
60.24476 287.976065529183
60.26487 292.03008366375
60.28499 265.99861177235
60.3051 287
60.32522 248.970658375502
60.34533 254.037653337024
60.36544 270.989231159726
60.38556 259.971403485844
60.40567 289.992605683726
60.42578 263.024817430073
60.4459 261
60.46601 264.999918760151
60.48612 262.998886559474
60.50624 253.943462881667
60.52635 224.005039318221
60.54647 244.985549410853
60.56658 235.003585851589
60.58669 250.988718777743
60.60681 259.993964499698
60.62692 236.983901275427
60.64703 235.002868579612
60.66715 237.021169110766
60.68726 250.976311334093
60.70738 257.993309643131
60.72749 261.004371788817
60.7476 245
60.76772 246.005923595373
60.78783 250.002561470069
60.80794 248.992356257477
60.82806 246.990761915744
60.84817 253.004044243775
60.86828 243.005701273245
60.8884 237
60.90851 210.999684415511
60.92863 240.05077946466
60.94874 251.97492905962
60.96885 235.989081733867
60.98897 254.993920122631
61.00908 238.014480576398
61.02919 240.993979506377
61.04931 253.005532453263
61.06942 255.988451053121
61.08954 234.962685784101
61.10965 244.126457539867
61.12976 303.956245862239
61.14988 271.057997916145
61.16999 226.011293305821
61.1901 226
61.21022 248.032456789133
61.23033 281.030625510508
61.25045 281.968026613565
61.27056 267.021852443509
61.29067 260.013490007595
61.31079 247.006387959321
61.3309 237
61.35101 240.013060175124
61.37113 266.990394009838
61.39124 241.004495635037
61.41135 267.006618091749
61.43147 236.009801238032
61.45158 274.947576233576
61.4717 300
61.49181 272.995142366328
61.51192 283.00033267007
61.53204 268.992766523021
61.55215 277.009356931291
61.57226 266.974721110117
61.59238 296.987384899331
61.61249 277.016574442162
61.63261 268.016741472608
61.65272 311.000734536585
61.67283 271.962918852575
61.69295 276.992131900246
61.71306 262.979186390433
61.73317 293.981596646894
61.75329 284.996805321132
61.7734 311
61.79352 300.989757410745
61.81363 308.028817549897
61.83374 338.087887083728
61.85386 364.055932428425
61.87397 313.010431532073
61.89408 345.001310145616
61.9142 308
61.93431 360.02803818624
61.95442 381.99896498448
61.97454 375.991545536762
61.99465 386.918375446461
62.01477 418.001789086461
62.03488 387.027613171917
62.05499 385.991965612921
62.07511 406.010000883301
62.09522 423.014358940484
62.11533 433.004703932577
62.13545 445.097058007942
62.15556 483.018688664868
62.17568 449.986809791912
62.19579 497.000917888709
62.2159 435
62.23602 436.021713142111
62.25613 457.04392499618
62.27624 475.961039194279
62.29636 430.063114438261
62.31647 425.009148841007
62.33659 405.009308327117
62.3567 399
62.37681 406.004868516733
62.39693 408.981859803679
62.41704 385.957650233758
62.43715 376.003931284694
62.45727 371.025695940805
62.47738 344.025328391312
62.49749 327.006459272617
62.51761 310.989239556951
62.53772 294.000508555963
62.55784 303.997287243262
62.57795 293.004486658422
62.59806 304.01158113406
62.61818 275.032328985298
62.63829 267.986178703174
62.6584 304
62.67852 282.984261097477
62.69863 291.024108872901
62.71875 293.960545880446
62.73886 265.060561614198
62.75897 248.000149983146
62.77909 264.98473266493
62.7992 285
62.81931 258.999073792269
62.83943 280.006249219636
62.85954 262.993842665586
62.87965 282.957648445017
62.89977 277.034399296622
62.91988 256.005696756368
62.94 261
62.96011 245.992187068609
62.98022 242.007959487998
63.00034 258.039324056968
63.02045 271.993027570876
63.04056 265.020112243085
63.06068 263.986452545363
63.08079 271.013140161344
63.10091 231.998095872839
63.12102 269.035694372287
63.14113 277.997334068786
63.16125 276.988159735263
63.18136 261.059575828024
63.20147 243.961692277831
63.22159 290.991585506138
63.2417 268
63.26182 278.029048660754
63.28193 291.964818382454
63.30204 245.93800345049
63.32216 244.985487610235
63.34227 252.965525348893
63.36238 280.99183027354
63.3825 260
63.40261 240.004021561108
63.42272 264.014449243048
63.44284 265.017453407052
63.46295 284.967132514871
63.48307 281.020500623822
63.50318 271.997228732465
63.52329 280.000231664208
63.54341 264.989106028809
63.56352 252.004070393518
63.58363 270.030778691719
63.60375 283.015875393186
63.62386 289.972774866433
63.64398 311.97438772546
63.66409 322.01026946031
63.6842 290
63.70432 304.002934217111
63.72443 292.004738564099
63.74454 303.969054430767
63.76466 274.983759842953
63.78477 326.922363196362
63.80489 344.004543034958
63.825 332
63.84511 351.01577457191
63.86523 385.048608459584
63.88534 409.023809091565
63.90545 431.850687518952
63.92557 505.942713746557
63.94568 500.009191085577
63.96579 505.002209177553
63.98591 488.997036213568
64.00602 489.983389620144
64.02614 450.917638419264
64.04625 426.983533136262
64.06636 420.049432806662
64.08648 383.025674167472
64.10659 386.985585544206
64.1267 405
64.14682 363.998775640707
64.16693 401.025900478668
64.18705 370.8817955962
64.20716 330.07903811814
64.22727 300.008983832872
64.24739 308.001198548887
64.2675 285
64.28761 263.993910823448
64.30773 263.018403874955
64.32784 270.968012384291
64.34796 236.057083623026
64.36807 233.969961137499
64.38818 253.000943686042
64.4083 232
64.42841 231.011850083069
64.44852 254.995950552789
64.46864 230.984785997718
64.48875 251.936600444258
64.50886 260.014698663844
64.52898 248.007761571886
64.54909 242.007675239846
64.56921 217.989823510809
64.58932 211.004275298734
64.60943 233.072185284303
64.62955 274.985680246381
64.64966 238.020584775895
64.66977 257.009953509654
64.68989 225.999358476798
64.71 256
64.73012 221.992968774949
64.75023 250.017990958871
64.77034 239.019234292313
64.79046 266.005715492727
64.81057 228.046708193021
64.83068 233.968260107047
64.8508 266
64.87091 253.979001549441
64.89102 218.007240199337
64.91114 251.008437823114
64.93125 225.007973132041
64.95137 253.973866632597
64.97148 244.009670560162
64.99159 248.996844281205
65.01171 247.99818107629
65.03182 245.999295590089
65.05193 240.978314161851
65.07205 225.997036296972
65.09216 235.991426691128
65.11228 229.007029106184
65.13239 234.989581674427
65.1525 256
65.17262 238.97415808219
65.19273 223.001009206484
65.21284 239.046582488181
65.23296 247.044384671786
65.25307 218.991476859957
65.27319 252.991470292139
65.2933 232
65.31341 219.010950849519
65.33353 255.024247491403
65.35364 242.969659933942
65.37375 238.015351606008
65.39387 233.980501600128
65.41398 253.998209680493
65.43409 239.002564365155
65.45421 250.003371426142
65.47432 242.990038626485
65.49444 247.048436952597
65.51455 275.021809306128
65.53466 258.052389838406
65.55478 238.014269755507
65.57489 233.994205908768
65.595 256
65.61512 263.991527122547
65.63523 257.022893455474
65.65535 285.025570420366
65.67546 273.016933761766
65.69557 283.969059715589
65.71569 297.001222534979
65.7358 287
65.75591 297.00491616856
65.77603 292.970564979784
65.79614 268.970025623901
65.81626 262.025566035006
65.83637 245.008035883015
65.85648 254.986798229968
65.8766 270
65.89671 292.995762886554
65.91682 255.964849946711
65.93694 240.987884936395
65.95705 246.919128530979
65.97716 278.026027032636
65.99728 238.006666649558
66.01739 269.99218176293
66.03751 255.998963516326
66.05762 268.989750462988
66.07773 240.997272106262
66.09785 257.96209210301
66.11796 216.024022142663
66.13807 241.976459389778
66.15819 232.999930966866
66.1783 253
66.19842 248.981226868733
66.21853 230.989236414948
66.23864 241.047459485647
66.25876 263.978934977375
66.27887 255.03645175954
66.29898 231.011744865979
66.3191 228
66.33921 220.00824349881
66.35933 254.031633602841
66.37944 245.953067115585
66.39955 225.033946656674
66.41967 232.941256802525
66.43978 275.991034109502
66.45989 246.018005130647
66.48001 232.00187841273
66.50012 240.003071924011
66.52023 235.993785314117
66.54035 232.981516597701
66.56046 234.938864015806
66.58058 269.007526811096
66.60069 231.006097132339
66.6208 255
66.64092 240.984284094572
66.66103 240.005612822862
66.68114 247.03738428294
66.70126 258.049527041999
66.72137 213.031746661214
66.74149 235.978262110622
66.7616 270
66.78171 270.99586964563
66.80183 259.978799810678
66.82194 244.974338888116
66.84205 233.037342891325
66.86217 220.002783297801
66.88228 231.980729642255
66.90239 250.991360435215
66.92251 263.002075099879
66.94262 264.004918039547
66.96274 266.976202759446
66.98285 240.934608558278
67.00296 233.96385716088
67.02308 257.995293702827
67.04319 244.003473705213
67.0633 261
67.08342 281.992247510597
67.10353 257.98487828847
67.12365 272.046008552702
67.14376 277.013759114241
67.16387 262.031216953702
67.18399 249.99522327792
67.2041 270
67.22421 262.000301463067
67.24433 276.013667052519
67.26444 266.9554782097
67.28456 260.929889677447
67.30467 305.006739868471
67.32478 271.983873412913
67.3449 333
67.36501 304.994701607373
67.38512 330.010314286426
67.40524 316.004145806422
67.42535 341.957410419372
67.44546 348.943763322771
67.46558 394.97156321484
67.48569 408.981343847467
67.50581 474.029022414579
67.52592 498.999035600189
67.54603 529.165136821258
67.56615 673.200904476387
67.58626 697.856641383329
67.60637 821.884941934193
67.62649 852.957661067473
67.6466 999
67.66672 1038.01610278373
67.68683 1073.06561612507
67.70694 1069.80838149177
67.72706 899.355817532516
67.74717 771.124598907195
67.76728 711.051355700542
67.7874 683
67.80751 745.024869832984
67.82763 760.007536319054
67.84774 786.10535233894
67.86785 837.958429702459
67.88797 835.955630309322
67.90808 863.060466889217
67.92819 756.01302909458
67.94831 824.023987681005
67.96842 816.012991220707
67.98853 903.204362347919
68.00865 1059.41920027782
68.02876 1217.73772414076
68.04888 1318.91831452427
68.06899 1386.97663800615
68.0891 1407
68.10922 1383.96766203777
68.12933 1314.79058929897
68.14944 1147.77183704518
68.16956 1115.99472951246
68.18967 1113.99580005787
68.20979 1141.96815174884
68.2299 1253
68.25001 1387.01932002467
68.27013 1311.79598640388
68.29024 1175.75089694884
68.31035 1029.52020618775
68.33047 798.253440880771
68.35058 707.07781522104
68.3707 630
68.39081 649.996386206949
68.41092 595.948554216834
68.43104 576.990494751919
68.45115 574.012089261539
68.47126 566.094235470432
68.49138 484.084701646663
68.51149 410.039858673408
68.5316 336
68.55172 339.020589852781
68.57183 351.000860675824
68.59195 328.867691809466
68.61206 275.030634237612
68.63217 300.95330993325
68.65229 296.023225078384
68.6724 257
68.69251 314.003129788235
68.71263 263.958404700039
68.73274 288.054979832514
68.75286 286.033025011276
68.77297 273.009435685865
68.79308 263.027011098155
68.8132 233
68.83331 253.008510334401
68.85342 253.999517303285
68.87354 248.945855849819
68.89365 216.011082912258
68.91376 238.96972053415
68.93388 232.0081981141
68.95399 236.994155188034
68.97411 252.010562815484
68.99422 259.972425168573
69.01433 221.999283746446
69.03445 262.08945749282
69.05456 257.076330796449
69.07467 227.977052439702
69.09479 270.990810337387
69.1149 244
69.13502 224.005473017791
69.15513 243.02435008332
69.17524 250.014283953988
69.19536 250.047649612874
69.21547 223.984140510646
69.23558 256.997855782145
69.2557 224
69.27581 235.003982595544
69.29593 224.985012809077
69.31604 225.004454517347
69.33615 222.019518360535
69.35627 215.996744420229
69.37638 221.003914044944
69.39649 216.991744598633
69.41661 246.006207009548
69.43672 244.01436663308
69.45683 262.971365814198
69.47695 212.92297823144
69.49706 225.936169385265
69.51718 241.013236716431
69.53729 217.00284464098
69.5574 239
69.57752 245.972309745348
69.59763 209.991212995385
69.61774 240.067029032688
69.63786 249.023729813852
69.65797 234.006211698289
69.67809 239.999270143487
69.6982 233
69.71831 235.001173847424
69.73843 230.983947325492
69.75854 218.985347513353
69.77865 219.982083248627
69.79877 234.960424173356
69.81888 255.008275749225
69.839 234
69.85911 259.002297492084
69.87922 238.992562192136
69.89934 254.020668121996
69.91945 247.982001042597
69.93956 245.016642608908
69.95968 235.995240852369
69.97979 254.990469845517
69.9999 260
70.02002 251.006472614483
70.04013 260.979749372807
70.06025 238.02158196658
70.08036 274.958768056058
70.10047 258.047393856609
70.12059 235.006784377321
70.1407 228
70.16081 227.002269896807
70.18093 243.045559029477
70.20104 271.010673452569
70.22116 256.02568067919
70.24127 251.020361242734
70.26138 229.013383796184
70.2815 235
70.30161 253.003926011002
70.32172 249.99405089702
70.34184 246.99608469101
70.36195 244.010203070451
70.38207 240.003852746371
70.40218 238.003564785936
70.42229 226.012471923654
70.44241 212.012900536928
70.46252 253.00239021356
70.48263 219.982455194938
70.50275 244.044455522563
70.52286 234.035278221149
70.54297 226.996985071728
70.56309 229.002693448716
70.5832 223
70.60332 243.016703814877
70.62343 241.973281391133
70.64354 226.007521231336
70.66366 240.006463210404
70.68377 216.031088892401
70.70388 210.003479829127
70.724 202
70.74411 209.014554113666
70.76423 245.028608945468
70.78434 235.94993179107
70.80445 214.02816112192
70.82457 217.975138503696
70.84468 233.995413504519
70.86479 223.009960495065
70.88491 218.013693896721
70.90502 249.990981419127
70.92513 203.950004737803
70.94525 214.087939229025
70.96536 240.99423865901
70.98548 227.008185199303
71.00559 222.013433673354
71.0257 195
71.04582 239.999717787713
71.06593 198.988863828731
71.08604 242.072696657199
71.10616 237.04899016012
71.12627 219.010657836022
71.14639 225.990010165905
71.1665 253
71.18661 265.992433167445
71.20673 225.926851952191
71.22684 204.050548606684
71.24695 246.974666038182
71.26707 223.013920139981
71.28718 237.999997547632
71.3073 219
71.32741 225.987195069622
71.34752 189.015402848834
71.36764 257.113622408804
71.38775 263.054834904716
71.40786 238.052008808557
71.42798 216.01435128868
71.44809 212.995634188276
71.4682 229
71.48832 233.981131629444
71.50843 211.005241076484
71.52855 242.072498688326
71.54866 250.006518426745
71.56877 241.028675901757
71.58889 225.995922195438
71.609 248
71.62911 232.991706813488
71.64923 231.012475613676
71.66934 235.984549401535
71.68946 221.014292504942
71.70957 227.98118261591
71.72968 235.998276951102
71.7498 223
71.76991 193.003634005351
71.79002 236.044166705391
71.81014 247.960172911071
71.83025 224.000577568155
71.85037 242.990971860058
71.87048 231.002843194623
71.89059 245.992879043598
71.91071 241.989352643698
71.93082 226.011260960333
71.95093 254.018280111334
71.97105 242.976415822941
71.99116 245.996578230217
72.01127 245.982640204353
72.03139 255.010614037233
72.0515 228
72.07162 280.017040751171
72.09173 248.961783809458
72.11184 256.026874257347
72.13196 258.996901207807
72.15207 263.99377856062
72.17218 257.024071923047
72.1923 225
72.21241 224.011155844592
72.23253 260.059169320111
72.25264 283.997828252328
72.27275 263.06492942921
72.29287 244.02135648897
72.31298 238.98877951789
72.33309 256.995960426131
72.35321 239.979733162939
72.37332 212.019778072264
72.39344 256.018630547895
72.41355 219.915773260621
72.43366 221.952059974564
72.45378 242.993438691772
72.47389 241.995221189368
72.494 250
72.51412 212.999657373708
72.53423 247.024872403344
72.55434 231.980985892012
72.57446 246.957456742072
72.59457 248.041798223473
72.61469 217.998082047368
72.6348 246
72.65491 216.983639587169
72.67503 211.030042429019
72.69514 234.00686983533
72.71525 222.00233442269
72.73537 230.017487888384
72.75548 207.994093630092
72.7756 239
72.79571 220.987004016371
72.81582 216.020665339637
72.83594 245.030059232966
72.85605 236.052562873647
72.87616 230.94550675316
72.89628 265.001702783368
72.91639 232.008634437265
72.9365 247
72.95662 247.997005548332
72.97673 249.00146014519
72.99685 246.990243762353
73.01696 248.970882763109
73.03707 265.000957190858
73.05719 246.010400369372
73.0773 237
73.09741 250.015809485587
73.11753 283.015805080847
73.13764 269.971433244684
73.15776 269.984435888226
73.17787 279.980443909814
73.19798 289.003221500263
73.2181 283
73.23821 304.006244508943
73.25832 317.042659129511
73.27844 383.105637382802
73.29855 402.001394819811
73.31867 417.919826454325
73.33878 478.983630860913
73.35889 468.983224436128
73.37901 544.021637327848
73.39912 534.990152769692
73.41923 554.03913868855
73.43935 546.852718306003
73.45946 457.158269960744
73.47957 419.008498971742
73.49969 415.011895878795
73.5198 371
73.53992 356.017341367636
73.56003 390.044796917646
73.58014 408.036681613795
73.60026 430.962307036984
73.62037 434.024537697368
73.64048 408.021925409038
73.6606 389
73.68071 344.977533520861
73.70083 308.956888287196
73.72094 288.985603436117
73.74105 287.020020686567
73.76117 273.012610457399
73.78128 263.030025449686
73.80139 234.992418665314
73.82151 271.998030338617
73.84162 235.000454586313
73.86174 274.016538823932
73.88185 231.892372295214
73.90196 225.958506337624
73.92208 249.986023622327
73.94219 241.01590284931
73.9623 221
73.98242 265.999345906597
74.00253 216.945407166524
74.02264 229.072225634785
74.04276 254.98967646674
74.06287 243.022915681469
74.08299 238.99591087514
74.1031 243
74.12321 220.002519304234
74.14333 251.031887445846
74.16344 243.962684738396
74.18355 230.022927992739
74.20367 225.001777850162
74.22378 227.992095387651
74.2439 243
74.26401 254.989789269858
74.28412 215.97776346493
74.30424 227.051914546486
74.32435 239.032457763657
74.34446 216.013901023783
74.36458 224.004196093052
74.38469 211.994080063158
74.40481 244.008220899621
74.42492 233.987958218668
74.44503 240.029793872051
74.46515 255.99566364653
74.48526 230.085025636
74.50537 202.979279801346
74.52549 244.984157651005
74.5456 246
74.56571 232.990649635967
74.58583 213.987230334919
74.60594 225.058050262821
74.62606 250.994716136593
74.64617 238.001603538071
74.66628 251.9954964065
74.6864 238
74.70651 233.003148135247
74.72662 235.985704247764
74.74674 221.03013433508
74.76685 260.929178014644
74.78697 252.054084846907
74.80708 222.997371612786
74.82719 253.98433498907
74.84731 252.980790613377
74.86742 221.023870697444
74.88753 281.040142710171
74.90765 248.880572958404
74.92776 233.951725864623
74.94787 263.010078291753
74.96799 219.02084711565
74.9881 214
75.00822 260.055027415702
