3.00117 19688
3.02128 19627
3.0414 18647
3.06151 18321
3.08162 17850
3.10174 17130
3.12185 16786
3.14197 16337
3.16208 16032
3.18219 15276
3.20231 14982
3.22242 14751
3.24253 13932
3.26265 13898
3.28276 12984
3.30288 12755
3.32299 12420
3.3431 11885
3.36322 11723
3.38333 11021
3.40344 10578
3.42356 10590
3.44367 9895
3.46379 10003
3.4839 9373
3.50401 9229
3.52413 8713
3.54424 8483
3.56435 8142
3.58447 7630
3.60458 7524
3.62469 7327
3.64481 6774
3.66492 6681
3.68504 6425
3.70515 6135
3.72526 6024
3.74538 5531
3.76549 5335
3.7856 5269
3.80572 4898
3.82583 4875
3.84595 4449
3.86606 4416
3.88617 4126
3.90629 3966
3.9264 3869
3.94651 3515
3.96663 3530
3.98674 3251
4.00686 3203
4.02697 3245
4.04708 2897
4.0672 2785
4.08731 2598
4.10742 2662
4.12754 2537
4.14765 2311
4.16776 2211
4.18788 2160
4.20799 2120
4.22811 2123
4.24822 1873
4.26833 1745
4.28845 1737
4.30856 1678
4.32867 1789
4.34879 1570
4.3689 1601
4.38902 1526
4.40913 1484
4.42924 1470
4.44936 1302
4.46947 1375
4.48958 1379
4.5097 1337
4.52981 1343
4.54992 1230
4.57004 1173
4.59015 1175
4.61027 1120
4.63038 1185
4.65049 1045
4.67061 1015
4.69072 1016
4.71083 1067
4.73095 1061
4.75106 901
4.77118 928
4.79129 925
4.8114 916
4.83152 895
4.85163 847
4.87174 805
4.89186 869
4.91197 753
4.93209 765
4.9522 724
4.97231 772
4.99243 770
5.01254 694
5.03265 740
5.05277 647
5.07288 624
5.09299 716
5.11311 684
5.13322 610
5.15334 616
5.17345 603
5.19356 611
5.21368 576
5.23379 547
5.2539 535
5.27402 570
5.29413 568
5.31425 503
5.33436 544
5.35447 461
5.37459 455
5.3947 428
5.41481 496
5.43493 421
5.45504 454
5.47516 413
5.49527 431
5.51538 370
5.5355 380
5.55561 431
5.57572 374
5.59584 418
5.61595 387
5.63606 356
5.65618 364
5.67629 354
5.69641 326
5.71652 358
5.73663 319
5.75675 325
5.77686 309
5.79697 350
5.81709 319
5.8372 280
5.85732 286
5.87743 335
5.89754 317
5.91766 319
5.93777 293
5.95788 274
5.978 292
5.99811 285
6.01823 303
6.03834 322
6.05845 284
6.07857 270
6.09868 261
6.11879 294
6.13891 279
6.15902 295
6.17913 247
6.19925 255
6.21936 296
6.23948 230
6.25959 265
6.2797 249
6.29982 213
6.31993 266
6.34004 285
6.36016 260
6.38027 254
6.40039 254
6.4205 270
6.44061 258
6.46073 234
6.48084 232
6.50095 256
6.52107 241
6.54118 255
6.56129 235
6.58141 260
6.60152 229
6.62164 220
6.64175 237
6.66186 253
6.68198 244
6.70209 231
6.7222 206
6.74232 214
6.76243 237
6.78255 235
6.80266 225
6.82277 252
6.84289 226
6.863 240
6.88311 233
6.90323 218
6.92334 225
6.94346 223
6.96357 219
6.98368 223
7.0038 253
7.02391 235
7.04402 202
7.06414 227
7.08425 230
7.10436 207
7.12448 205
7.14459 225
7.16471 250
7.18482 233
7.20493 227
7.22505 221
7.24516 246
7.26527 218
7.28539 219
7.3055 209
7.32562 218
7.34573 258
7.36584 252
7.38596 212
7.40607 200
7.42618 252
7.4463 247
7.46641 237
7.48653 235
7.50664 219
7.52675 236
7.54687 246
7.56698 262
7.58709 246
7.60721 228
7.62732 229
7.64743 239
7.66755 229
7.68766 203
7.70778 202
7.72789 232
7.748 232
7.76812 219
7.78823 240
7.80834 256
7.82846 252
7.84857 230
7.86869 223
7.8888 224
7.90891 279
7.92903 244
7.94914 224
7.96925 238
7.98937 252
8.00948 239
8.0296 242
8.04971 252
8.06982 222
8.08994 217
8.11005 247
8.13016 249
8.15028 231
8.17039 253
8.1905 236
8.21062 254
8.23073 252
8.25085 244
8.27096 233
8.29107 239
8.31119 234
8.3313 240
8.35141 219
8.37153 222
8.39164 240
8.41176 249
8.43187 224
8.45198 246
8.4721 228
8.49221 244
8.51232 242
8.53244 233
8.55255 258
8.57266 256
8.59278 240
8.61289 283
8.63301 243
8.65312 236
8.67323 222
8.69335 242
8.71346 210
8.73357 252
8.75369 269
8.7738 241
8.79392 241
8.81403 285
8.83414 243
8.85426 282
8.87437 239
8.89448 235
8.9146 220
8.93471 253
8.95483 273
8.97494 239
8.99505 233
9.01517 244
9.03528 245
9.05539 257
9.07551 227
9.09562 245
9.11573 264
9.13585 245
9.15596 213
9.17608 232
9.19619 263
9.2163 240
9.23642 242
9.25653 237
9.27664 241
9.29676 224
9.31687 230
9.33699 228
9.3571 228
9.37721 234
9.39733 225
9.41744 253
9.43755 247
9.45767 256
9.47778 252
9.4979 240
9.51801 255
9.53812 232
9.55824 243
9.57835 225
9.59846 266
9.61858 248
9.63869 246
9.6588 248
9.67892 257
9.69903 244
9.71915 230
9.73926 195
9.75937 259
9.77949 237
9.7996 231
9.81971 226
9.83983 250
9.85994 225
9.88006 234
9.90017 254
9.92028 230
9.9404 233
9.96051 261
9.98062 257
10.00074 220
10.02085 219
10.04097 233
10.06108 209
10.08119 230
10.10131 250
10.12142 217
10.14153 243
10.16165 230
10.18176 254
10.20187 240
10.22199 216
10.2421 197
10.26222 236
10.28233 222
10.30244 235
10.32256 236
10.34267 230
10.36278 240
10.3829 234
10.40301 260
10.42313 214
10.44324 237
10.46335 240
10.48347 265
10.50358 239
10.52369 243
10.54381 245
10.56392 252
10.58403 204
10.60415 246
10.62426 253
10.64438 232
10.66449 244
10.6846 235
10.70472 223
10.72483 238
10.74494 242
10.76506 229
10.78517 238
10.80529 241
10.8254 221
10.84551 227
10.86563 205
10.88574 249
10.90585 258
10.92597 241
10.94608 258
10.9662 261
10.98631 232
11.00642 255
11.02654 256
11.04665 250
11.06676 243
11.08688 239
11.10699 193
11.1271 223
11.14722 237
11.16733 249
11.18745 241
11.20756 208
11.22767 243
11.24779 217
11.2679 228
11.28801 235
11.30813 226
11.32824 237
11.34836 251
11.36847 241
11.38858 216
11.4087 234
11.42881 241
11.44892 227
11.46904 230
11.48915 243
11.50927 231
11.52938 251
11.54949 222
11.56961 238
11.58972 207
11.60983 245
11.62995 234
11.65006 231
11.67017 242
11.69029 222
11.7104 226
11.73052 227
11.75063 256
11.77074 244
11.79086 217
11.81097 202
11.83108 240
11.8512 218
11.87131 203
11.89143 254
11.91154 256
11.93165 268
11.95177 218
11.97188 241
11.99199 220
12.01211 255
12.03222 252
12.05234 249
12.07245 238
12.09256 242
12.11268 250
12.13279 232
12.1529 255
12.17302 240
12.19313 252
12.21324 275
12.23336 292
12.25347 281
12.27359 270
12.2937 260
12.31381 219
12.33393 252
12.35404 254
12.37415 234
12.39427 248
12.41438 253
12.4345 236
12.45461 231
12.47472 231
12.49484 235
12.51495 226
12.53506 260
12.55518 245
12.57529 229
12.5954 219
12.61552 235
12.63563 211
12.65575 205
12.67586 203
12.69597 240
12.71609 188
12.7362 209
12.75631 232
12.77643 255
12.79654 194
12.81666 220
12.83677 211
12.85688 223
12.877 206
12.89711 236
12.91722 236
12.93734 226
12.95745 195
12.97757 247
12.99768 219
13.01779 227
13.03791 186
13.05802 219
13.07813 207
13.09825 178
13.11836 184
13.13847 217
13.15859 228
13.1787 223
13.19882 216
13.21893 213
13.23904 216
13.25916 223
13.27927 194
13.29938 204
13.3195 210
13.33961 209
13.35973 212
13.37984 190
13.39995 216
13.42007 176
13.44018 219
13.46029 200
13.48041 179
13.50052 199
13.52064 192
13.54075 206
13.56086 203
13.58098 236
13.60109 210
13.6212 230
13.64132 215
13.66143 198
13.68154 190
13.70166 202
13.72177 213
13.74189 196
13.762 217
13.78211 196
13.80223 179
13.82234 216
13.84245 210
13.86257 190
13.88268 228
13.9028 206
13.92291 190
13.94302 191
13.96314 214
13.98325 211
14.00336 174
14.02348 188
14.04359 220
14.06371 214
14.08382 199
14.10393 207
14.12405 198
14.14416 204
14.16427 207
14.18439 198
14.2045 190
14.22461 187
14.24473 177
14.26484 193
14.28496 216
14.30507 193
14.32518 214
14.3453 219
14.36541 215
14.38552 177
14.40564 209
14.42575 216
14.44587 197
14.46598 208
14.48609 175
14.50621 202
14.52632 189
14.54643 182
14.56655 203
14.58666 195
14.60677 199
14.62689 173
14.647 207
14.66712 187
14.68723 179
14.70734 196
14.72746 196
14.74757 197
14.76768 192
14.7878 193
14.80791 194
14.82803 178
14.84814 181
14.86825 195
14.88837 176
14.90848 181
14.92859 186
14.94871 189
14.96882 184
14.98894 199
15.00905 185
15.02916 189
15.04928 203
15.06939 186
15.0895 183
15.10962 187
15.12973 189
15.14984 174
15.16996 191
15.19007 158
15.21019 184
15.2303 156
15.25041 183
15.27053 198
15.29064 191
15.31075 194
15.33087 179
15.35098 183
15.3711 172
15.39121 162
15.41132 168
15.43144 190
15.45155 154
15.47166 178
15.49178 175
15.51189 172
15.53201 172
15.55212 178
15.57223 200
15.59235 175
15.61246 152
15.63257 181
15.65269 166
15.6728 196
15.69291 152
15.71303 171
15.73314 197
15.75326 169
15.77337 185
15.79348 172
15.8136 212
15.83371 169
15.85382 189
15.87394 158
15.89405 189
15.91417 167
15.93428 148
15.95439 178
15.97451 200
15.99462 188
16.01473 161
16.03485 167
16.05496 181
16.07508 199
16.09519 172
16.1153 185
16.13542 205
16.15553 177
16.17564 159
16.19576 194
16.21587 180
16.23598 190
16.2561 189
16.27621 192
16.29633 171
16.31644 148
16.33655 177
16.35667 146
16.37678 206
16.39689 185
16.41701 184
16.43712 161
16.45724 193
16.47735 181
16.49746 201
16.51758 186
16.53769 179
16.5578 185
16.57792 181
16.59803 183
16.61814 182
16.63826 193
16.65837 159
16.67849 154
16.6986 179
16.71871 194
16.73883 162
16.75894 177
16.77905 185
16.79917 195
16.81928 164
16.8394 191
16.85951 171
16.87962 181
16.89974 153
16.91985 184
16.93996 155
16.96008 190
16.98019 184
17.00031 157
17.02042 179
17.04053 163
17.06065 174
17.08076 169
17.10087 187
17.12099 169
17.1411 199
17.16121 152
17.18133 176
17.20144 168
17.22156 177
17.24167 177
17.26178 195
17.2819 171
17.30201 172
17.32212 187
17.34224 185
17.36235 170
17.38247 178
17.40258 196
17.42269 185
17.44281 165
17.46292 180
17.48303 176
17.50315 179
17.52326 206
17.54338 188
17.56349 173
17.5836 168
17.60372 172
17.62383 187
17.64394 187
17.66406 188
17.68417 195
17.70428 174
17.7244 187
17.74451 171
17.76463 168
17.78474 206
17.80485 178
17.82497 170
17.84508 196
17.86519 187
17.88531 176
17.90542 160
17.92554 186
17.94565 188
17.96576 156
17.98588 170
18.00599 163
18.0261 159
18.04622 186
18.06633 185
18.08645 202
18.10656 187
18.12667 198
18.14679 189
18.1669 156
18.18701 167
18.20713 171
18.22724 162
18.24735 192
18.26747 149
18.28758 169
18.3077 184
18.32781 166
18.34792 183
18.36804 175
18.38815 176
18.40826 171
18.42838 166
18.44849 151
18.46861 184
18.48872 174
18.50883 180
18.52895 181
18.54906 180
18.56917 184
18.58929 184
18.6094 167
18.62951 189
18.64963 154
18.66974 165
18.68986 180
18.70997 200
18.73008 171
18.7502 191
18.77031 191
18.79042 187
18.81054 203
18.83065 204
18.85077 200
18.87088 197
18.89099 180
18.91111 173
18.93122 206
18.95133 146
18.97145 172
18.99156 182
19.01168 183
19.03179 176
19.0519 158
19.07202 199
19.09213 199
19.11224 179
19.13236 171
19.15247 210
19.17258 175
19.1927 197
19.21281 185
19.23293 208
19.25304 184
19.27315 184
19.29327 195
19.31338 205
19.33349 161
19.35361 217
19.37372 186
19.39384 215
19.41395 214
19.43406 197
19.45418 192
19.47429 199
19.4944 204
19.51452 195
19.53463 208
19.55475 204
19.57486 221
19.59497 241
19.61509 231
19.6352 231
19.65531 269
19.67543 207
19.69554 290
19.71565 247
19.73577 278
19.75588 316
19.776 311
19.79611 316
19.81622 281
19.83634 315
19.85645 291
19.87656 334
19.89668 358
19.91679 333
19.93691 348
19.95702 326
19.97713 341
19.99725 310
20.01736 329
20.03747 303
20.05759 326
20.0777 300
20.09782 296
20.11793 338
20.13804 290
20.15816 302
20.17827 325
20.19838 345
20.2185 353
20.23861 349
20.25872 332
20.27884 343
20.29895 373
20.31907 327
20.33918 389
20.35929 348
20.37941 386
20.39952 365
20.41963 392
20.43975 407
20.45986 426
20.47998 396
20.50009 401
20.5202 409
20.54032 438
20.56043 461
20.58054 505
20.60066 521
20.62077 539
20.64088 607
20.661 703
20.68111 822
20.70123 1037
20.72134 1412
20.74145 1967
20.76157 2764
20.78168 3970
20.80179 5211
20.82191 6829
20.84202 7873
20.86214 8425
20.88225 8095
20.90236 6405
20.92248 4569
20.94259 3058
20.9627 1839
20.98282 1158
21.00293 793
21.02305 731
21.04316 640
21.06327 556
21.08339 552
21.1035 468
21.12361 437
21.14373 382
21.16384 383
21.18395 381
21.20407 320
21.22418 323
21.2443 315
21.26441 309
21.28452 318
21.30464 351
21.32475 294
21.34486 284
21.36498 323
21.38509 285
21.40521 296
21.42532 254
21.44543 284
21.46555 303
21.48566 296
21.50577 274
21.52589 262
21.546 237
21.56612 265
21.58623 258
21.60634 256
21.62646 273
21.64657 229
21.66668 286
21.6868 237
21.70691 243
21.72702 247
21.74714 250
21.76725 275
21.78737 246
21.80748 223
21.82759 253
21.84771 202
21.86782 234
21.88793 281
21.90805 255
21.92816 239
21.94828 257
21.96839 243
21.9885 237
22.00862 277
22.02873 240
22.04884 247
22.06896 230
22.08907 255
22.10919 253
22.1293 233
22.14941 231
22.16953 220
22.18964 222
22.20975 237
22.22987 215
22.24998 276
22.27009 264
22.29021 271
22.31032 247
22.33044 259
22.35055 239
22.37066 242
22.39078 242
22.41089 216
22.431 230
22.45112 247
22.47123 237
22.49135 252
22.51146 208
22.53157 206
22.55169 237
22.5718 255
22.59191 214
22.61203 217
22.63214 247
22.65225 236
22.67237 277
22.69248 244
22.7126 238
22.73271 223
22.75282 235
22.77294 238
22.79305 225
22.81316 195
22.83328 215
22.85339 234
22.87351 213
22.89362 211
22.91373 235
22.93385 237
22.95396 229
22.97407 223
22.99419 215
23.0143 224
23.03442 223
23.05453 244
23.07464 212
23.09476 257
23.11487 260
23.13498 255
23.1551 247
23.17521 249
23.19532 257
23.21544 210
23.23555 258
23.25567 250
23.27578 239
23.29589 262
23.31601 226
23.33612 223
23.35623 233
23.37635 213
23.39646 229
23.41658 234
23.43669 234
23.4568 227
23.47692 215
23.49703 219
23.51714 200
23.53726 236
23.55737 232
23.57749 229
23.5976 231
23.61771 228
23.63783 222
23.65794 221
23.67805 235
23.69817 237
23.71828 231
23.73839 247
23.75851 253
23.77862 240
23.79874 218
23.81885 212
23.83896 247
23.85908 264
23.87919 225
23.8993 271
23.91942 298
23.93953 294
23.95965 318
23.97976 343
23.99987 365
24.01999 349
24.0401 324
24.06021 259
24.08033 278
24.10044 263
24.12056 238
24.14067 210
24.16078 245
24.1809 208
24.20101 230
24.22112 249
24.24124 223
24.26135 258
24.28146 210
24.30158 247
24.32169 252
24.34181 243
24.36192 228
24.38203 241
24.40215 187
24.42226 223
24.44237 229
24.46249 194
24.4826 217
24.50272 207
24.52283 241
24.54294 207
24.56306 239
24.58317 219
24.60328 220
24.6234 249
24.64351 230
24.66362 249
24.68374 247
24.70385 230
24.72397 278
24.74408 281
24.76419 248
24.78431 256
24.80442 275
24.82453 268
24.84465 262
24.86476 225
24.88488 252
24.90499 220
24.9251 225
24.94522 246
24.96533 253
24.98544 255
25.00556 288
25.02567 243
25.04579 252
25.0659 256
25.08601 243
25.10613 259
25.12624 236
25.14635 255
25.16647 268
25.18658 263
25.20669 267
25.22681 271
25.24692 264
25.26704 258
25.28715 254
25.30726 248
25.32738 256
25.34749 230
25.3676 255
25.38772 251
25.40783 257
25.42795 254
25.44806 252
25.46817 320
25.48829 301
25.5084 280
25.52851 298
25.54863 324
25.56874 307
25.58886 322
25.60897 342
25.62908 349
25.6492 363
25.66931 371
25.68942 408
25.70954 422
25.72965 392
25.74976 450
25.76988 454
25.78999 453
25.81011 449
25.83022 477
25.85033 515
25.87045 460
25.89056 474
25.91067 484
25.93079 499
25.9509 486
25.97102 503
25.99113 470
26.01124 512
26.03136 516
26.05147 589
26.07158 598
26.0917 636
26.11181 594
26.13193 634
26.15204 714
26.17215 762
26.19227 804
26.21238 890
26.23249 922
26.25261 975
26.27272 1057
26.29283 1115
26.31295 1231
26.33306 1313
26.35318 1447
26.37329 1629
26.3934 1919
26.41352 2286
26.43363 2833
26.45374 3722
26.47386 4944
26.49397 6614
26.51409 9315
26.5342 12841
26.55431 17625
26.57443 23872
26.59454 30301
26.61465 37062
26.63477 39499
26.65488 36908
26.67499 30139
26.69511 23564
26.71522 17320
26.73534 11765
26.75545 7003
26.77556 3860
26.79568 2443
26.81579 1944
26.8359 1806
26.85602 1528
26.87613 1376
26.89625 1278
26.91636 1130
26.93647 1070
26.95659 961
26.9767 870
26.99681 800
27.01693 676
27.03704 721
27.05716 716
27.07727 645
27.09738 613
27.1175 534
27.13761 547
27.15772 595
27.17784 504
27.19795 480
27.21806 465
27.23818 446
27.25829 456
27.27841 485
27.29852 466
27.31863 466
27.33875 482
27.35886 447
27.37897 494
27.39909 472
27.4192 542
27.43932 523
27.45943 518
27.47954 509
27.49966 470
27.51977 432
27.53988 413
27.56 407
27.58011 394
27.60023 357
27.62034 366
27.64045 352
27.66057 326
27.68068 380
27.70079 375
27.72091 308
27.74102 343
27.76113 322
27.78125 290
27.80136 318
27.82148 334
27.84159 316
27.8617 352
27.88182 298
27.90193 315
27.92204 313
27.94216 305
27.96227 343
27.98239 309
28.0025 284
28.02261 299
28.04273 295
28.06284 303
28.08295 289
28.10307 305
28.12318 268
28.1433 271
28.16341 292
28.18352 258
28.20364 294
28.22375 288
28.24386 274
28.26398 299
28.28409 251
28.3042 290
28.32432 296
28.34443 273
28.36455 291
28.38466 271
28.40477 285
28.42489 271
28.445 263
28.46511 245
28.48523 258
28.50534 255
28.52546 241
28.54557 243
28.56568 283
28.5858 266
28.60591 236
28.62602 250
28.64614 254
28.66625 264
28.68636 214
28.70648 245
28.72659 242
28.74671 243
28.76682 258
28.78693 264
28.80705 239
28.82716 256
28.84727 274
28.86739 236
28.8875 270
28.90762 269
28.92773 246
28.94784 272
28.96796 245
28.98807 244
29.00818 236
29.0283 237
29.04841 237
29.06853 233
29.08864 262
29.10875 239
29.12887 233
29.14898 236
29.16909 255
29.18921 244
29.20932 217
29.22943 243
29.24955 249
29.26966 260
29.28978 224
29.30989 261
29.33 254
29.35012 274
29.37023 265
29.39034 257
29.41046 254
29.43057 248
29.45069 250
29.4708 233
29.49091 240
29.51103 212
29.53114 238
29.55125 245
29.57137 280
29.59148 233
29.6116 246
29.63171 229
29.65182 235
29.67194 211
29.69205 247
29.71216 237
29.73228 224
29.75239 227
29.7725 234
29.79262 225
29.81273 230
29.83285 249
29.85296 230
29.87307 216
29.89319 218
29.9133 241
29.93341 228
29.95353 236
29.97364 214
29.99376 249
30.01387 221
30.03398 227
30.0541 257
30.07421 243
30.09432 217
30.11444 229
30.13455 223
30.15467 218
30.17478 233
30.19489 243
30.21501 288
30.23512 274
30.25523 224
30.27535 211
30.29546 251
30.31557 235
30.33569 204
30.3558 224
30.37592 213
30.39603 249
30.41614 201
30.43626 203
30.45637 224
30.47648 202
30.4966 206
30.51671 197
30.53683 183
30.55694 200
30.57705 215
30.59717 221
30.61728 235
30.63739 213
30.65751 221
30.67762 215
30.69773 219
30.71785 193
30.73796 212
30.75808 258
30.77819 227
30.7983 224
30.81842 239
30.83853 216
30.85864 207
30.87876 216
30.89887 221
30.91899 172
30.9391 199
30.95921 210
30.97933 216
30.99944 197
31.01955 176
31.03967 202
31.05978 204
31.0799 188
31.10001 198
31.12012 191
31.14024 179
31.16035 187
31.18046 186
31.20058 180
31.22069 190
31.2408 182
31.26092 208
31.28103 190
31.30115 176
31.32126 209
31.34137 162
31.36149 203
31.3816 222
31.40171 167
31.42183 185
31.44194 198
31.46206 217
31.48217 192
31.50228 176
31.5224 202
31.54251 180
31.56262 174
31.58274 176
31.60285 156
31.62297 207
31.64308 202
31.66319 202
31.68331 177
31.70342 182
31.72353 194
31.74365 162
31.76376 173
31.78387 169
31.80399 188
31.8241 185
31.84422 175
31.86433 199
31.88444 177
31.90456 206
31.92467 164
31.94478 172
31.9649 185
31.98501 205
32.00513 180
32.02524 183
32.04535 173
32.06547 179
32.08558 181
32.10569 174
32.12581 173
32.14592 181
32.16604 182
32.18615 192
32.20626 158
32.22638 194
32.24649 191
32.2666 189
32.28672 180
32.30683 155
32.32694 226
32.34706 171
32.36717 206
32.38729 189
32.4074 223
32.42751 171
32.44763 213
32.46774 200
32.48785 176
32.50797 159
32.52808 178
32.5482 156
32.56831 162
32.58842 196
32.60854 142
32.62865 168
32.64876 166
32.66888 171
32.68899 177
32.7091 191
32.72922 188
32.74933 192
32.76945 186
32.78956 151
32.80967 169
32.82979 183
32.8499 188
32.87001 163
32.89013 172
32.91024 185
32.93036 187
32.95047 175
32.97058 190
32.9907 167
33.01081 163
33.03092 185
33.05104 181
33.07115 177
33.09127 173
33.11138 175
33.13149 182
33.15161 178
33.17172 145
33.19183 175
33.21195 161
33.23206 180
33.25217 147
33.27229 170
33.2924 176
33.31252 181
33.33263 166
33.35274 164
33.37286 158
33.39297 161
33.41308 178
33.4332 176
33.45331 185
33.47343 171
33.49354 170
33.51365 161
33.53377 167
33.55388 149
33.57399 176
33.59411 149
33.61422 156
33.63434 154
33.65445 154
33.67456 170
33.69468 153
33.71479 166
33.7349 169
33.75502 177
33.77513 145
33.79524 181
33.81536 150
33.83547 159
33.85559 163
33.8757 164
33.89581 153
33.91593 150
33.93604 184
33.95615 167
33.97627 161
33.99638 161
34.0165 169
34.03661 161
34.05672 147
34.07684 133
34.09695 188
34.11706 154
34.13718 183
34.15729 164
34.17741 170
34.19752 167
34.21763 177
34.23775 187
34.25786 188
34.27797 178
34.29809 174
34.3182 191
34.33831 172
34.35843 187
34.37854 191
34.39866 209
34.41877 191
34.43888 198
34.459 173
34.47911 166
34.49922 188
34.51934 192
34.53945 187
34.55957 183
34.57968 185
34.59979 179
34.61991 182
34.64002 205
34.66013 212
34.68025 196
34.70036 207
34.72047 207
34.74059 205
34.7607 207
34.78082 215
34.80093 216
34.82104 207
34.84116 211
34.86127 198
34.88138 228
34.9015 222
34.92161 221
34.94173 202
34.96184 237
34.98195 233
35.00207 228
35.02218 219
35.04229 227
35.06241 192
35.08252 198
35.10264 206
35.12275 226
35.14286 203
35.16298 204
35.18309 224
35.2032 215
35.22332 218
35.24343 212
35.26354 218
35.28366 207
35.30377 230
35.32389 219
35.344 207
35.36411 232
35.38423 252
35.40434 231
35.42445 244
35.44457 223
35.46468 235
35.4848 202
35.50491 214
35.52502 259
35.54514 234
35.56525 236
35.58536 216
35.60548 222
35.62559 223
35.64571 236
35.66582 223
35.68593 254
35.70605 202
35.72616 203
35.74627 204
35.76639 215
35.7865 205
35.80661 199
35.82673 194
35.84684 219
35.86696 224
35.88707 218
35.90718 224
35.9273 213
35.94741 229
35.96752 210
35.98764 247
36.00775 212
36.02787 233
36.04798 248
36.06809 233
36.08821 220
36.10832 253
36.12843 211
36.14855 222
36.16866 260
36.18878 259
36.20889 278
36.229 251
36.24912 270
36.26923 297
36.28934 333
36.30946 376
36.32957 454
36.34968 480
36.3698 579
36.38991 740
36.41003 900
36.43014 1178
36.45025 1481
36.47037 1819
36.49048 2182
36.51059 2571
36.53071 2691
36.55082 2541
36.57094 2132
36.59105 1744
36.61116 1467
36.63128 1349
36.65139 1091
36.6715 762
36.69162 504
36.71173 402
36.73184 356
36.75196 298
36.77207 285
36.79219 264
36.8123 301
36.83241 247
36.85253 228
36.87264 229
36.89275 254
36.91287 225
36.93298 219
36.9531 228
36.97321 215
36.99332 214
37.01344 212
37.03355 197
37.05366 197
37.07378 177
37.09389 214
37.11401 211
37.13412 191
37.15423 190
37.17435 207
37.19446 182
37.21457 181
37.23469 184
37.2548 200
37.27491 203
37.29503 184
37.31514 202
37.33526 183
37.35537 187
37.37548 182
37.3956 195
37.41571 202
37.43582 209
37.45594 186
37.47605 177
37.49617 185
37.51628 210
37.53639 189
37.55651 185
37.57662 202
37.59673 207
37.61685 190
37.63696 205
37.65708 177
37.67719 189
37.6973 181
37.71742 194
37.73753 189
37.75764 212
37.77776 185
37.79787 177
37.81798 185
37.8381 166
37.85821 169
37.87833 169
37.89844 164
37.91855 175
37.93867 197
37.95878 189
37.97889 184
37.99901 172
38.01912 192
38.03924 224
38.05935 196
38.07946 198
38.09958 220
38.11969 191
38.1398 173
38.15992 196
38.18003 205
38.20015 198
38.22026 190
38.24037 218
38.26049 215
38.2806 202
38.30071 196
38.32083 205
38.34094 215
38.36105 174
38.38117 160
38.40128 200
38.4214 222
38.44151 201
38.46162 194
38.48174 218
38.50185 214
38.52196 193
38.54208 190
38.56219 188
38.58231 195
38.60242 214
38.62253 194
38.64265 201
38.66276 211
38.68287 185
38.70299 223
38.7231 186
38.74321 198
38.76333 222
38.78344 204
38.80356 209
38.82367 191
38.84378 201
38.8639 196
38.88401 207
38.90412 199
38.92424 200
38.94435 203
38.96447 191
38.98458 197
39.00469 215
39.02481 202
39.04492 245
39.06503 205
39.08515 255
39.10526 251
39.12538 247
39.14549 285
39.1656 256
39.18572 290
39.20583 322
39.22594 368
39.24606 396
39.26617 435
39.28628 535
39.3064 597
39.32651 760
39.34663 919
39.36674 1263
39.38685 1583
39.40697 2004
39.42708 2246
39.44719 2598
39.46731 2470
39.48742 2074
39.50754 1608
39.52765 1347
39.54776 1315
39.56788 1199
39.58799 930
39.6081 614
39.62822 440
39.64833 374
39.66845 301
39.68856 287
39.70867 286
39.72879 255
39.7489 253
39.76901 235
39.78913 231
39.80924 223
39.82935 262
39.84947 236
39.86958 231
39.8897 226
39.90981 224
39.92992 227
39.95004 232
39.97015 204
39.99026 220
40.01038 241
40.03049 272
40.05061 262
40.07072 331
40.09083 343
40.11095 388
40.13106 441
40.15117 494
40.17129 622
40.1914 778
40.21152 936
40.23163 1066
40.25174 1260
40.27186 1256
40.29197 1195
40.31208 1036
40.3322 873
40.35231 747
40.37242 715
40.39254 629
40.41265 498
40.43277 371
40.45288 304
40.47299 273
40.49311 255
40.51322 216
40.53333 222
40.55345 214
40.57356 196
40.59368 234
40.61379 209
40.6339 208
40.65402 186
40.67413 191
40.69424 201
40.71436 177
40.73447 198
40.75458 199
40.7747 175
40.79481 197
40.81493 198
40.83504 206
40.85515 182
40.87527 205
40.89538 185
40.91549 190
40.93561 191
40.95572 171
40.97584 188
40.99595 175
41.01606 171
41.03618 187
41.05629 195
41.0764 190
41.09652 181
41.11663 184
41.13675 181
41.15686 160
41.17697 159
41.19709 159
41.2172 168
41.23731 201
41.25743 176
41.27754 154
41.29765 209
41.31777 175
41.33788 178
41.358 183
41.37811 177
41.39822 173
41.41834 188
41.43845 175
41.45856 173
41.47868 170
41.49879 165
41.51891 198
41.53902 190
41.55913 188
41.57925 203
41.59936 175
41.61947 183
41.63959 186
41.6597 175
41.67982 173
41.69993 187
41.72004 210
41.74016 191
41.76027 185
41.78038 215
41.8005 225
41.82061 221
41.84072 198
41.86084 197
41.88095 239
41.90107 238
41.92118 187
41.94129 214
41.96141 204
41.98152 201
42.00163 193
42.02175 183
42.04186 227
42.06198 221
42.08209 226
42.1022 231
42.12232 238
42.14243 222
42.16254 265
42.18266 282
42.20277 289
42.22289 330
42.243 367
42.26311 441
42.28323 558
42.30334 654
42.32345 738
42.34357 945
42.36368 1146
42.38379 1358
42.40391 1635
42.42402 1743
42.44414 1670
42.46425 1464
42.48436 1195
42.50448 1022
42.52459 978
42.5447 926
42.56482 823
42.58493 628
42.60505 431
42.62516 363
42.64527 265
42.66539 258
42.6855 247
42.70561 226
42.72573 220
42.74584 192
42.76595 213
42.78607 199
42.80618 204
42.8263 205
42.84641 197
42.86652 170
42.88664 182
42.90675 170
42.92686 191
42.94698 172
42.96709 179
42.98721 158
43.00732 163
43.02743 182
43.04755 159
43.06766 160
43.08777 176
43.10789 172
43.128 174
43.14812 157
43.16823 177
43.18834 166
43.20846 178
43.22857 150
43.24868 164
43.2688 176
43.28891 183
43.30902 167
43.32914 173
43.34925 179
43.36937 156
43.38948 166
43.40959 171
43.42971 177
43.44982 174
43.46993 161
43.49005 137
43.51016 184
43.53028 158
43.55039 158
43.5705 180
43.59062 161
43.61073 159
43.63084 138
43.65096 161
43.67107 156
43.69119 152
43.7113 151
43.73141 159
43.75153 159
43.77164 157
43.79175 167
43.81187 163
43.83198 177
43.85209 177
43.87221 161
43.89232 175
43.91244 147
43.93255 172
43.95266 167
43.97278 147
43.99289 173
44.013 141
44.03312 154
44.05323 172
44.07335 174
44.09346 165
44.11357 197
44.13369 160
44.1538 153
44.17391 175
44.19403 157
44.21414 162
44.23426 154
44.25437 172
44.27448 155
44.2946 150
44.31471 156
44.33482 148
44.35494 146
44.37505 147
44.39516 148
44.41528 152
44.43539 153
44.45551 160
44.47562 158
44.49573 175
44.51585 164
44.53596 163
44.55607 182
44.57619 171
44.5963 154
44.61642 154
44.63653 163
44.65664 148
44.67676 159
44.69687 169
44.71698 168
44.7371 170
44.75721 173
44.77732 182
44.79744 168
44.81755 166
44.83767 151
44.85778 163
44.87789 154
44.89801 182
44.91812 160
44.93823 180
44.95835 153
44.97846 184
44.99858 174
45.01869 186
45.0388 163
45.05892 178
45.07903 150
45.09914 157
45.11926 159
45.13937 180
45.15949 164
45.1796 166
45.19971 155
45.21983 178
45.23994 172
45.26005 177
45.28017 175
45.30028 173
45.32039 172
45.34051 161
45.36062 162
45.38074 195
45.40085 195
45.42096 174
45.44108 207
45.46119 232
45.4813 231
45.50142 212
45.52153 238
45.54165 256
45.56176 258
45.58187 346
45.60199 327
45.6221 388
45.64221 483
45.66233 552
45.68244 688
45.70256 813
45.72267 926
45.74278 1095
45.7629 1197
45.78301 1225
45.80312 1040
45.82324 868
45.84335 765
45.86346 639
45.88358 690
45.90369 605
45.92381 578
45.94392 433
45.96403 288
45.98415 237
46.00426 203
46.02437 193
46.04449 213
46.0646 173
46.08472 190
46.10483 189
46.12494 182
46.14506 173
46.16517 174
46.18528 155
46.2054 137
46.22551 173
46.24563 189
46.26574 139
46.28585 165
46.30597 155
46.32608 181
46.34619 152
46.36631 149
46.38642 147
46.40653 147
46.42665 164
46.44676 152
46.46688 167
46.48699 168
46.5071 135
46.52722 149
46.54733 136
46.56744 148
46.58756 150
46.60767 147
46.62779 149
46.6479 167
46.66801 160
46.68813 130
46.70824 138
46.72835 148
46.74847 148
46.76858 158
46.78869 151
46.80881 138
46.82892 176
46.84904 151
46.86915 156
46.88926 147
46.90938 150
46.92949 133
46.9496 152
46.96972 150
46.98983 179
47.00995 144
47.03006 139
47.05017 135
47.07029 147
47.0904 169
47.11051 166
47.13063 140
47.15074 157
47.17086 155
47.19097 181
47.21108 157
47.2312 141
47.25131 136
47.27142 144
47.29154 143
47.31165 137
47.33176 141
47.35188 137
47.37199 155
47.39211 152
47.41222 146
47.43233 151
47.45245 158
47.47256 147
47.49267 152
47.51279 157
47.5329 142
47.55302 149
47.57313 133
47.59324 143
47.61336 137
47.63347 147
47.65358 137
47.6737 152
47.69381 124
47.71393 139
47.73404 139
47.75415 135
47.77427 136
47.79438 142
47.81449 165
47.83461 141
47.85472 141
47.87483 144
47.89495 132
47.91506 153
47.93518 134
47.95529 151
47.9754 148
47.99552 152
48.01563 153
48.03574 133
48.05586 162
48.07597 148
48.09609 134
48.1162 158
48.13631 148
48.15643 135
48.17654 145
48.19665 133
48.21677 166
48.23688 163
48.257 146
48.27711 151
48.29722 150
48.31734 168
48.33745 158
48.35756 143
48.37768 139
48.39779 156
48.4179 142
48.43802 154
48.45813 154
48.47825 155
48.49836 153
48.51847 157
48.53859 190
48.5587 156
48.57881 166
48.59893 162
48.61904 162
48.63916 155
48.65927 155
48.67938 182
48.6995 152
48.71961 176
48.73972 136
48.75984 143
48.77995 145
48.80006 153
48.82018 129
48.84029 155
48.86041 131
48.88052 173
48.90063 165
48.92075 175
48.94086 140
48.96097 171
48.98109 162
49.0012 169
49.02132 162
49.04143 173
49.06154 151
49.08166 164
49.10177 159
49.12188 178
49.142 164
49.16211 181
49.18223 157
49.20234 161
49.22245 155
49.24257 169
49.26268 161
49.28279 167
49.30291 171
49.32302 173
49.34313 175
49.36325 159
49.38336 174
49.40348 181
49.42359 173
49.4437 188
49.46382 191
49.48393 172
49.50404 214
49.52416 181
49.54427 190
49.56439 204
49.5845 215
49.60461 201
49.62473 203
49.64484 215
49.66495 205
49.68507 251
49.70518 267
49.7253 233
49.74541 291
49.76552 296
49.78564 326
49.80575 323
49.82586 361
49.84598 380
49.86609 470
49.8862 521
49.90632 593
49.92643 731
49.94655 870
49.96666 1037
49.98677 1390
50.00689 1727
50.027 2012
50.04711 2461
50.06723 3013
50.08734 3491
50.10746 3679
50.12757 3596
50.14768 3269
50.1678 2600
50.18791 2129
50.20802 1972
50.22814 1957
50.24825 1891
50.26837 1661
50.28848 1365
50.30859 948
50.32871 644
50.34882 474
50.36893 387
50.38905 375
50.40916 328
50.42927 309
50.44939 286
50.4695 288
50.48962 282
50.50973 314
50.52984 309
50.54996 277
50.57007 290
50.59018 297
50.6103 274
50.63041 277
50.65053 258
50.67064 232
50.69075 233
50.71087 213
50.73098 227
50.75109 195
50.77121 218
50.79132 188
50.81143 169
50.83155 175
50.85166 158
50.87178 171
50.89189 153
50.912 155
50.93212 163
50.95223 177
50.97234 164
50.99246 186
51.01257 154
51.03269 151
51.0528 134
51.07291 151
51.09303 176
51.11314 136
51.13325 162
51.15337 154
51.17348 154
51.1936 141
51.21371 155
51.23382 152
51.25394 147
51.27405 142
51.29416 113
51.31428 122
51.33439 170
51.3545 152
51.37462 125
51.39473 125
51.41485 142
51.43496 141
51.45507 150
51.47519 128
51.4953 136
51.51541 133
51.53553 130
51.55564 163
51.57576 143
51.59587 132
51.61598 146
51.6361 142
51.65621 153
51.67632 141
51.69644 128
51.71655 173
51.73667 134
51.75678 129
51.77689 125
51.79701 144
51.81712 145
51.83723 157
51.85735 120
51.87746 152
51.89757 141
51.91769 141
51.9378 135
51.95792 126
51.97803 139
51.99814 140
52.01826 132
52.03837 131
52.05848 139
52.0786 117
52.09871 129
52.11883 133
52.13894 126
52.15905 125
52.17917 133
52.19928 149
52.21939 121
52.23951 131
52.25962 128
52.27974 139
52.29985 142
52.31996 148
52.34008 135
52.36019 166
52.3803 131
52.40042 113
52.42053 153
52.44064 136
52.46076 145
52.48087 102
52.50099 154
52.5211 131
52.54121 139
52.56133 143
52.58144 141
52.60155 128
52.62167 123
52.64178 138
52.6619 131
52.68201 136
52.70212 133
52.72224 141
52.74235 140
52.76246 148
52.78258 139
52.80269 134
52.8228 144
52.84292 154
52.86303 142
52.88315 139
52.90326 140
52.92337 145
52.94349 159
52.9636 169
52.98371 140
53.00383 149
53.02394 143
53.04406 128
53.06417 154
53.08428 140
53.1044 148
53.12451 131
53.14462 149
53.16474 136
53.18485 154
53.20497 141
53.22508 156
53.24519 131
53.26531 141
53.28542 145
53.30553 145
53.32565 141
53.34576 148
53.36587 156
53.38599 138
53.4061 134
53.42622 153
53.44633 150
53.46644 138
53.48656 139
53.50667 157
53.52678 144
53.5469 159
53.56701 149
53.58713 151
53.60724 160
53.62735 151
53.64747 152
53.66758 180
53.68769 153
53.70781 147
53.72792 160
53.74804 167
53.76815 152
53.78826 143
53.80838 172
53.82849 174
53.8486 193
53.86872 135
53.88883 153
53.90894 145
53.92906 173
53.94917 185
53.96929 164
53.9894 185
54.00951 150
54.02963 142
54.04974 180
54.06985 161
54.08997 163
54.11008 159
54.1302 174
54.15031 168
54.17042 174
54.19054 178
54.21065 161
54.23076 168
54.25088 166
54.27099 159
54.29111 176
54.31122 153
54.33133 184
54.35145 154
54.37156 181
54.39167 181
54.41179 174
54.4319 181
54.45201 225
54.47213 205
54.49224 219
54.51236 209
54.53247 217
54.55258 235
54.5727 225
54.59281 253
54.61292 242
54.63304 269
54.65315 287
54.67327 355
54.69338 387
54.71349 480
54.73361 609
54.75372 699
54.77383 839
54.79395 928
54.81406 1076
54.83417 1146
54.85429 1086
54.8744 962
54.89452 937
54.91463 735
54.93474 688
54.95486 628
54.97497 697
54.99508 621
55.0152 582
55.03531 511
55.05543 448
55.07554 340
55.09565 278
55.11577 295
55.13588 311
55.15599 288
55.17611 349
55.19622 422
55.21634 473
55.23645 483
55.25656 534
55.27668 576
55.29679 592
55.3169 578
55.33702 514
55.35713 419
55.37724 402
55.39736 355
55.41747 350
55.43759 385
55.4577 392
55.47781 282
55.49793 269
55.51804 216
55.53815 211
55.55827 162
55.57838 170
55.5985 167
55.61861 167
55.63872 180
55.65884 156
55.67895 157
55.69906 154
55.71918 168
55.73929 150
55.75941 148
55.77952 174
55.79963 152
55.81975 159
55.83986 163
55.85997 147
55.88009 156
55.9002 145
55.92031 141
55.94043 159
55.96054 169
55.98066 156
56.00077 148
56.02088 134
56.041 135
56.06111 143
56.08122 140
56.10134 136
56.12145 152
56.14157 148
56.16168 137
56.18179 140
56.20191 152
56.22202 144
56.24213 128
56.26225 162
56.28236 159
56.30248 139
56.32259 150
56.3427 142
56.36282 141
56.38293 139
56.40304 132
56.42316 155
56.44327 168
56.46338 144
56.4835 170
56.50361 152
56.52373 163
56.54384 130
56.56395 140
56.58407 140
56.60418 143
56.62429 150
56.64441 126
56.66452 132
56.68464 144
56.70475 156
56.72486 140
56.74498 128
56.76509 145
56.7852 134
56.80532 148
56.82543 146
56.84554 144
56.86566 136
56.88577 132
56.90589 153
56.926 135
56.94611 137
56.96623 135
56.98634 172
57.00645 116
57.02657 152
57.04668 142
57.0668 146
57.08691 167
57.10702 151
57.12714 176
57.14725 173
57.16736 180
57.18748 202
57.20759 190
57.22771 194
57.24782 191
57.26793 170
57.28805 173
57.30816 172
57.32827 167
57.34839 160
57.3685 167
57.38861 150
57.40873 146
57.42884 158
57.44896 138
57.46907 137
57.48918 116
57.5093 159
57.52941 124
57.54952 135
57.56964 152
57.58975 138
57.60987 121
57.62998 135
57.65009 128
57.67021 119
57.69032 143
57.71043 159
57.73055 151
57.75066 150
57.77078 143
57.79089 147
57.811 149
57.83112 118
57.85123 145
57.87134 157
57.89146 137
57.91157 143
57.93168 132
57.9518 140
57.97191 146
57.99203 146
58.01214 144
58.03225 150
58.05237 160
58.07248 121
58.09259 125
58.11271 139
58.13282 146
58.15294 138
58.17305 136
58.19316 146
58.21328 119
58.23339 140
58.2535 148
58.27362 158
58.29373 162
58.31385 139
58.33396 134
58.35407 138
58.37419 152
58.3943 155
58.41441 180
58.43453 133
58.45464 135
58.47475 137
58.49487 166
58.51498 146
58.5351 163
58.55521 165
58.57532 135
58.59544 146
58.61555 150
58.63566 139
58.65578 159
58.67589 144
58.69601 150
58.71612 157
58.73623 141
58.75635 160
58.77646 137
58.79657 139
58.81669 134
58.8368 122
58.85691 162
58.87703 133
58.89714 125
58.91726 147
58.93737 136
58.95748 160
58.9776 148
58.99771 134
59.01782 153
59.03794 150
59.05805 137
59.07817 123
59.09828 157
59.11839 168
59.13851 162
59.15862 158
59.17873 159
59.19885 169
59.21896 175
59.23908 156
59.25919 166
59.2793 146
59.29942 163
59.31953 173
59.33964 153
59.35976 156
59.37987 182
59.39998 152
59.4201 201
59.44021 186
59.46033 184
59.48044 193
59.50055 206
59.52067 225
59.54078 230
59.56089 227
59.58101 233
59.60112 266
59.62124 288
59.64135 310
59.66146 344
59.68158 368
59.70169 443
59.7218 492
59.74192 605
59.76203 634
59.78215 805
59.80226 972
59.82237 1313
59.84249 1468
59.8626 1700
59.88271 2067
59.90283 2216
59.92294 2359
59.94305 2173
59.96317 1980
59.98328 1608
60.0034 1263
60.02351 1191
60.04362 1216
60.06374 1207
60.08385 1212
60.10396 1116
60.12408 958
60.14419 724
60.16431 562
60.18442 359
60.20453 319
60.22465 265
60.24476 249
60.26487 214
60.28499 222
60.3051 213
60.32522 244
60.34533 209
60.36544 201
60.38556 178
60.40567 170
60.42578 179
60.4459 185
60.46601 180
60.48612 170
60.50624 142
60.52635 149
60.54647 172
60.56658 131
60.58669 175
60.60681 169
60.62692 138
60.64703 155
60.66715 166
60.68726 139
60.70738 161
60.72749 171
60.7476 166
60.76772 159
60.78783 172
60.80794 155
60.82806 125
60.84817 149
60.86828 160
60.8884 144
60.90851 140
60.92863 150
60.94874 154
60.96885 139
60.98897 133
61.00908 156
61.02919 163
61.04931 170
61.06942 159
61.08954 122
61.10965 139
61.12976 140
61.14988 139
61.16999 152
61.1901 135
61.21022 147
61.23033 143
61.25045 156
61.27056 142
61.29067 152
61.31079 155
61.3309 145
61.35101 161
61.37113 142
61.39124 129
61.41135 138
61.43147 153
61.45158 162
61.4717 130
61.49181 155
61.51192 150
61.53204 158
61.55215 134
61.57226 157
61.59238 162
61.61249 158
61.63261 163
61.65272 141
61.67283 163
61.69295 141
61.71306 144
61.73317 141
61.75329 137
61.7734 157
61.79352 159
61.81363 160
61.83374 176
61.85386 169
61.87397 139
61.89408 148
61.9142 155
61.93431 156
61.95442 176
61.97454 163
61.99465 177
62.01477 177
62.03488 170
62.05499 174
62.07511 154
62.09522 164
62.11533 144
62.13545 142
62.15556 155
62.17568 152
62.19579 142
62.2159 174
62.23602 161
62.25613 175
62.27624 146
62.29636 165
62.31647 167
62.33659 191
62.3567 157
62.37681 184
62.39693 140
62.41704 145
62.43715 148
62.45727 152
62.47738 142
62.49749 148
62.51761 150
62.53772 131
62.55784 149
62.57795 130
62.59806 154
62.61818 132
62.63829 141
62.6584 149
62.67852 145
62.69863 154
62.71875 150
62.73886 133
62.75897 131
62.77909 130
62.7992 140
62.81931 139
62.83943 151
62.85954 130
62.87965 146
62.89977 151
62.91988 148
62.94 134
62.96011 130
62.98022 145
63.00034 143
63.02045 141
63.04056 145
63.06068 129
63.08079 152
63.10091 137
63.12102 128
63.14113 141
63.16125 147
63.18136 151
63.20147 144
63.22159 139
63.2417 145
63.26182 131
63.28193 135
63.30204 127
63.32216 122
63.34227 142
63.36238 148
63.3825 131
63.40261 126
63.42272 136
63.44284 122
63.46295 150
63.48307 146
63.50318 146
63.52329 131
63.54341 141
63.56352 133
63.58363 146
63.60375 161
63.62386 148
63.64398 138
63.66409 160
63.6842 136
63.70432 159
63.72443 173
63.74454 186
63.76466 195
63.78477 212
63.80489 210
63.825 207
63.84511 267
63.86523 265
63.88534 312
63.90545 348
63.92557 373
63.94568 448
63.96579 430
63.98591 510
64.00602 483
64.02614 482
64.04625 430
64.06636 373
64.08648 326
64.10659 300
64.1267 330
64.14682 308
64.16693 338
64.18705 332
64.20716 290
64.22727 245
64.24739 207
64.2675 174
64.28761 149
64.30773 158
64.32784 160
64.34796 177
64.36807 162
64.38818 147
64.4083 147
64.42841 110
64.44852 128
64.46864 144
64.48875 126
64.50886 130
64.52898 131
64.54909 141
64.56921 133
64.58932 134
64.60943 141
64.62955 130
64.64966 127
64.66977 138
64.68989 104
64.71 144
64.73012 151
64.75023 131
64.77034 131
64.79046 126
64.81057 127
64.83068 110
64.8508 133
64.87091 133
64.89102 129
64.91114 133
64.93125 126
64.95137 117
64.97148 148
64.99159 132
65.01171 129
65.03182 152
65.05193 126
65.07205 127
65.09216 134
65.11228 123
65.13239 135
65.1525 144
65.17262 129
65.19273 130
65.21284 135
65.23296 129
65.25307 148
65.27319 96
65.2933 124
65.31341 156
65.33353 133
65.35364 148
65.37375 160
65.39387 129
65.41398 134
65.43409 130
65.45421 129
65.47432 148
65.49444 131
65.51455 155
65.53466 151
65.55478 135
65.57489 145
65.595 190
65.61512 172
65.63523 172
65.65535 192
65.67546 197
65.69557 228
65.71569 222
65.7358 217
65.75591 218
65.77603 202
65.79614 187
65.81626 218
65.83637 181
65.85648 179
65.8766 186
65.89671 190
65.91682 157
65.93694 189
65.95705 171
65.97716 187
65.99728 160
66.01739 145
66.03751 140
66.05762 135
66.07773 122
66.09785 145
66.11796 112
66.13807 143
66.15819 120
66.1783 138
66.19842 118
66.21853 148
66.23864 154
66.25876 140
66.27887 159
66.29898 137
66.3191 137
66.33921 150
66.35933 152
66.37944 142
66.39955 146
66.41967 139
66.43978 146
66.45989 147
66.48001 142
66.50012 142
66.52023 153
66.54035 150
66.56046 164
66.58058 143
66.60069 146
66.6208 130
66.64092 133
66.66103 148
66.68114 138
66.70126 147
66.72137 163
66.74149 123
66.7616 142
66.78171 127
66.80183 127
66.82194 133
66.84205 144
66.86217 135
66.88228 167
66.90239 154
66.92251 172
66.94262 150
66.96274 151
66.98285 167
67.00296 154
67.02308 178
67.04319 163
67.0633 181
67.08342 162
67.10353 192
67.12365 150
67.14376 177
67.16387 186
67.18399 167
67.2041 168
67.22421 176
67.24433 198
67.26444 174
67.28456 191
67.30467 182
67.32478 195
67.3449 228
67.36501 232
67.38512 256
67.40524 244
67.42535 269
67.44546 269
67.46558 310
67.48569 324
67.50581 396
67.52592 477
67.54603 496
67.56615 590
67.58626 693
67.60637 818
67.62649 926
67.6466 1137
67.66672 1220
67.68683 1365
67.70694 1466
67.72706 1359
67.74717 1340
67.76728 1049
67.7874 862
67.80751 789
67.82763 845
67.84774 918
67.86785 945
67.88797 1006
67.90808 1064
67.92819 1033
67.94831 1023
67.96842 1017
67.98853 1048
68.00865 1086
68.02876 1184
68.04888 1423
68.06899 1570
68.0891 1774
68.10922 1803
68.12933 1755
68.14944 1627
68.16956 1532
68.18967 1428
68.20979 1426
68.2299 1550
68.25001 1586
68.27013 1702
68.29024 1715
68.31035 1635
68.33047 1362
68.35058 1054
68.3707 887
68.39081 769
68.41092 736
68.43104 655
68.45115 697
68.47126 620
68.49138 603
68.51149 500
68.5316 443
68.55172 331
68.57183 253
68.59195 234
68.61206 257
68.63217 210
68.65229 194
68.6724 204
68.69251 176
68.71263 191
68.73274 178
68.75286 171
68.77297 173
68.79308 171
68.8132 154
68.83331 152
68.85342 180
68.87354 144
68.89365 150
68.91376 156
68.93388 180
68.95399 144
68.97411 148
68.99422 169
69.01433 141
69.03445 165
69.05456 145
69.07467 142
69.09479 131
69.1149 146
69.13502 123
69.15513 153
69.17524 139
69.19536 124
69.21547 141
69.23558 141
69.2557 132
69.27581 131
69.29593 144
69.31604 137
69.33615 111
69.35627 147
69.37638 137
69.39649 142
69.41661 127
69.43672 147
69.45683 117
69.47695 124
69.49706 130
69.51718 111
69.53729 145
69.5574 135
69.57752 135
69.59763 149
69.61774 137
69.63786 135
69.65797 123
69.67809 113
69.6982 110
69.71831 136
69.73843 135
69.75854 145
69.77865 121
69.79877 119
69.81888 132
69.839 152
69.85911 132
69.87922 118
69.89934 112
69.91945 120
69.93956 123
69.95968 128
69.97979 108
69.9999 120
70.02002 116
70.04013 121
70.06025 140
70.08036 130
70.10047 130
70.12059 136
70.1407 126
70.16081 125
70.18093 118
70.20104 135
70.22116 154
70.24127 126
70.26138 127
70.2815 122
70.30161 132
70.32172 127
70.34184 130
70.36195 119
70.38207 106
70.40218 119
70.42229 131
70.44241 124
70.46252 94
70.48263 96
70.50275 127
70.52286 114
70.54297 123
70.56309 105
70.5832 129
70.60332 112
70.62343 126
70.64354 126
70.66366 134
70.68377 129
70.70388 132
70.724 124
70.74411 119
70.76423 114
70.78434 105
70.80445 125
70.82457 119
70.84468 130
70.86479 135
70.88491 126
70.90502 113
70.92513 116
70.94525 130
70.96536 134
70.98548 131
71.00559 121
71.0257 120
71.04582 131
71.06593 108
71.08604 119
71.10616 114
71.12627 116
71.14639 130
71.1665 114
71.18661 125
71.20673 132
71.22684 136
71.24695 111
71.26707 129
71.28718 127
71.3073 102
71.32741 113
71.34752 114
71.36764 121
71.38775 119
71.40786 102
71.42798 121
71.44809 129
71.4682 118
71.48832 124
71.50843 122
71.52855 130
71.54866 123
71.56877 111
71.58889 106
71.609 129
71.62911 112
71.64923 154
71.66934 126
71.68946 117
71.70957 98
71.72968 127
71.7498 137
71.76991 130
71.79002 124
71.81014 108
71.83025 138
71.85037 120
71.87048 129
71.89059 118
71.91071 131
71.93082 131
71.95093 115
71.97105 127
71.99116 122
72.01127 111
72.03139 132
72.0515 115
72.07162 109
72.09173 125
72.11184 123
72.13196 113
72.15207 134
72.17218 144
72.1923 119
72.21241 135
72.23253 111
72.25264 116
72.27275 140
72.29287 130
72.31298 118
72.33309 113
72.35321 120
72.37332 133
72.39344 122
72.41355 134
72.43366 114
72.45378 121
72.47389 128
72.494 112
72.51412 132
72.53423 126
72.55434 109
72.57446 124
72.59457 134
72.61469 130
72.6348 123
72.65491 111
72.67503 127
72.69514 135
72.71525 142
72.73537 129
72.75548 121
72.7756 139
72.79571 110
72.81582 140
72.83594 121
72.85605 126
72.87616 137
72.89628 138
72.91639 146
72.9365 150
72.95662 143
72.97673 146
72.99685 124
73.01696 163
73.03707 147
73.05719 150
73.0773 163
73.09741 135
73.11753 163
73.13764 171
73.15776 170
73.17787 163
73.19798 179
73.2181 196
73.23821 224
73.25832 221
73.27844 234
73.29855 273
73.31867 318
73.33878 387
73.35889 380
73.37901 413
73.39912 526
73.41923 516
73.43935 540
73.45946 467
73.47957 443
73.49969 372
73.5198 306
73.53992 267
73.56003 283
73.58014 304
73.60026 325
73.62037 324
73.64048 348
73.6606 329
73.68071 301
73.70083 245
73.72094 212
73.74105 193
73.76117 168
73.78128 133
73.80139 143
73.82151 139
73.84162 127
73.86174 145
73.88185 125
73.90196 137
73.92208 133
73.94219 131
73.9623 131
73.98242 137
74.00253 127
74.02264 143
74.04276 127
74.06287 122
74.08299 108
74.1031 125
74.12321 146
74.14333 114
74.16344 124
74.18355 124
74.20367 117
74.22378 115
74.2439 126
74.26401 109
74.28412 114
74.30424 137
74.32435 111
74.34446 123
74.36458 123
74.38469 138
74.40481 129
74.42492 120
74.44503 114
74.46515 103
74.48526 102
74.50537 129
74.52549 121
74.5456 120
74.56571 130
74.58583 126
74.60594 137
74.62606 128
74.64617 114
74.66628 125
74.6864 122
74.70651 111
74.72662 117
74.74674 108
74.76685 117
74.78697 117
74.80708 129
74.82719 124
74.84731 128
74.86742 114
74.88753 132
74.90765 121
74.92776 122
74.94787 110
74.96799 126
74.9881 102
75.00822 132
