3.00117 21577
3.02128 20570
3.0414 20090
3.06151 19324
3.08162 19062
3.10174 18406
3.12185 18197
3.14197 17622
3.16208 16840
3.18219 16352
3.20231 15880
3.22242 15574
3.24253 15443
3.26265 14620
3.28276 14018
3.30288 13880
3.32299 13169
3.3431 12975
3.36322 12307
3.38333 11890
3.40344 11830
3.42356 10949
3.44367 10930
3.46379 10292
3.4839 10088
3.50401 9778
3.52413 9229
3.54424 9080
3.56435 8613
3.58447 8547
3.60458 8001
3.62469 7654
3.64481 7639
3.66492 6881
3.68504 6829
3.70515 6688
3.72526 6495
3.74538 6187
3.76549 5838
3.7856 5404
3.80572 5355
3.82583 5091
3.84595 4955
3.86606 4673
3.88617 4457
3.90629 4248
3.9264 4141
3.94651 4001
3.96663 3767
3.98674 3605
4.00686 3416
4.02697 3242
4.04708 3114
4.0672 2903
4.08731 2757
4.10742 2818
4.12754 2596
4.14765 2524
4.16776 2269
4.18788 2205
4.20799 2259
4.22811 2147
4.24822 2101
4.26833 1803
4.28845 1803
4.30856 1908
4.32867 1735
4.34879 1729
4.3689 1554
4.38902 1564
4.40913 1544
4.42924 1531
4.44936 1431
4.46947 1345
4.48958 1392
4.5097 1390
4.52981 1313
4.54992 1327
4.57004 1191
4.59015 1246
4.61027 1186
4.63038 1236
4.65049 1109
4.67061 1069
4.69072 1084
4.71083 1056
4.73095 1056
4.75106 968
4.77118 965
4.79129 894
4.8114 938
4.83152 940
4.85163 885
4.87174 812
4.89186 785
4.91197 878
4.93209 806
4.9522 741
4.97231 764
4.99243 722
5.01254 744
5.03265 749
5.05277 639
5.07288 619
5.09299 601
5.11311 664
5.13322 661
5.15334 643
5.17345 543
5.19356 568
5.21368 587
5.23379 565
5.2539 510
5.27402 569
5.29413 522
5.31425 551
5.33436 554
5.35447 494
5.37459 451
5.3947 540
5.41481 469
5.43493 468
5.45504 468
5.47516 450
5.49527 412
5.51538 414
5.5355 451
5.55561 364
5.57572 424
5.59584 375
5.61595 355
5.63606 371
5.65618 345
5.67629 380
5.69641 319
5.71652 374
5.73663 300
5.75675 333
5.77686 286
5.79697 297
5.81709 308
5.8372 274
5.85732 303
5.87743 294
5.89754 274
5.91766 281
5.93777 310
5.95788 277
5.978 273
5.99811 267
6.01823 292
6.03834 247
6.05845 280
6.07857 271
6.09868 279
6.11879 268
6.13891 271
6.15902 254
6.17913 248
6.19925 248
6.21936 255
6.23948 216
6.25959 235
6.2797 255
6.29982 242
6.31993 238
6.34004 250
6.36016 254
6.38027 278
6.40039 272
6.4205 223
6.44061 212
6.46073 229
6.48084 242
6.50095 245
6.52107 216
6.54118 205
6.56129 264
6.58141 257
6.60152 232
6.62164 261
6.64175 244
6.66186 218
6.68198 243
6.70209 240
6.7222 225
6.74232 234
6.76243 248
6.78255 237
6.80266 246
6.82277 222
6.84289 208
6.863 220
6.88311 221
6.90323 212
6.92334 212
6.94346 206
6.96357 225
6.98368 235
7.0038 208
7.02391 211
7.04402 244
7.06414 223
7.08425 185
7.10436 218
7.12448 246
7.14459 238
7.16471 205
7.18482 204
7.20493 229
7.22505 214
7.24516 230
7.26527 195
7.28539 231
7.3055 220
7.32562 222
7.34573 226
7.36584 234
7.38596 225
7.40607 240
7.42618 228
7.4463 223
7.46641 218
7.48653 229
7.50664 235
7.52675 237
7.54687 247
7.56698 230
7.58709 240
7.60721 228
7.62732 217
7.64743 215
7.66755 233
7.68766 243
7.70778 203
7.72789 225
7.748 260
7.76812 221
7.78823 250
7.80834 210
7.82846 221
7.84857 237
7.86869 216
7.8888 217
7.90891 234
7.92903 205
7.94914 243
7.96925 240
7.98937 225
8.00948 227
8.0296 203
8.04971 239
8.06982 258
8.08994 208
8.11005 210
8.13016 212
8.15028 251
8.17039 215
8.1905 241
8.21062 240
8.23073 251
8.25085 224
8.27096 225
8.29107 264
8.31119 223
8.3313 237
8.35141 214
8.37153 235
8.39164 222
8.41176 241
8.43187 245
8.45198 252
8.4721 245
8.49221 232
8.51232 265
8.53244 229
8.55255 252
8.57266 252
8.59278 242
8.61289 258
8.63301 264
8.65312 222
8.67323 226
8.69335 262
8.71346 282
8.73357 277
8.75369 259
8.7738 281
8.79392 258
8.81403 249
8.83414 209
8.85426 238
8.87437 270
8.89448 257
8.9146 241
8.93471 256
8.95483 226
8.97494 262
8.99505 255
9.01517 235
9.03528 221
9.05539 229
9.07551 248
9.09562 242
9.11573 241
9.13585 228
9.15596 229
9.17608 272
9.19619 242
9.2163 218
9.23642 230
9.25653 222
9.27664 259
9.29676 225
9.31687 234
9.33699 237
9.3571 220
9.37721 213
9.39733 225
9.41744 249
9.43755 236
9.45767 242
9.47778 261
9.4979 233
9.51801 219
9.53812 231
9.55824 229
9.57835 224
9.59846 215
9.61858 220
9.63869 257
9.6588 253
9.67892 237
9.69903 208
9.71915 232
9.73926 220
9.75937 256
9.77949 251
9.7996 226
9.81971 224
9.83983 244
9.85994 199
9.88006 213
9.90017 209
9.92028 229
9.9404 194
9.96051 201
9.98062 208
10.00074 269
10.02085 247
10.04097 253
10.06108 252
10.08119 237
10.10131 214
10.12142 233
10.14153 221
10.16165 211
10.18176 241
10.20187 241
10.22199 235
10.2421 243
10.26222 238
10.28233 221
10.30244 218
10.32256 216
10.34267 235
10.36278 246
10.3829 254
10.40301 217
10.42313 225
10.44324 228
10.46335 231
10.48347 221
10.50358 252
10.52369 215
10.54381 263
10.56392 229
10.58403 249
10.60415 241
10.62426 237
10.64438 239
10.66449 257
10.6846 247
10.70472 215
10.72483 241
10.74494 239
10.76506 218
10.78517 237
10.80529 237
10.8254 237
10.84551 207
10.86563 218
10.88574 245
10.90585 257
10.92597 244
10.94608 261
10.9662 242
10.98631 189
11.00642 232
11.02654 218
11.04665 207
11.06676 230
11.08688 260
11.10699 252
11.1271 246
11.14722 226
11.16733 246
11.18745 257
11.20756 246
11.22767 243
11.24779 226
11.2679 254
11.28801 247
11.30813 230
11.32824 252
11.34836 228
11.36847 213
11.38858 228
11.4087 248
11.42881 240
11.44892 258
11.46904 221
11.48915 246
11.50927 272
11.52938 257
11.54949 253
11.56961 216
11.58972 258
11.60983 262
11.62995 279
11.65006 281
11.67017 242
11.69029 261
11.7104 279
11.73052 242
11.75063 285
11.77074 270
11.79086 261
11.81097 239
11.83108 239
11.8512 268
11.87131 287
11.89143 290
11.91154 269
11.93165 300
11.95177 301
11.97188 320
11.99199 308
12.01211 334
12.03222 298
12.05234 304
12.07245 348
12.09256 333
12.11268 373
12.13279 410
12.1529 377
12.17302 420
12.19313 420
12.21324 399
12.23336 420
12.25347 452
12.27359 402
12.2937 464
12.31381 435
12.33393 415
12.35404 444
12.37415 457
12.39427 441
12.41438 442
12.4345 434
12.45461 384
12.47472 397
12.49484 361
12.51495 351
12.53506 313
12.55518 327
12.57529 331
12.5954 315
12.61552 312
12.63563 280
12.65575 330
12.67586 311
12.69597 294
12.71609 284
12.7362 267
12.75631 245
12.77643 246
12.79654 271
12.81666 257
12.83677 230
12.85688 252
12.877 261
12.89711 242
12.91722 235
12.93734 191
12.95745 232
12.97757 226
12.99768 242
13.01779 230
13.03791 249
13.05802 242
13.07813 241
13.09825 272
13.11836 247
13.13847 255
13.15859 247
13.1787 243
13.19882 258
13.21893 236
13.23904 249
13.25916 244
13.27927 252
13.29938 243
13.3195 257
13.33961 259
13.35973 266
13.37984 261
13.39995 275
13.42007 246
13.44018 233
13.46029 236
13.48041 229
13.50052 217
13.52064 227
13.54075 263
13.56086 269
13.58098 311
13.60109 312
13.6212 356
13.64132 355
13.66143 381
13.68154 394
13.70166 351
13.72177 306
13.74189 285
13.762 259
13.78211 245
13.80223 236
13.82234 242
13.84245 214
13.86257 219
13.88268 199
13.9028 229
13.92291 209
13.94302 215
13.96314 215
13.98325 226
14.00336 216
14.02348 207
14.04359 210
14.06371 239
14.08382 205
14.10393 203
14.12405 224
14.14416 214
14.16427 194
14.18439 198
14.2045 217
14.22461 218
14.24473 207
14.26484 200
14.28496 211
14.30507 211
14.32518 199
14.3453 202
14.36541 214
14.38552 206
14.40564 177
14.42575 197
14.44587 210
14.46598 204
14.48609 229
14.50621 177
14.52632 207
14.54643 201
14.56655 205
14.58666 196
14.60677 195
14.62689 214
14.647 212
14.66712 216
14.68723 234
14.70734 179
14.72746 198
14.74757 189
14.76768 207
14.7878 205
14.80791 183
14.82803 200
14.84814 199
14.86825 213
14.88837 225
14.90848 253
14.92859 223
14.94871 248
14.96882 251
14.98894 262
15.00905 250
15.02916 250
15.04928 285
15.06939 272
15.0895 320
15.10962 305
15.12973 290
15.14984 269
15.16996 237
15.19007 260
15.21019 250
15.2303 238
15.25041 235
15.27053 196
15.29064 233
15.31075 189
15.33087 190
15.35098 200
15.3711 221
15.39121 208
15.41132 184
15.43144 175
15.45155 205
15.47166 221
15.49178 184
15.51189 202
15.53201 210
15.55212 184
15.57223 175
15.59235 198
15.61246 191
15.63257 206
15.65269 171
15.6728 218
15.69291 183
15.71303 212
15.73314 179
15.75326 220
15.77337 206
15.79348 185
15.8136 206
15.83371 183
15.85382 176
15.87394 218
15.89405 178
15.91417 205
15.93428 184
15.95439 169
15.97451 175
15.99462 198
16.01473 165
16.03485 168
16.05496 176
16.07508 190
16.09519 203
16.1153 219
16.13542 191
16.15553 173
16.17564 197
16.19576 182
16.21587 205
16.23598 181
16.2561 213
16.27621 198
16.29633 163
16.31644 195
16.33655 197
16.35667 176
16.37678 215
16.39689 187
16.41701 193
16.43712 204
16.45724 176
16.47735 204
16.49746 214
16.51758 188
16.53769 196
16.5578 178
16.57792 203
16.59803 204
16.61814 161
16.63826 191
16.65837 198
16.67849 229
16.6986 185
16.71871 211
16.73883 175
16.75894 230
16.77905 178
16.79917 202
16.81928 202
16.8394 168
16.85951 186
16.87962 170
16.89974 204
16.91985 187
16.93996 196
16.96008 208
16.98019 169
17.00031 203
17.02042 199
17.04053 199
17.06065 186
17.08076 189
17.10087 170
17.12099 172
17.1411 183
17.16121 159
17.18133 198
17.20144 197
17.22156 177
17.24167 167
17.26178 162
17.2819 177
17.30201 196
17.32212 194
17.34224 198
17.36235 190
17.38247 162
17.40258 189
17.42269 192
17.44281 195
17.46292 191
17.48303 210
17.50315 209
17.52326 194
17.54338 195
17.56349 184
17.5836 186
17.60372 210
17.62383 188
17.64394 195
17.66406 205
17.68417 183
17.70428 194
17.7244 180
17.74451 204
17.76463 209
17.78474 172
17.80485 186
17.82497 204
17.84508 175
17.86519 204
17.88531 215
17.90542 222
17.92554 196
17.94565 198
17.96576 183
17.98588 189
18.00599 212
18.0261 189
18.04622 188
18.06633 161
18.08645 185
18.10656 199
18.12667 175
18.14679 185
18.1669 237
18.18701 204
18.20713 191
18.22724 208
18.24735 188
18.26747 189
18.28758 215
18.3077 186
18.32781 203
18.34792 191
18.36804 204
18.38815 208
18.40826 201
18.42838 199
18.44849 189
18.46861 188
18.48872 189
18.50883 180
18.52895 215
18.54906 220
18.56917 191
18.58929 208
18.6094 156
18.62951 172
18.64963 168
18.66974 177
18.68986 176
18.70997 181
18.73008 200
18.7502 212
18.77031 222
18.79042 187
18.81054 224
18.83065 192
18.85077 182
18.87088 189
18.89099 224
18.91111 178
18.93122 178
18.95133 213
18.97145 210
18.99156 213
19.01168 206
19.03179 201
19.0519 176
19.07202 187
19.09213 223
19.11224 176
19.13236 207
19.15247 218
19.17258 204
19.1927 206
19.21281 174
19.23293 185
19.25304 257
19.27315 242
19.29327 240
19.31338 230
19.33349 248
19.35361 244
19.37372 232
19.39384 238
19.41395 242
19.43406 253
19.45418 228
19.47429 241
19.4944 233
19.51452 238
19.53463 235
19.55475 233
19.57486 219
19.59497 241
19.61509 230
19.6352 252
19.65531 248
19.67543 244
19.69554 259
19.71565 281
19.73577 304
19.75588 321
19.776 312
19.79611 345
19.81622 371
19.83634 393
19.85645 425
19.87656 403
19.89668 438
19.91679 447
19.93691 441
19.95702 525
19.97713 545
19.99725 516
20.01736 528
20.03747 518
20.05759 466
20.0777 463
20.09782 391
20.11793 379
20.13804 377
20.15816 447
20.17827 378
20.19838 369
20.2185 389
20.23861 414
20.25872 444
20.27884 368
20.29895 390
20.31907 399
20.33918 385
20.35929 405
20.37941 386
20.39952 399
20.41963 381
20.43975 431
20.45986 444
20.47998 393
20.50009 439
20.5202 420
20.54032 458
20.56043 443
20.58054 460
20.60066 451
20.62077 483
20.64088 473
20.661 541
20.68111 600
20.70123 635
20.72134 777
20.74145 1037
20.76157 1424
20.78168 2044
20.80179 2912
20.82191 3953
20.84202 5019
20.86214 5730
20.88225 5608
20.90236 4628
20.92248 3439
20.94259 2490
20.9627 1757
20.98282 1400
21.00293 1387
21.02305 1523
21.04316 1540
21.06327 1333
21.08339 1107
21.1035 954
21.12361 830
21.14373 638
21.16384 569
21.18395 498
21.20407 456
21.22418 445
21.2443 420
21.26441 423
21.28452 423
21.30464 402
21.32475 410
21.34486 406
21.36498 400
21.38509 370
21.40521 367
21.42532 380
21.44543 376
21.46555 364
21.48566 393
21.50577 342
21.52589 370
21.546 341
21.56612 375
21.58623 360
21.60634 321
21.62646 350
21.64657 365
21.66668 341
21.6868 327
21.70691 264
21.72702 318
21.74714 316
21.76725 351
21.78737 312
21.80748 323
21.82759 303
21.84771 308
21.86782 304
21.88793 299
21.90805 360
21.92816 355
21.94828 372
21.96839 379
21.9885 395
22.00862 355
22.02873 384
22.04884 382
22.06896 372
22.08907 336
22.10919 310
22.1293 313
22.14941 314
22.16953 326
22.18964 318
22.20975 271
22.22987 355
22.24998 312
22.27009 354
22.29021 391
22.31032 383
22.33044 407
22.35055 423
22.37066 382
22.39078 445
22.41089 451
22.431 439
22.45112 441
22.47123 436
22.49135 466
22.51146 446
22.53157 428
22.55169 395
22.5718 426
22.59191 393
22.61203 386
22.63214 351
22.65225 365
22.67237 335
22.69248 327
22.7126 321
22.73271 274
22.75282 286
22.77294 310
22.79305 301
22.81316 267
22.83328 290
22.85339 288
22.87351 305
22.89362 285
22.91373 331
22.93385 326
22.95396 313
22.97407 317
22.99419 338
23.0143 366
23.03442 379
23.05453 408
23.07464 395
23.09476 400
23.11487 438
23.13498 417
23.1551 413
23.17521 436
23.19532 436
23.21544 476
23.23555 444
23.25567 482
23.27578 445
23.29589 421
23.31601 433
23.33612 373
23.35623 443
23.37635 432
23.39646 431
23.41658 506
23.43669 464
23.4568 535
23.47692 542
23.49703 546
23.51714 540
23.53726 600
23.55737 604
23.57749 637
23.5976 619
23.61771 616
23.63783 625
23.65794 598
23.67805 566
23.69817 533
23.71828 468
23.73839 494
23.75851 498
23.77862 462
23.79874 428
23.81885 406
23.83896 430
23.85908 384
23.87919 441
23.8993 458
23.91942 497
23.93953 460
23.95965 521
23.97976 496
23.99987 520
24.01999 441
24.0401 479
24.06021 394
24.08033 404
24.10044 365
24.12056 336
24.14067 304
24.16078 307
24.1809 317
24.20101 327
24.22112 320
24.24124 333
24.26135 373
24.28146 354
24.30158 425
24.32169 409
24.34181 414
24.36192 403
24.38203 455
24.40215 370
24.42226 363
24.44237 380
24.46249 395
24.4826 391
24.50272 426
24.52283 404
24.54294 398
24.56306 420
24.58317 458
24.60328 438
24.6234 472
24.64351 454
24.66362 490
24.68374 536
24.70385 478
24.72397 479
24.74408 480
24.76419 487
24.78431 485
24.80442 481
24.82453 489
24.84465 488
24.86476 492
24.88488 477
24.90499 517
24.9251 517
24.94522 464
24.96533 459
24.98544 462
25.00556 454
25.02567 449
25.04579 421
25.0659 422
25.08601 408
25.10613 414
25.12624 444
25.14635 454
25.16647 417
25.18658 415
25.20669 459
25.22681 437
25.24692 471
25.26704 421
25.28715 432
25.30726 437
25.32738 461
25.34749 433
25.3676 402
25.38772 405
25.40783 398
25.42795 410
25.44806 466
25.46817 454
25.48829 565
25.5084 629
25.52851 701
25.54863 809
25.56874 850
25.58886 972
25.60897 976
25.62908 976
25.6492 969
25.66931 890
25.68942 772
25.70954 720
25.72965 555
25.74976 550
25.76988 494
25.78999 484
25.81011 438
25.83022 392
25.85033 435
25.87045 389
25.89056 438
25.91067 424
25.93079 465
25.9509 394
25.97102 396
25.99113 414
26.01124 412
26.03136 418
26.05147 438
26.07158 476
26.0917 486
26.11181 489
26.13193 475
26.15204 550
26.17215 505
26.19227 589
26.21238 541
26.23249 633
26.25261 636
26.27272 707
26.29283 738
26.31295 803
26.33306 850
26.35318 922
26.37329 1064
26.3934 1162
26.41352 1325
26.43363 1645
26.45374 1915
26.47386 2480
26.49397 3288
26.51409 4350
26.5342 6133
26.55431 8497
26.57443 12207
26.59454 17032
26.61465 21880
26.63477 25344
26.65488 24399
26.67499 19761
26.69511 15204
26.71522 11785
26.73534 8207
26.75545 4765
26.77556 2558
26.79568 1844
26.81579 1610
26.8359 1502
26.85602 1404
26.87613 1394
26.89625 1299
26.91636 1395
26.93647 1380
26.95659 1452
26.9767 1425
26.99681 1449
27.01693 1540
27.03704 1577
27.05716 1644
27.07727 1638
27.09738 1473
27.1175 1371
27.13761 1162
27.15772 1026
27.17784 865
27.19795 809
27.21806 748
27.23818 691
27.25829 676
27.27841 698
27.29852 702
27.31863 761
27.33875 875
27.35886 978
27.37897 1160
27.39909 1346
27.4192 1649
27.43932 1928
27.45943 2214
27.47954 2285
27.49966 2301
27.51977 2028
27.53988 1781
27.56 1484
27.58011 1274
27.60023 877
27.62034 669
27.64045 536
27.66057 513
27.68068 470
27.70079 504
27.72091 499
27.74102 498
27.76113 573
27.78125 505
27.80136 507
27.82148 510
27.84159 493
27.8617 543
27.88182 454
27.90193 492
27.92204 502
27.94216 494
27.96227 458
27.98239 451
28.0025 463
28.02261 411
28.04273 415
28.06284 371
28.08295 395
28.10307 357
28.12318 312
28.1433 311
28.16341 307
28.18352 320
28.20364 320
28.22375 319
28.24386 329
28.26398 334
28.28409 320
28.3042 322
28.32432 308
28.34443 290
28.36455 274
28.38466 293
28.40477 289
28.42489 288
28.445 289
28.46511 279
28.48523 256
28.50534 270
28.52546 279
28.54557 264
28.56568 298
28.5858 268
28.60591 260
28.62602 276
28.64614 282
28.66625 252
28.68636 277
28.70648 282
28.72659 250
28.74671 253
28.76682 277
28.78693 272
28.80705 248
28.82716 242
28.84727 267
28.86739 279
28.8875 245
28.90762 258
28.92773 252
28.94784 282
28.96796 276
28.98807 259
29.00818 246
29.0283 301
29.04841 252
29.06853 286
29.08864 252
29.10875 219
29.12887 245
29.14898 225
29.16909 262
29.18921 303
29.20932 263
29.22943 281
29.24955 291
29.26966 281
29.28978 285
29.30989 265
29.33 274
29.35012 311
29.37023 289
29.39034 319
29.41046 360
29.43057 348
29.45069 396
29.4708 385
29.49091 375
29.51103 364
29.53114 344
29.55125 365
29.57137 380
29.59148 370
29.6116 385
29.63171 361
29.65182 361
29.67194 422
29.69205 398
29.71216 455
29.73228 476
29.75239 499
29.7725 527
29.79262 466
29.81273 547
29.83285 562
29.85296 542
29.87307 512
29.89319 486
29.9133 555
29.93341 477
29.95353 450
29.97364 429
29.99376 413
30.01387 415
30.03398 445
30.0541 386
30.07421 415
30.09432 416
30.11444 408
30.13455 406
30.15467 435
30.17478 418
30.19489 444
30.21501 407
30.23512 404
30.25523 381
30.27535 372
30.29546 336
30.31557 354
30.33569 333
30.3558 346
30.37592 333
30.39603 349
30.41614 333
30.43626 356
30.45637 374
30.47648 331
30.4966 347
30.51671 332
30.53683 299
30.55694 305
30.57705 296
30.59717 310
30.61728 306
30.63739 316
30.65751 348
30.67762 370
30.69773 427
30.71785 460
30.73796 519
30.75808 595
30.77819 629
30.7983 677
30.81842 674
30.83853 635
30.85864 576
30.87876 535
30.89887 464
30.91899 416
30.9391 400
30.95921 324
30.97933 296
30.99944 280
31.01955 233
31.03967 229
31.05978 257
31.0799 219
31.10001 200
31.12012 210
31.14024 230
31.16035 234
31.18046 242
31.20058 219
31.22069 221
31.2408 234
31.26092 209
31.28103 233
31.30115 211
31.32126 227
31.34137 253
31.36149 232
31.3816 235
31.40171 222
31.42183 227
31.44194 221
31.46206 248
31.48217 232
31.50228 198
31.5224 249
31.54251 212
31.56262 235
31.58274 243
31.60285 232
31.62297 211
31.64308 224
31.66319 216
31.68331 212
31.70342 200
31.72353 225
31.74365 210
31.76376 228
31.78387 221
31.80399 206
31.8241 214
31.84422 232
31.86433 202
31.88444 199
31.90456 221
31.92467 198
31.94478 238
31.9649 224
31.98501 237
32.00513 250
32.02524 206
32.04535 204
32.06547 208
32.08558 281
32.10569 243
32.12581 267
32.14592 304
32.16604 294
32.18615 314
32.20626 317
32.22638 360
32.24649 357
32.2666 352
32.28672 391
32.30683 379
32.32694 394
32.34706 347
32.36717 367
32.38729 350
32.4074 340
32.42751 324
32.44763 333
32.46774 308
32.48785 320
32.50797 274
32.52808 286
32.5482 255
32.56831 252
32.58842 242
32.60854 220
32.62865 190
32.64876 203
32.66888 228
32.68899 226
32.7091 221
32.72922 217
32.74933 234
32.76945 182
32.78956 205
32.80967 216
32.82979 205
32.8499 193
32.87001 224
32.89013 225
32.91024 208
32.93036 227
32.95047 202
32.97058 203
32.9907 233
33.01081 213
33.03092 213
33.05104 230
33.07115 223
33.09127 206
33.11138 237
33.13149 196
33.15161 215
33.17172 219
33.19183 196
33.21195 197
33.23206 211
33.25217 223
33.27229 184
33.2924 216
33.31252 197
33.33263 192
33.35274 207
33.37286 189
33.39297 200
33.41308 218
33.4332 200
33.45331 212
33.47343 207
33.49354 200
33.51365 222
33.53377 222
33.55388 207
33.57399 194
33.59411 193
33.61422 210
33.63434 209
33.65445 220
33.67456 197
33.69468 220
33.71479 218
33.7349 232
33.75502 220
33.77513 226
33.79524 238
33.81536 248
33.83547 241
33.85559 217
33.8757 219
33.89581 240
33.91593 214
33.93604 231
33.95615 232
33.97627 246
33.99638 218
34.0165 221
34.03661 236
34.05672 233
34.07684 225
34.09695 253
34.11706 245
34.13718 300
34.15729 321
34.17741 321
34.19752 324
34.21763 346
34.23775 375
34.25786 329
34.27797 348
34.29809 342
34.3182 330
34.33831 368
34.35843 325
34.37854 340
34.39866 338
34.41877 324
34.43888 352
34.459 354
34.47911 375
34.49922 370
34.51934 356
34.53945 380
34.55957 319
34.57968 366
34.59979 357
34.61991 377
34.64002 311
34.66013 358
34.68025 319
34.70036 356
34.72047 378
34.74059 400
34.7607 398
34.78082 416
34.80093 391
34.82104 433
34.84116 453
34.86127 417
34.88138 454
34.9015 445
34.92161 451
34.94173 436
34.96184 460
34.98195 463
35.00207 442
35.02218 452
35.04229 460
35.06241 446
35.08252 457
35.10264 445
35.12275 474
35.14286 397
35.16298 386
35.18309 377
35.2032 360
35.22332 375
35.24343 373
35.26354 427
35.28366 395
35.30377 347
35.32389 375
35.344 369
35.36411 403
35.38423 349
35.40434 376
35.42445 425
35.44457 394
35.46468 410
35.4848 391
35.50491 465
35.52502 510
35.54514 473
35.56525 483
35.58536 508
35.60548 501
35.62559 472
35.64571 449
35.66582 440
35.68593 405
35.70605 357
35.72616 372
35.74627 369
35.76639 368
35.7865 349
35.80661 338
35.82673 329
35.84684 356
35.86696 356
35.88707 333
35.90718 356
35.9273 322
35.94741 291
35.96752 296
35.98764 333
36.00775 315
36.02787 308
36.04798 303
36.06809 309
36.08821 292
36.10832 285
36.12843 301
36.14855 323
36.16866 278
36.18878 265
36.20889 312
36.229 297
36.24912 277
36.26923 284
36.28934 305
36.30946 319
36.32957 349
36.34968 371
36.3698 429
36.38991 481
36.41003 581
36.43014 677
36.45025 839
36.47037 1075
36.49048 1442
36.51059 1726
36.53071 1837
36.55082 1778
36.57094 1454
36.59105 1130
36.61116 1076
36.63128 1006
36.65139 905
36.6715 651
36.69162 457
36.71173 363
36.73184 373
36.75196 319
36.77207 311
36.79219 310
36.8123 295
36.83241 303
36.85253 272
36.87264 336
36.89275 322
36.91287 307
36.93298 322
36.9531 330
36.97321 337
36.99332 325
37.01344 362
37.03355 334
37.05366 338
37.07378 344
37.09389 309
37.11401 323
37.13412 371
37.15423 300
37.17435 300
37.19446 336
37.21457 326
37.23469 280
37.2548 306
37.27491 278
37.29503 270
37.31514 304
37.33526 292
37.35537 284
37.37548 272
37.3956 287
37.41571 293
37.43582 249
37.45594 269
37.47605 275
37.49617 251
37.51628 259
37.53639 279
37.55651 272
37.57662 280
37.59673 285
37.61685 303
37.63696 281
37.65708 294
37.67719 300
37.6973 304
37.71742 287
37.73753 292
37.75764 287
37.77776 296
37.79787 314
37.81798 255
37.8381 296
37.85821 275
37.87833 278
37.89844 258
37.91855 265
37.93867 257
37.95878 245
37.97889 271
37.99901 309
38.01912 282
38.03924 239
38.05935 278
38.07946 279
38.09958 272
38.11969 304
38.1398 290
38.15992 275
38.18003 272
38.20015 294
38.22026 261
38.24037 297
38.26049 278
38.2806 287
38.30071 280
38.32083 297
38.34094 300
38.36105 299
38.38117 323
38.40128 300
38.4214 322
38.44151 325
38.46162 356
38.48174 351
38.50185 379
38.52196 390
38.54208 404
38.56219 409
38.58231 409
38.60242 407
38.62253 405
38.64265 345
38.66276 342
38.68287 308
38.70299 319
38.7231 307
38.74321 281
38.76333 289
38.78344 279
38.80356 244
38.82367 296
38.84378 246
38.8639 241
38.88401 252
38.90412 258
38.92424 268
38.94435 247
38.96447 248
38.98458 270
39.00469 268
39.02481 283
39.04492 291
39.06503 273
39.08515 253
39.10526 305
39.12538 270
39.14549 290
39.1656 295
39.18572 330
39.20583 305
39.22594 321
39.24606 337
39.26617 370
39.28628 394
39.3064 446
39.32651 549
39.34663 605
39.36674 776
39.38685 1015
39.40697 1239
39.42708 1407
39.44719 1635
39.46731 1661
39.48742 1424
39.50754 1038
39.52765 997
39.54776 927
39.56788 914
39.58799 765
39.6081 453
39.62822 337
39.64833 303
39.66845 287
39.68856 272
39.70867 265
39.72879 253
39.7489 252
39.76901 228
39.78913 250
39.80924 235
39.82935 259
39.84947 238
39.86958 231
39.8897 238
39.90981 247
39.92992 260
39.95004 265
39.97015 238
39.99026 263
40.01038 229
40.03049 232
40.05061 281
40.07072 281
40.09083 265
40.11095 331
40.13106 333
40.15117 371
40.17129 453
40.1914 510
40.21152 608
40.23163 729
40.25174 794
40.27186 893
40.29197 867
40.31208 761
40.3322 673
40.35231 600
40.37242 555
40.39254 560
40.41265 454
40.43277 343
40.45288 286
40.47299 278
40.49311 255
40.51322 247
40.53333 251
40.55345 247
40.57356 248
40.59368 234
40.61379 237
40.6339 218
40.65402 243
40.67413 237
40.69424 240
40.71436 206
40.73447 236
40.75458 226
40.7747 211
40.79481 222
40.81493 229
40.83504 215
40.85515 222
40.87527 227
40.89538 253
40.91549 191
40.93561 219
40.95572 239
40.97584 226
40.99595 230
41.01606 244
41.03618 214
41.05629 246
41.0764 235
41.09652 243
41.11663 227
41.13675 224
41.15686 222
41.17697 216
41.19709 236
41.2172 208
41.23731 253
41.25743 250
41.27754 255
41.29765 213
41.31777 215
41.33788 234
41.358 234
41.37811 246
41.39822 247
41.41834 208
41.43845 224
41.45856 238
41.47868 251
41.49879 246
41.51891 257
41.53902 245
41.55913 264
41.57925 264
41.59936 272
41.61947 278
41.63959 339
41.6597 346
41.67982 379
41.69993 432
41.72004 497
41.74016 463
41.76027 554
41.78038 545
41.8005 463
41.82061 470
41.84072 408
41.86084 400
41.88095 388
41.90107 358
41.92118 303
41.94129 312
41.96141 275
41.98152 236
42.00163 259
42.02175 250
42.04186 252
42.06198 257
42.08209 268
42.1022 244
42.12232 258
42.14243 234
42.16254 252
42.18266 262
42.20277 247
42.22289 301
42.243 308
42.26311 349
42.28323 389
42.30334 459
42.32345 545
42.34357 605
42.36368 737
42.38379 925
42.40391 1088
42.42402 1260
42.44414 1238
42.46425 1103
42.48436 872
42.50448 792
42.52459 709
42.5447 745
42.56482 654
42.58493 535
42.60505 415
42.62516 328
42.64527 297
42.66539 314
42.6855 299
42.70561 282
42.72573 273
42.74584 299
42.76595 298
42.78607 280
42.80618 265
42.8263 291
42.84641 271
42.86652 259
42.88664 252
42.90675 247
42.92686 251
42.94698 254
42.96709 232
42.98721 214
43.00732 210
43.02743 199
43.04755 194
43.06766 224
43.08777 218
43.10789 212
43.128 200
43.14812 226
43.16823 209
43.18834 201
43.20846 236
43.22857 188
43.24868 190
43.2688 193
43.28891 201
43.30902 187
43.32914 181
43.34925 200
43.36937 200
43.38948 178
43.40959 201
43.42971 200
43.44982 221
43.46993 195
43.49005 178
43.51016 222
43.53028 236
43.55039 205
43.5705 253
43.59062 241
43.61073 247
43.63084 249
43.65096 244
43.67107 229
43.69119 231
43.7113 236
43.73141 240
43.75153 241
43.77164 263
43.79175 245
43.81187 240
43.83198 233
43.85209 238
43.87221 239
43.89232 225
43.91244 213
43.93255 202
43.95266 216
43.97278 225
43.99289 233
44.013 196
44.03312 225
44.05323 237
44.07335 249
44.09346 233
44.11357 209
44.13369 215
44.1538 219
44.17391 220
44.19403 234
44.21414 213
44.23426 210
44.25437 214
44.27448 197
44.2946 186
44.31471 192
44.33482 177
44.35494 208
44.37505 190
44.39516 190
44.41528 208
44.43539 203
44.45551 204
44.47562 190
44.49573 182
44.51585 198
44.53596 187
44.55607 208
44.57619 190
44.5963 207
44.61642 202
44.63653 187
44.65664 190
44.67676 201
44.69687 195
44.71698 195
44.7371 178
44.75721 185
44.77732 245
44.79744 187
44.81755 195
44.83767 216
44.85778 198
44.87789 220
44.89801 216
44.91812 207
44.93823 219
44.95835 219
44.97846 207
44.99858 230
45.01869 245
45.0388 235
45.05892 239
45.07903 254
45.09914 242
45.11926 213
45.13937 236
45.15949 237
45.1796 228
45.19971 224
45.21983 252
45.23994 212
45.26005 228
45.28017 239
45.30028 232
45.32039 229
45.34051 225
45.36062 246
45.38074 224
45.40085 267
45.42096 279
45.44108 247
45.46119 262
45.4813 277
45.50142 295
45.52153 297
45.54165 333
45.56176 345
45.58187 319
45.60199 373
45.6221 397
45.64221 376
45.66233 417
45.68244 527
45.70256 587
45.72267 683
45.74278 790
45.7629 820
45.78301 868
45.80312 820
45.82324 703
45.84335 564
45.86346 571
45.88358 550
45.90369 564
45.92381 545
45.94392 407
45.96403 333
45.98415 292
46.00426 267
46.02437 245
46.04449 267
46.0646 270
46.08472 248
46.10483 259
46.12494 235
46.14506 234
46.16517 237
46.18528 234
46.2054 203
46.22551 257
46.24563 249
46.26574 221
46.28585 233
46.30597 215
46.32608 205
46.34619 197
46.36631 198
46.38642 211
46.40653 223
46.42665 197
46.44676 196
46.46688 192
46.48699 201
46.5071 207
46.52722 186
46.54733 193
46.56744 196
46.58756 198
46.60767 215
46.62779 206
46.6479 196
46.66801 199
46.68813 187
46.70824 206
46.72835 221
46.74847 174
46.76858 222
46.78869 213
46.80881 206
46.82892 212
46.84904 205
46.86915 198
46.88926 177
46.90938 231
46.92949 197
46.9496 229
46.96972 200
46.98983 217
47.00995 237
47.03006 224
47.05017 254
47.07029 252
47.0904 261
47.11051 306
47.13063 279
47.15074 305
47.17086 286
47.19097 263
47.21108 256
47.2312 261
47.25131 270
47.27142 271
47.29154 282
47.31165 274
47.33176 246
47.35188 253
47.37199 269
47.39211 251
47.41222 265
47.43233 255
47.45245 244
47.47256 292
47.49267 315
47.51279 258
47.5329 250
47.55302 262
47.57313 247
47.59324 249
47.61336 225
47.63347 231
47.65358 234
47.6737 212
47.69381 196
47.71393 218
47.73404 205
47.75415 197
47.77427 214
47.79438 214
47.81449 169
47.83461 196
47.85472 206
47.87483 207
47.89495 225
47.91506 230
47.93518 209
47.95529 190
47.9754 227
47.99552 222
48.01563 193
48.03574 224
48.05586 184
48.07597 200
48.09609 172
48.1162 207
48.13631 203
48.15643 216
48.17654 229
48.19665 198
48.21677 181
48.23688 203
48.257 206
48.27711 198
48.29722 187
48.31734 206
48.33745 203
48.35756 201
48.37768 218
48.39779 193
48.4179 207
48.43802 175
48.45813 194
48.47825 188
48.49836 193
48.51847 182
48.53859 230
48.5587 199
48.57881 176
48.59893 217
48.61904 194
48.63916 206
48.65927 193
48.67938 182
48.6995 195
48.71961 216
48.73972 231
48.75984 222
48.77995 236
48.80006 244
48.82018 224
48.84029 220
48.86041 253
48.88052 247
48.90063 251
48.92075 249
48.94086 276
48.96097 306
48.98109 271
49.0012 253
49.02132 257
49.04143 246
49.06154 263
49.08166 225
49.10177 238
49.12188 252
49.142 285
49.16211 251
49.18223 240
49.20234 220
49.22245 201
49.24257 194
49.26268 237
49.28279 212
49.30291 222
49.32302 198
49.34313 234
49.36325 222
49.38336 184
49.40348 226
49.42359 220
49.4437 208
49.46382 237
49.48393 211
49.50404 203
49.52416 213
49.54427 214
49.56439 224
49.5845 217
49.60461 215
49.62473 212
49.64484 230
49.66495 223
49.68507 214
49.70518 231
49.7253 252
49.74541 258
49.76552 299
49.78564 318
49.80575 323
49.82586 314
49.84598 320
49.86609 377
49.8862 382
49.90632 434
49.92643 433
49.94655 533
49.96666 631
49.98677 745
50.00689 909
50.027 1195
50.04711 1442
50.06723 1774
50.08734 2171
50.10746 2481
50.12757 2509
50.14768 2249
50.1678 1684
50.18791 1386
50.20802 1265
50.22814 1334
50.24825 1333
50.26837 1339
50.28848 1039
50.30859 732
50.32871 536
50.34882 395
50.36893 366
50.38905 374
50.40916 385
50.42927 403
50.44939 432
50.4695 452
50.48962 539
50.50973 504
50.52984 561
50.54996 545
50.57007 614
50.59018 531
50.6103 527
50.63041 533
50.65053 526
50.67064 509
50.69075 441
50.71087 459
50.73098 456
50.75109 440
50.77121 417
50.79132 377
50.81143 397
50.83155 338
50.85166 310
50.87178 302
50.89189 303
50.912 277
50.93212 274
50.95223 252
50.97234 258
50.99246 265
51.01257 215
51.03269 213
51.0528 252
51.07291 221
51.09303 231
51.11314 209
51.13325 214
51.15337 229
51.17348 220
51.1936 216
51.21371 183
51.23382 202
51.25394 224
51.27405 228
51.29416 208
51.31428 198
51.33439 233
51.3545 213
51.37462 212
51.39473 202
51.41485 199
51.43496 201
51.45507 204
51.47519 195
51.4953 203
51.51541 180
51.53553 181
51.55564 160
51.57576 195
51.59587 191
51.61598 179
51.6361 184
51.65621 182
51.67632 173
51.69644 193
51.71655 173
51.73667 190
51.75678 173
51.77689 175
51.79701 169
51.81712 178
51.83723 186
51.85735 190
51.87746 190
51.89757 193
51.91769 182
51.9378 161
51.95792 186
51.97803 193
51.99814 186
52.01826 168
52.03837 199
52.05848 179
52.0786 202
52.09871 175
52.11883 199
52.13894 233
52.15905 182
52.17917 197
52.19928 208
52.21939 189
52.23951 199
52.25962 169
52.27974 188
52.29985 211
52.31996 196
52.34008 219
52.36019 203
52.3803 179
52.40042 174
52.42053 180
52.44064 204
52.46076 208
52.48087 169
52.50099 205
52.5211 193
52.54121 185
52.56133 210
52.58144 197
52.60155 187
52.62167 201
52.64178 195
52.6619 183
52.68201 198
52.70212 188
52.72224 194
52.74235 176
52.76246 179
52.78258 191
52.80269 192
52.8228 169
52.84292 162
52.86303 195
52.88315 179
52.90326 177
52.92337 199
52.94349 197
52.9636 188
52.98371 185
53.00383 193
53.02394 194
53.04406 176
53.06417 207
53.08428 189
53.1044 221
53.12451 201
53.14462 183
53.16474 202
53.18485 219
53.20497 174
53.22508 188
53.24519 219
53.26531 226
53.28542 222
53.30553 219
53.32565 246
53.34576 243
53.36587 263
53.38599 274
53.4061 258
53.42622 253
53.44633 272
53.46644 246
53.48656 254
53.50667 222
53.52678 223
53.5469 244
53.56701 238
53.58713 211
53.60724 218
53.62735 201
53.64747 217
53.66758 187
53.68769 235
53.70781 202
53.72792 211
53.74804 189
53.76815 230
53.78826 226
53.80838 227
53.82849 214
53.8486 214
53.86872 219
53.88883 221
53.90894 195
53.92906 212
53.94917 215
53.96929 201
53.9894 231
54.00951 197
54.02963 219
54.04974 201
54.06985 221
54.08997 216
54.11008 198
54.1302 228
54.15031 233
54.17042 218
54.19054 194
54.21065 209
54.23076 240
54.25088 220
54.27099 221
54.29111 192
54.31122 225
54.33133 249
54.35145 222
54.37156 230
54.39167 216
54.41179 241
54.4319 261
54.45201 252
54.47213 219
54.49224 216
54.51236 260
54.53247 261
54.55258 229
54.5727 270
54.59281 268
54.61292 254
54.63304 278
54.65315 294
54.67327 334
54.69338 342
54.71349 359
54.73361 412
54.75372 479
54.77383 594
54.79395 679
54.81406 804
54.83417 785
54.85429 824
54.8744 801
54.89452 717
54.91463 564
54.93474 531
54.95486 498
54.97497 574
54.99508 526
55.0152 519
55.03531 491
55.05543 407
55.07554 319
55.09565 285
55.11577 282
55.13588 298
55.15599 280
55.17611 280
55.19622 334
55.21634 336
55.23645 410
55.25656 421
55.27668 484
55.29679 466
55.3169 484
55.33702 474
55.35713 387
55.37724 357
55.39736 349
55.41747 373
55.43759 390
55.4577 357
55.47781 322
55.49793 338
55.51804 316
55.53815 292
55.55827 282
55.57838 273
55.5985 240
55.61861 238
55.63872 256
55.65884 246
55.67895 244
55.69906 230
55.71918 222
55.73929 231
55.75941 233
55.77952 219
55.79963 223
55.81975 219
55.83986 224
55.85997 196
55.88009 187
55.9002 218
55.92031 213
55.94043 194
55.96054 207
55.98066 201
56.00077 217
56.02088 189
56.041 218
56.06111 216
56.08122 207
56.10134 194
56.12145 200
56.14157 192
56.16168 202
56.18179 196
56.20191 207
56.22202 218
56.24213 180
56.26225 187
56.28236 203
56.30248 192
56.32259 204
56.3427 191
56.36282 205
56.38293 177
56.40304 191
56.42316 186
56.44327 185
56.46338 193
56.4835 224
56.50361 200
56.52373 209
56.54384 193
56.56395 224
56.58407 204
56.60418 198
56.62429 200
56.64441 224
56.66452 240
56.68464 232
56.70475 242
56.72486 203
56.74498 218
56.76509 237
56.7852 216
56.80532 203
56.82543 212
56.84554 198
56.86566 194
56.88577 173
56.90589 219
56.926 190
56.94611 193
56.96623 175
56.98634 195
57.00645 195
57.02657 183
57.04668 180
57.0668 185
57.08691 188
57.10702 208
57.12714 204
57.14725 204
57.16736 190
57.18748 224
57.20759 227
57.22771 212
57.24782 227
57.26793 212
57.28805 215
57.30816 192
57.32827 201
57.34839 192
57.3685 234
57.38861 210
57.40873 206
57.42884 191
57.44896 195
57.46907 190
57.48918 199
57.5093 215
57.52941 189
57.54952 219
57.56964 185
57.58975 199
57.60987 185
57.62998 191
57.65009 185
57.67021 192
57.69032 179
57.71043 214
57.73055 197
57.75066 182
57.77078 197
57.79089 181
57.811 179
57.83112 176
57.85123 193
57.87134 189
57.89146 198
57.91157 174
57.93168 208
57.9518 178
57.97191 188
57.99203 199
58.01214 166
58.03225 175
58.05237 205
58.07248 188
58.09259 170
58.11271 171
58.13282 179
58.15294 193
58.17305 190
58.19316 222
58.21328 204
58.23339 181
58.2535 187
58.27362 186
58.29373 175
58.31385 186
58.33396 166
58.35407 167
58.37419 190
58.3943 192
58.41441 192
58.43453 188
58.45464 180
58.47475 211
58.49487 207
58.51498 192
58.5351 197
58.55521 214
58.57532 195
58.59544 215
58.61555 239
58.63566 223
58.65578 204
58.67589 242
58.69601 238
58.71612 226
58.73623 198
58.75635 205
58.77646 186
58.79657 205
58.81669 182
58.8368 185
58.85691 212
58.87703 202
58.89714 167
58.91726 169
58.93737 170
58.95748 177
58.9776 192
58.99771 166
59.01782 182
59.03794 169
59.05805 194
59.07817 200
59.09828 159
59.11839 192
59.13851 182
59.15862 202
59.17873 170
59.19885 214
59.21896 178
59.23908 174
59.25919 188
59.2793 204
59.29942 179
59.31953 214
59.33964 177
59.35976 216
59.37987 185
59.39998 204
59.4201 215
59.44021 218
59.46033 221
59.48044 219
59.50055 197
59.52067 226
59.54078 224
59.56089 231
59.58101 252
59.60112 238
59.62124 269
59.64135 263
59.66146 300
59.68158 296
59.70169 332
59.7218 370
59.74192 394
59.76203 427
59.78215 525
59.80226 639
59.82237 770
59.84249 863
59.8626 1081
59.88271 1223
59.90283 1383
59.92294 1534
59.94305 1494
59.96317 1440
59.98328 1077
60.0034 816
60.02351 784
60.04362 774
60.06374 817
60.08385 880
60.10396 883
60.12408 809
60.14419 628
60.16431 392
60.18442 346
60.20453 301
60.22465 263
60.24476 246
60.26487 286
60.28499 213
60.3051 257
60.32522 228
60.34533 236
60.36544 212
60.38556 192
60.40567 213
60.42578 221
60.4459 216
60.46601 214
60.48612 215
60.50624 209
60.52635 199
60.54647 216
60.56658 193
60.58669 202
60.60681 205
60.62692 195
60.64703 200
60.66715 187
60.68726 193
60.70738 194
60.72749 211
60.7476 189
60.76772 212
60.78783 184
60.80794 200
60.82806 208
60.84817 189
60.86828 201
60.8884 221
60.90851 193
60.92863 201
60.94874 203
60.96885 174
60.98897 200
61.00908 214
61.02919 171
61.04931 227
61.06942 225
61.08954 202
61.10965 212
61.12976 229
61.14988 208
61.16999 210
61.1901 212
61.21022 215
61.23033 209
61.25045 214
61.27056 205
61.29067 200
61.31079 215
61.3309 225
61.35101 222
61.37113 211
61.39124 221
61.41135 221
61.43147 175
61.45158 213
61.4717 176
61.49181 205
61.51192 175
61.53204 185
61.55215 205
61.57226 188
61.59238 183
61.61249 181
61.63261 226
61.65272 185
61.67283 177
61.69295 241
61.71306 192
61.73317 204
61.75329 219
61.7734 212
61.79352 201
61.81363 234
61.83374 226
61.85386 229
61.87397 224
61.89408 213
61.9142 221
61.93431 238
61.95442 215
61.97454 227
61.99465 234
62.01477 273
62.03488 223
62.05499 273
62.07511 269
62.09522 224
62.11533 245
62.13545 259
62.15556 279
62.17568 264
62.19579 276
62.2159 318
62.23602 299
62.25613 269
62.27624 284
62.29636 271
62.31647 267
62.33659 258
62.3567 258
62.37681 241
62.39693 236
62.41704 236
62.43715 231
62.45727 227
62.47738 227
62.49749 214
62.51761 222
62.53772 212
62.55784 263
62.57795 244
62.59806 244
62.61818 203
62.63829 239
62.6584 235
62.67852 229
62.69863 221
62.71875 243
62.73886 234
62.75897 233
62.77909 205
62.7992 202
62.81931 222
62.83943 217
62.85954 238
62.87965 207
62.89977 226
62.91988 216
62.94 220
62.96011 208
62.98022 201
63.00034 236
63.02045 218
63.04056 189
63.06068 218
63.08079 244
63.10091 207
63.12102 219
63.14113 190
63.16125 189
63.18136 198
63.20147 210
63.22159 210
63.2417 202
63.26182 193
63.28193 164
63.30204 171
63.32216 202
63.34227 174
63.36238 200
63.3825 191
63.40261 178
63.42272 192
63.44284 202
63.46295 180
63.48307 186
63.50318 178
63.52329 188
63.54341 213
63.56352 207
63.58363 201
63.60375 198
63.62386 208
63.64398 231
63.66409 216
63.6842 239
63.70432 241
63.72443 249
63.74454 246
63.76466 243
63.78477 258
63.80489 261
63.825 256
63.84511 294
63.86523 258
63.88534 339
63.90545 339
63.92557 387
63.94568 433
63.96579 422
63.98591 478
64.00602 465
64.02614 486
64.04625 424
64.06636 347
64.08648 323
64.10659 312
64.1267 329
64.14682 308
64.16693 327
64.18705 352
64.20716 337
64.22727 287
64.24739 249
64.2675 224
64.28761 226
64.30773 221
64.32784 190
64.34796 188
64.36807 201
64.38818 188
64.4083 176
64.42841 196
64.44852 195
64.46864 188
64.48875 186
64.50886 176
64.52898 194
64.54909 194
64.56921 199
64.58932 184
64.60943 184
64.62955 192
64.64966 185
64.66977 157
64.68989 189
64.71 193
64.73012 180
64.75023 186
64.77034 183
64.79046 183
64.81057 190
64.83068 162
64.8508 179
64.87091 198
64.89102 167
64.91114 197
64.93125 196
64.95137 193
64.97148 180
64.99159 190
65.01171 179
65.03182 181
65.05193 204
65.07205 173
65.09216 221
65.11228 207
65.13239 189
65.1525 196
65.17262 209
65.19273 226
65.21284 214
65.23296 196
65.25307 213
65.27319 206
65.2933 210
65.31341 219
65.33353 220
65.35364 222
65.37375 221
65.39387 202
65.41398 208
65.43409 182
65.45421 213
65.47432 222
65.49444 198
65.51455 209
65.53466 207
65.55478 206
65.57489 189
65.595 201
65.61512 198
65.63523 188
65.65535 201
65.67546 208
65.69557 235
65.71569 213
65.7358 223
65.75591 217
65.77603 215
65.79614 213
65.81626 189
65.83637 195
65.85648 193
65.8766 219
65.89671 192
65.91682 209
65.93694 183
65.95705 189
65.97716 194
65.99728 178
66.01739 187
66.03751 178
66.05762 169
66.07773 153
66.09785 177
66.11796 166
66.13807 178
66.15819 180
66.1783 190
66.19842 204
66.21853 203
66.23864 211
66.25876 178
66.27887 200
66.29898 210
66.3191 206
66.33921 194
66.35933 181
66.37944 223
66.39955 222
66.41967 177
66.43978 205
66.45989 194
66.48001 208
66.50012 224
66.52023 205
66.54035 186
66.56046 197
66.58058 192
66.60069 189
66.6208 171
66.64092 168
66.66103 188
66.68114 187
66.70126 158
66.72137 156
66.74149 173
66.7616 177
66.78171 172
66.80183 196
66.82194 160
66.84205 196
66.86217 193
66.88228 169
66.90239 192
66.92251 189
66.94262 196
66.96274 217
66.98285 219
67.00296 201
67.02308 179
67.04319 158
67.0633 179
67.08342 195
67.10353 189
67.12365 184
67.14376 219
67.16387 205
67.18399 187
67.2041 208
67.22421 211
67.24433 168
67.26444 181
67.28456 221
67.30467 193
67.32478 224
67.3449 222
67.36501 217
67.38512 216
67.40524 222
67.42535 261
67.44546 248
67.46558 295
67.48569 281
67.50581 331
67.52592 351
67.54603 349
67.56615 396
67.58626 484
67.60637 559
67.62649 647
67.6466 714
67.66672 844
67.68683 919
67.70694 946
67.72706 1053
67.74717 881
67.76728 703
67.7874 591
67.80751 544
67.82763 545
67.84774 551
67.86785 649
67.88797 724
67.90808 715
67.92819 729
67.94831 637
67.96842 615
67.98853 658
68.00865 669
68.02876 759
68.04888 896
68.06899 979
68.0891 1158
68.10922 1182
68.12933 1284
68.14944 1198
68.16956 1028
68.18967 908
68.20979 867
68.2299 958
68.25001 1091
68.27013 1148
68.29024 1176
68.31035 1168
68.33047 1006
68.35058 805
68.3707 605
68.39081 522
68.41092 494
68.43104 417
68.45115 511
68.47126 474
68.49138 494
68.51149 406
68.5316 313
68.55172 306
68.57183 268
68.59195 233
68.61206 218
68.63217 224
68.65229 235
68.6724 225
68.69251 201
68.71263 201
68.73274 188
68.75286 199
68.77297 209
68.79308 182
68.8132 214
68.83331 211
68.85342 181
68.87354 195
68.89365 186
68.91376 191
68.93388 222
68.95399 167
68.97411 213
68.99422 165
69.01433 179
69.03445 169
69.05456 157
69.07467 179
69.09479 164
69.1149 185
69.13502 174
69.15513 198
69.17524 158
69.19536 176
69.21547 172
69.23558 156
69.2557 181
69.27581 166
69.29593 152
69.31604 166
69.33615 156
69.35627 138
69.37638 147
69.39649 157
69.41661 157
69.43672 168
69.45683 154
69.47695 156
69.49706 141
69.51718 177
69.53729 171
69.5574 155
69.57752 156
69.59763 164
69.61774 168
69.63786 171
69.65797 152
69.67809 166
69.6982 150
69.71831 173
69.73843 172
69.75854 172
69.77865 167
69.79877 171
69.81888 170
69.839 175
69.85911 154
69.87922 165
69.89934 170
69.91945 155
69.93956 161
69.95968 162
69.97979 155
69.9999 152
70.02002 154
70.04013 168
70.06025 164
70.08036 175
70.10047 173
70.12059 163
70.1407 149
70.16081 209
70.18093 155
70.20104 171
70.22116 196
70.24127 173
70.26138 181
70.2815 170
70.30161 158
70.32172 180
70.34184 172
70.36195 155
70.38207 174
70.40218 140
70.42229 186
70.44241 170
70.46252 161
70.48263 155
70.50275 175
70.52286 179
70.54297 160
70.56309 154
70.5832 170
70.60332 170
70.62343 139
70.64354 161
70.66366 145
70.68377 167
70.70388 155
70.724 160
70.74411 168
70.76423 168
70.78434 160
70.80445 158
70.82457 158
70.84468 170
70.86479 198
70.88491 142
70.90502 164
70.92513 179
70.94525 156
70.96536 155
70.98548 144
71.00559 154
71.0257 157
71.04582 149
71.06593 163
71.08604 168
71.10616 162
71.12627 145
71.14639 163
71.1665 143
71.18661 152
71.20673 164
71.22684 164
71.24695 146
71.26707 136
71.28718 156
71.3073 177
71.32741 160
71.34752 170
71.36764 141
71.38775 156
71.40786 157
71.42798 166
71.44809 205
71.4682 169
71.48832 169
71.50843 170
71.52855 204
71.54866 191
71.56877 180
71.58889 177
71.609 194
71.62911 191
71.64923 193
71.66934 200
71.68946 183
71.70957 145
71.72968 181
71.7498 169
71.76991 172
71.79002 162
71.81014 157
71.83025 168
71.85037 173
71.87048 178
71.89059 152
71.91071 179
71.93082 193
71.95093 178
71.97105 180
71.99116 174
72.01127 162
72.03139 163
72.0515 187
72.07162 191
72.09173 180
72.11184 183
72.13196 183
72.15207 157
72.17218 178
72.1923 173
72.21241 161
72.23253 216
72.25264 167
72.27275 167
72.29287 208
72.31298 175
72.33309 177
72.35321 205
72.37332 176
72.39344 198
72.41355 202
72.43366 181
72.45378 159
72.47389 186
72.494 163
72.51412 188
72.53423 194
72.55434 163
72.57446 177
72.59457 173
72.61469 178
72.6348 183
72.65491 178
72.67503 166
72.69514 157
72.71525 187
72.73537 190
72.75548 176
72.7756 172
72.79571 162
72.81582 191
72.83594 164
72.85605 194
72.87616 193
72.89628 162
72.91639 183
72.9365 184
72.95662 225
72.97673 196
72.99685 191
73.01696 175
73.03707 216
73.05719 189
73.0773 208
73.09741 190
73.11753 215
73.13764 191
73.15776 213
73.17787 243
73.19798 248
73.2181 241
73.23821 241
73.25832 255
73.27844 260
73.29855 290
73.31867 301
73.33878 354
73.35889 343
73.37901 398
73.39912 429
73.41923 423
73.43935 478
73.45946 424
73.47957 422
73.49969 332
73.5198 286
73.53992 286
73.56003 269
73.58014 291
73.60026 282
73.62037 307
73.64048 280
73.6606 317
73.68071 340
73.70083 282
73.72094 261
73.74105 236
73.76117 227
73.78128 208
73.80139 199
73.82151 197
73.84162 196
73.86174 185
73.88185 210
73.90196 198
73.92208 172
73.94219 204
73.9623 178
73.98242 201
74.00253 201
74.02264 169
74.04276 194
74.06287 190
74.08299 189
74.1031 162
74.12321 162
74.14333 171
74.16344 187
74.18355 188
74.20367 171
74.22378 172
74.2439 177
74.26401 167
74.28412 172
74.30424 175
74.32435 204
74.34446 202
74.36458 177
74.38469 164
74.40481 178
74.42492 198
74.44503 169
74.46515 185
74.48526 180
74.50537 187
74.52549 200
74.5456 183
74.56571 200
74.58583 164
74.60594 179
74.62606 163
74.64617 184
74.66628 186
74.6864 166
74.70651 188
74.72662 191
74.74674 178
74.76685 191
74.78697 176
74.80708 207
74.82719 182
74.84731 173
74.86742 188
74.88753 202
74.90765 154
74.92776 182
74.94787 203
74.96799 187
74.9881 192
75.00822 171
