3.00117 19988
3.02128 19356
3.0414 18724
3.06151 18455
3.08162 18459
3.10174 17416
3.12185 17068
3.14197 16944
3.16208 16011
3.18219 15587
3.20231 15171
3.22242 14825
3.24253 14550
3.26265 13812
3.28276 13499
3.30288 13202
3.32299 12677
3.3431 12558
3.36322 11841
3.38333 11639
3.40344 11277
3.42356 11118
3.44367 10551
3.46379 9915
3.4839 9718
3.50401 9433
3.52413 9287
3.54424 9050
3.56435 8426
3.58447 8322
3.60458 8088
3.62469 7838
3.64481 7707
3.66492 7192
3.68504 6971
3.70515 6875
3.72526 6480
3.74538 6434
3.76549 5910
3.7856 5805
3.80572 5740
3.82583 5416
3.84595 5190
3.86606 4885
3.88617 4748
3.90629 4466
3.9264 4418
3.94651 4390
3.96663 3895
3.98674 3919
4.00686 3840
4.02697 3545
4.04708 3560
4.0672 3273
4.08731 3423
4.10742 3235
4.12754 2898
4.14765 2960
4.16776 2749
4.18788 2741
4.20799 2666
4.22811 2687
4.24822 2446
4.26833 2369
4.28845 2414
4.30856 2355
4.32867 2220
4.34879 2368
4.3689 2198
4.38902 2157
4.40913 2196
4.42924 1988
4.44936 2091
4.46947 1850
4.48958 1937
4.5097 1915
4.52981 1857
4.54992 1975
4.57004 1745
4.59015 1846
4.61027 1703
4.63038 1703
4.65049 1657
4.67061 1549
4.69072 1637
4.71083 1637
4.73095 1600
4.75106 1572
4.77118 1532
4.79129 1431
4.8114 1428
4.83152 1394
4.85163 1438
4.87174 1321
4.89186 1332
4.91197 1458
4.93209 1355
4.9522 1369
4.97231 1367
4.99243 1313
5.01254 1276
5.03265 1244
5.05277 1262
5.07288 1229
5.09299 1174
5.11311 1200
5.13322 1191
5.15334 1097
5.17345 1169
5.19356 1110
5.21368 1126
5.23379 1147
5.2539 1091
5.27402 1030
5.29413 1103
5.31425 1100
5.33436 1155
5.35447 1039
5.37459 1058
5.3947 968
5.41481 1036
5.43493 1029
5.45504 970
5.47516 977
5.49527 1061
5.51538 1003
5.5355 974
5.55561 921
5.57572 988
5.59584 932
5.61595 942
5.63606 934
5.65618 840
5.67629 940
5.69641 905
5.71652 881
5.73663 910
5.75675 888
5.77686 838
5.79697 897
5.81709 834
5.8372 877
5.85732 866
5.87743 859
5.89754 904
5.91766 849
5.93777 787
5.95788 781
5.978 785
5.99811 745
6.01823 829
6.03834 800
6.05845 801
6.07857 841
6.09868 738
6.11879 787
6.13891 784
6.15902 730
6.17913 782
6.19925 754
6.21936 759
6.23948 789
6.25959 739
6.2797 715
6.29982 753
6.31993 735
6.34004 787
6.36016 777
6.38027 753
6.40039 681
6.4205 724
6.44061 708
6.46073 767
6.48084 741
6.50095 718
6.52107 670
6.54118 663
6.56129 658
6.58141 710
6.60152 707
6.62164 699
6.64175 692
6.66186 709
6.68198 675
6.70209 637
6.7222 635
6.74232 654
6.76243 647
6.78255 673
6.80266 684
6.82277 664
6.84289 649
6.863 665
6.88311 627
6.90323 663
6.92334 638
6.94346 623
6.96357 613
6.98368 637
7.0038 644
7.02391 609
7.04402 561
7.06414 644
7.08425 632
7.10436 633
7.12448 564
7.14459 647
7.16471 543
7.18482 568
7.20493 616
7.22505 590
7.24516 608
7.26527 561
7.28539 602
7.3055 606
7.32562 586
7.34573 635
7.36584 597
7.38596 557
7.40607 578
7.42618 656
7.4463 600
7.46641 574
7.48653 595
7.50664 588
7.52675 557
7.54687 578
7.56698 551
7.58709 574
7.60721 592
7.62732 582
7.64743 553
7.66755 571
7.68766 586
7.70778 586
7.72789 576
7.748 593
7.76812 645
7.78823 584
7.80834 592
7.82846 548
7.84857 558
7.86869 563
7.8888 581
7.90891 608
7.92903 536
7.94914 583
7.96925 562
7.98937 607
8.00948 596
8.0296 543
8.04971 523
8.06982 560
8.08994 554
8.11005 574
8.13016 619
8.15028 578
8.17039 607
8.1905 566
8.21062 613
8.23073 622
8.25085 618
8.27096 619
8.29107 565
8.31119 588
8.3313 578
8.35141 611
8.37153 577
8.39164 598
8.41176 645
8.43187 621
8.45198 540
8.4721 597
8.49221 586
8.51232 610
8.53244 588
8.55255 554
8.57266 576
8.59278 583
8.61289 572
8.63301 545
8.65312 528
8.67323 536
8.69335 556
8.71346 542
8.73357 515
8.75369 560
8.7738 536
8.79392 573
8.81403 535
8.83414 528
8.85426 477
8.87437 523
8.89448 510
8.9146 518
8.93471 514
8.95483 528
8.97494 468
8.99505 508
9.01517 488
9.03528 462
9.05539 454
9.07551 446
9.09562 471
9.11573 473
9.13585 456
9.15596 445
9.17608 446
9.19619 466
9.2163 479
9.23642 438
9.25653 438
9.27664 452
9.29676 440
9.31687 460
9.33699 451
9.3571 437
9.37721 445
9.39733 419
9.41744 391
9.43755 402
9.45767 405
9.47778 390
9.4979 406
9.51801 430
9.53812 384
9.55824 405
9.57835 417
9.59846 409
9.61858 427
9.63869 375
9.6588 426
9.67892 389
9.69903 400
9.71915 398
9.73926 422
9.75937 398
9.77949 374
9.7996 407
9.81971 416
9.83983 399
9.85994 425
9.88006 367
9.90017 378
9.92028 374
9.9404 374
9.96051 379
9.98062 410
10.00074 405
10.02085 386
10.04097 412
10.06108 371
10.08119 403
10.10131 411
10.12142 418
10.14153 370
10.16165 412
10.18176 431
10.20187 394
10.22199 402
10.2421 371
10.26222 402
10.28233 379
10.30244 397
10.32256 397
10.34267 398
10.36278 402
10.3829 392
10.40301 398
10.42313 363
10.44324 399
10.46335 419
10.48347 407
10.50358 372
10.52369 373
10.54381 380
10.56392 358
10.58403 350
10.60415 388
10.62426 392
10.64438 345
10.66449 377
10.6846 377
10.70472 351
10.72483 352
10.74494 366
10.76506 402
10.78517 350
10.80529 362
10.8254 342
10.84551 370
10.86563 369
10.88574 354
10.90585 322
10.92597 359
10.94608 372
10.9662 381
10.98631 399
11.00642 346
11.02654 390
11.04665 342
11.06676 360
11.08688 369
11.10699 349
11.1271 344
11.14722 362
11.16733 374
11.18745 318
11.20756 364
11.22767 378
11.24779 383
11.2679 314
11.28801 372
11.30813 365
11.32824 356
11.34836 372
11.36847 368
11.38858 397
11.4087 348
11.42881 358
11.44892 365
11.46904 342
11.48915 366
11.50927 384
11.52938 370
11.54949 401
11.56961 361
11.58972 386
11.60983 327
11.62995 356
11.65006 363
11.67017 368
11.69029 363
11.7104 345
11.73052 352
11.75063 364
11.77074 350
11.79086 379
11.81097 351
11.83108 396
11.8512 354
11.87131 377
11.89143 377
11.91154 323
11.93165 348
11.95177 345
11.97188 333
11.99199 367
12.01211 365
12.03222 320
12.05234 393
12.07245 358
12.09256 387
12.11268 376
12.13279 384
12.1529 374
12.17302 369
12.19313 344
12.21324 368
12.23336 352
12.25347 364
12.27359 394
12.2937 404
12.31381 400
12.33393 397
12.35404 381
12.37415 353
12.39427 386
12.41438 348
12.4345 388
12.45461 381
12.47472 361
12.49484 403
12.51495 382
12.53506 370
12.55518 358
12.57529 342
12.5954 363
12.61552 339
12.63563 385
12.65575 361
12.67586 361
12.69597 369
12.71609 373
12.7362 352
12.75631 383
12.77643 356
12.79654 334
12.81666 353
12.83677 357
12.85688 376
12.877 361
12.89711 326
12.91722 347
12.93734 368
12.95745 366
12.97757 360
12.99768 392
13.01779 352
13.03791 386
13.05802 379
13.07813 396
13.09825 390
13.11836 393
13.13847 326
13.15859 388
13.1787 367
13.19882 384
13.21893 387
13.23904 338
13.25916 370
13.27927 353
13.29938 313
13.3195 375
13.33961 369
13.35973 358
13.37984 336
13.39995 349
13.42007 345
13.44018 340
13.46029 370
13.48041 402
13.50052 381
13.52064 442
13.54075 384
13.56086 412
13.58098 456
13.60109 464
13.6212 380
13.64132 423
13.66143 368
13.68154 436
13.70166 389
13.72177 421
13.74189 398
13.762 385
13.78211 407
13.80223 416
13.82234 412
13.84245 404
13.86257 420
13.88268 356
13.9028 364
13.92291 370
13.94302 393
13.96314 395
13.98325 349
14.00336 334
14.02348 398
14.04359 363
14.06371 361
14.08382 364
14.10393 351
14.12405 374
14.14416 344
14.16427 346
14.18439 372
14.2045 322
14.22461 344
14.24473 338
14.26484 360
14.28496 371
14.30507 336
14.32518 354
14.3453 340
14.36541 368
14.38552 357
14.40564 324
14.42575 349
14.44587 325
14.46598 332
14.48609 387
14.50621 334
14.52632 343
14.54643 346
14.56655 320
14.58666 321
14.60677 363
14.62689 325
14.647 402
14.66712 326
14.68723 373
14.70734 360
14.72746 375
14.74757 374
14.76768 324
14.7878 368
14.80791 334
14.82803 375
14.84814 370
14.86825 415
14.88837 406
14.90848 387
14.92859 363
14.94871 363
14.96882 346
14.98894 374
15.00905 404
15.02916 414
15.04928 366
15.06939 410
15.0895 365
15.10962 358
15.12973 358
15.14984 361
15.16996 336
15.19007 414
15.21019 414
15.2303 382
15.25041 350
15.27053 360
15.29064 394
15.31075 377
15.33087 354
15.35098 317
15.3711 310
15.39121 359
15.41132 353
15.43144 351
15.45155 331
15.47166 332
15.49178 349
15.51189 349
15.53201 367
15.55212 331
15.57223 376
15.59235 326
15.61246 370
15.63257 343
15.65269 329
15.6728 359
15.69291 346
15.71303 358
15.73314 339
15.75326 359
15.77337 371
15.79348 349
15.8136 371
15.83371 353
15.85382 372
15.87394 325
15.89405 381
15.91417 338
15.93428 325
15.95439 362
15.97451 344
15.99462 322
16.01473 350
16.03485 340
16.05496 337
16.07508 355
16.09519 336
16.1153 347
16.13542 334
16.15553 370
16.17564 372
16.19576 341
16.21587 351
16.23598 357
16.2561 333
16.27621 352
16.29633 380
16.31644 374
16.33655 379
16.35667 349
16.37678 347
16.39689 324
16.41701 364
16.43712 355
16.45724 367
16.47735 357
16.49746 351
16.51758 376
16.53769 355
16.5578 371
16.57792 353
16.59803 340
16.61814 333
16.63826 372
16.65837 334
16.67849 346
16.6986 338
16.71871 396
16.73883 315
16.75894 342
16.77905 307
16.79917 367
16.81928 358
16.8394 357
16.85951 359
16.87962 348
16.89974 360
16.91985 358
16.93996 355
16.96008 358
16.98019 362
17.00031 370
17.02042 353
17.04053 355
17.06065 351
17.08076 356
17.10087 339
17.12099 374
17.1411 367
17.16121 387
17.18133 387
17.20144 354
17.22156 377
17.24167 354
17.26178 343
17.2819 378
17.30201 370
17.32212 376
17.34224 356
17.36235 347
17.38247 325
17.40258 399
17.42269 377
17.44281 398
17.46292 348
17.48303 321
17.50315 330
17.52326 351
17.54338 367
17.56349 338
17.5836 365
17.60372 376
17.62383 391
17.64394 309
17.66406 400
17.68417 378
17.70428 380
17.7244 353
17.74451 369
17.76463 366
17.78474 356
17.80485 374
17.82497 389
17.84508 373
17.86519 328
17.88531 339
17.90542 398
17.92554 365
17.94565 362
17.96576 385
17.98588 371
18.00599 379
18.0261 367
18.04622 371
18.06633 350
18.08645 360
18.10656 326
18.12667 346
18.14679 365
18.1669 381
18.18701 383
18.20713 401
18.22724 388
18.24735 399
18.26747 366
18.28758 340
18.3077 342
18.32781 361
18.34792 380
18.36804 380
18.38815 349
18.40826 334
18.42838 322
18.44849 367
18.46861 345
18.48872 355
18.50883 409
18.52895 360
18.54906 347
18.56917 341
18.58929 375
18.6094 368
18.62951 311
18.64963 374
18.66974 372
18.68986 361
18.70997 363
18.73008 354
18.7502 361
18.77031 389
18.79042 371
18.81054 351
18.83065 378
18.85077 380
18.87088 381
18.89099 370
18.91111 393
18.93122 375
18.95133 373
18.97145 392
18.99156 398
19.01168 366
19.03179 358
19.0519 367
19.07202 378
19.09213 383
19.11224 394
19.13236 392
19.15247 432
19.17258 436
19.1927 415
19.21281 470
19.23293 460
19.25304 482
19.27315 442
19.29327 474
19.31338 500
19.33349 513
19.35361 510
19.37372 555
19.39384 503
19.41395 580
19.43406 502
19.45418 556
19.47429 588
19.4944 610
19.51452 589
19.53463 564
19.55475 639
19.57486 705
19.59497 698
19.61509 738
19.6352 823
19.65531 722
19.67543 770
19.69554 773
19.71565 813
19.73577 745
19.75588 825
19.776 779
19.79611 765
19.81622 783
19.83634 828
19.85645 802
19.87656 773
19.89668 767
19.91679 716
19.93691 778
19.95702 715
19.97713 725
19.99725 668
20.01736 654
20.03747 690
20.05759 669
20.0777 640
20.09782 670
20.11793 599
20.13804 634
20.15816 632
20.17827 640
20.19838 591
20.2185 660
20.23861 570
20.25872 591
20.27884 572
20.29895 579
20.31907 600
20.33918 593
20.35929 615
20.37941 590
20.39952 563
20.41963 565
20.43975 562
20.45986 559
20.47998 564
20.50009 541
20.5202 561
20.54032 602
20.56043 599
20.58054 572
20.60066 596
20.62077 619
20.64088 660
20.661 727
20.68111 816
20.70123 903
20.72134 938
20.74145 1206
20.76157 1339
20.78168 1435
20.80179 1629
20.82191 1504
20.84202 1489
20.86214 1353
20.88225 1240
20.90236 1136
20.92248 989
20.94259 1007
20.9627 925
20.98282 915
21.00293 855
21.02305 781
21.04316 736
21.06327 629
21.08339 672
21.1035 600
21.12361 571
21.14373 531
21.16384 514
21.18395 468
21.20407 487
21.22418 501
21.2443 524
21.26441 500
21.28452 545
21.30464 483
21.32475 478
21.34486 482
21.36498 485
21.38509 506
21.40521 473
21.42532 498
21.44543 474
21.46555 531
21.48566 488
21.50577 502
21.52589 477
21.546 514
21.56612 460
21.58623 437
21.60634 509
21.62646 456
21.64657 449
21.66668 488
21.6868 447
21.70691 489
21.72702 492
21.74714 484
21.76725 508
21.78737 493
21.80748 510
21.82759 544
21.84771 563
21.86782 585
21.88793 628
21.90805 713
21.92816 693
21.94828 714
21.96839 800
21.9885 703
22.00862 717
22.02873 679
22.04884 667
22.06896 613
22.08907 558
22.10919 509
22.1293 520
22.14941 510
22.16953 486
22.18964 540
22.20975 571
22.22987 565
22.24998 498
22.27009 540
22.29021 507
22.31032 550
22.33044 506
22.35055 459
22.37066 480
22.39078 496
22.41089 475
22.431 489
22.45112 493
22.47123 541
22.49135 460
22.51146 502
22.53157 532
22.55169 476
22.5718 512
22.59191 479
22.61203 543
22.63214 489
22.65225 497
22.67237 498
22.69248 497
22.7126 496
22.73271 491
22.75282 514
22.77294 457
22.79305 473
22.81316 490
22.83328 536
22.85339 501
22.87351 537
22.89362 515
22.91373 536
22.93385 572
22.95396 541
22.97407 568
22.99419 597
23.0143 606
23.03442 639
23.05453 662
23.07464 653
23.09476 659
23.11487 692
23.13498 612
23.1551 661
23.17521 603
23.19532 590
23.21544 586
23.23555 545
23.25567 568
23.27578 502
23.29589 482
23.31601 502
23.33612 524
23.35623 574
23.37635 523
23.39646 589
23.41658 596
23.43669 604
23.4568 591
23.47692 614
23.49703 653
23.51714 593
23.53726 660
23.55737 617
23.57749 574
23.5976 553
23.61771 560
23.63783 543
23.65794 582
23.67805 515
23.69817 550
23.71828 510
23.73839 518
23.75851 569
23.77862 571
23.79874 555
23.81885 588
23.83896 557
23.85908 616
23.87919 624
23.8993 689
23.91942 668
23.93953 645
23.95965 742
23.97976 677
23.99987 695
24.01999 739
24.0401 669
24.06021 649
24.08033 606
24.10044 674
24.12056 629
24.14067 636
24.16078 658
24.1809 645
24.20101 719
24.22112 651
24.24124 709
24.26135 635
24.28146 652
24.30158 656
24.32169 576
24.34181 544
24.36192 545
24.38203 518
24.40215 544
24.42226 489
24.44237 489
24.46249 528
24.4826 474
24.50272 501
24.52283 520
24.54294 548
24.56306 513
24.58317 524
24.60328 566
24.6234 544
24.64351 545
24.66362 514
24.68374 549
24.70385 512
24.72397 474
24.74408 497
24.76419 514
24.78431 523
24.80442 542
24.82453 520
24.84465 483
24.86476 539
24.88488 524
24.90499 503
24.9251 513
24.94522 548
24.96533 533
24.98544 525
25.00556 465
25.02567 503
25.04579 473
25.0659 524
25.08601 523
25.10613 534
25.12624 538
25.14635 524
25.16647 514
25.18658 521
25.20669 590
25.22681 551
25.24692 537
25.26704 556
25.28715 547
25.30726 588
25.32738 566
25.34749 554
25.3676 647
25.38772 645
25.40783 726
25.42795 710
25.44806 726
25.46817 730
25.48829 824
25.5084 771
25.52851 735
25.54863 786
25.56874 784
25.58886 762
25.60897 738
25.62908 664
25.6492 632
25.66931 670
25.68942 589
25.70954 557
25.72965 543
25.74976 532
25.76988 521
25.78999 569
25.81011 504
25.83022 517
25.85033 561
25.87045 510
25.89056 495
25.91067 508
25.93079 546
25.9509 546
25.97102 548
25.99113 573
26.01124 542
26.03136 550
26.05147 605
26.07158 553
26.0917 550
26.11181 605
26.13193 598
26.15204 606
26.17215 668
26.19227 643
26.21238 656
26.23249 789
26.25261 806
26.27272 787
26.29283 948
26.31295 895
26.33306 1025
26.35318 1131
26.37329 1116
26.3934 1207
26.41352 1474
26.43363 1653
26.45374 1930
26.47386 2344
26.49397 3045
26.51409 3738
26.5342 4395
26.55431 4950
26.57443 5180
26.59454 5174
26.61465 4682
26.63477 3993
26.65488 3256
26.67499 2465
26.69511 1935
26.71522 1427
26.73534 1051
26.75545 995
26.77556 899
26.79568 828
26.81579 839
26.8359 825
26.85602 787
26.87613 834
26.89625 803
26.91636 915
26.93647 876
26.95659 958
26.9767 910
26.99681 952
27.01693 914
27.03704 882
27.05716 848
27.07727 893
27.09738 792
27.1175 778
27.13761 710
27.15772 685
27.17784 733
27.19795 764
27.21806 768
27.23818 835
27.25829 955
27.27841 1004
27.29852 1092
27.31863 1148
27.33875 1206
27.35886 1371
27.37897 1344
27.39909 1314
27.4192 1355
27.43932 1301
27.45943 1227
27.47954 1090
27.49966 943
27.51977 923
27.53988 879
27.56 849
27.58011 794
27.60023 807
27.62034 850
27.64045 781
27.66057 925
27.68068 820
27.70079 874
27.72091 911
27.74102 877
27.76113 932
27.78125 1033
27.80136 973
27.82148 998
27.84159 1067
27.8617 1060
27.88182 1070
27.90193 925
27.92204 903
27.94216 882
27.96227 843
27.98239 748
28.0025 681
28.02261 697
28.04273 661
28.06284 644
28.08295 600
28.10307 593
28.12318 590
28.1433 603
28.16341 573
28.18352 586
28.20364 641
28.22375 595
28.24386 563
28.26398 596
28.28409 609
28.3042 497
28.32432 588
28.34443 497
28.36455 470
28.38466 491
28.40477 498
28.42489 520
28.445 518
28.46511 528
28.48523 547
28.50534 500
28.52546 473
28.54557 477
28.56568 479
28.5858 454
28.60591 470
28.62602 485
28.64614 420
28.66625 439
28.68636 457
28.70648 459
28.72659 458
28.74671 447
28.76682 450
28.78693 443
28.80705 450
28.82716 477
28.84727 461
28.86739 492
28.8875 460
28.90762 444
28.92773 473
28.94784 439
28.96796 476
28.98807 426
29.00818 481
29.0283 412
29.04841 450
29.06853 446
29.08864 476
29.10875 484
29.12887 498
29.14898 505
29.16909 497
29.18921 496
29.20932 533
29.22943 545
29.24955 640
29.26966 611
29.28978 711
29.30989 745
29.33 730
29.35012 797
29.37023 860
29.39034 870
29.41046 840
29.43057 811
29.45069 771
29.4708 783
29.49091 712
29.51103 645
29.53114 632
29.55125 568
29.57137 582
29.59148 559
29.6116 553
29.63171 561
29.65182 570
29.67194 548
29.69205 529
29.71216 520
29.73228 551
29.75239 576
29.7725 548
29.79262 574
29.81273 550
29.83285 548
29.85296 505
29.87307 562
29.89319 597
29.9133 550
29.93341 519
29.95353 566
29.97364 579
29.99376 592
30.01387 607
30.03398 611
30.0541 593
30.07421 639
30.09432 643
30.11444 637
30.13455 659
30.15467 693
30.17478 672
30.19489 653
30.21501 652
30.23512 583
30.25523 562
30.27535 537
30.29546 526
30.31557 572
30.33569 554
30.3558 588
30.37592 555
30.39603 568
30.41614 558
30.43626 605
30.45637 481
30.47648 544
30.4966 522
30.51671 539
30.53683 534
30.55694 501
30.57705 505
30.59717 530
30.61728 539
30.63739 618
30.65751 582
30.67762 590
30.69773 612
30.71785 612
30.73796 612
30.75808 588
30.77819 610
30.7983 565
30.81842 551
30.83853 509
30.85864 560
30.87876 565
30.89887 532
30.91899 500
30.9391 440
30.95921 451
30.97933 459
30.99944 412
31.01955 422
31.03967 447
31.05978 439
31.0799 458
31.10001 420
31.12012 444
31.14024 449
31.16035 420
31.18046 441
31.20058 418
31.22069 453
31.2408 451
31.26092 417
31.28103 448
31.30115 422
31.32126 421
31.34137 463
31.36149 441
31.3816 417
31.40171 446
31.42183 425
31.44194 431
31.46206 434
31.48217 427
31.50228 422
31.5224 373
31.54251 403
31.56262 416
31.58274 379
31.60285 418
31.62297 398
31.64308 402
31.66319 399
31.68331 424
31.70342 466
31.72353 407
31.74365 395
31.76376 430
31.78387 405
31.80399 416
31.8241 442
31.84422 436
31.86433 413
31.88444 376
31.90456 422
31.92467 389
31.94478 430
31.9649 443
31.98501 461
32.00513 442
32.02524 462
32.04535 448
32.06547 420
32.08558 477
32.10569 457
32.12581 446
32.14592 474
32.16604 436
32.18615 464
32.20626 421
32.22638 445
32.24649 450
32.2666 430
32.28672 439
32.30683 484
32.32694 450
32.34706 455
32.36717 460
32.38729 458
32.4074 466
32.42751 472
32.44763 474
32.46774 476
32.48785 420
32.50797 445
32.52808 431
32.5482 418
32.56831 418
32.58842 422
32.60854 405
32.62865 412
32.64876 419
32.66888 414
32.68899 413
32.7091 430
32.72922 442
32.74933 418
32.76945 422
32.78956 399
32.80967 447
32.82979 433
32.8499 461
32.87001 438
32.89013 464
32.91024 451
32.93036 461
32.95047 479
32.97058 469
32.9907 488
33.01081 483
33.03092 511
33.05104 499
33.07115 439
33.09127 462
33.11138 513
33.13149 478
33.15161 472
33.17172 437
33.19183 436
33.21195 468
33.23206 434
33.25217 461
33.27229 422
33.2924 415
33.31252 419
33.33263 433
33.35274 444
33.37286 419
33.39297 404
33.41308 431
33.4332 416
33.45331 412
33.47343 381
33.49354 426
33.51365 385
33.53377 383
33.55388 388
33.57399 375
33.59411 424
33.61422 401
33.63434 425
33.65445 398
33.67456 402
33.69468 424
33.71479 421
33.7349 451
33.75502 438
33.77513 429
33.79524 445
33.81536 461
33.83547 443
33.85559 434
33.8757 454
33.89581 427
33.91593 453
33.93604 444
33.95615 488
33.97627 479
33.99638 508
34.0165 502
34.03661 491
34.05672 500
34.07684 511
34.09695 535
34.11706 522
34.13718 567
34.15729 563
34.17741 559
34.19752 517
34.21763 554
34.23775 570
34.25786 582
34.27797 567
34.29809 608
34.3182 564
34.33831 580
34.35843 545
34.37854 551
34.39866 593
34.41877 603
34.43888 604
34.459 574
34.47911 580
34.49922 600
34.51934 593
34.53945 630
34.55957 634
34.57968 640
34.59979 635
34.61991 634
34.64002 642
34.66013 672
34.68025 653
34.70036 726
34.72047 628
34.74059 615
34.7607 606
34.78082 690
34.80093 677
34.82104 645
34.84116 685
34.86127 691
34.88138 659
34.9015 679
34.92161 698
34.94173 644
34.96184 682
34.98195 675
35.00207 645
35.02218 686
35.04229 693
35.06241 670
35.08252 647
35.10264 658
35.12275 641
35.14286 687
35.16298 660
35.18309 694
35.2032 682
35.22332 656
35.24343 652
35.26354 611
35.28366 723
35.30377 637
35.32389 671
35.344 678
35.36411 672
35.38423 691
35.40434 694
35.42445 657
35.44457 740
35.46468 718
35.4848 727
35.50491 710
35.52502 722
35.54514 752
35.56525 729
35.58536 742
35.60548 732
35.62559 674
35.64571 627
35.66582 654
35.68593 659
35.70605 618
35.72616 574
35.74627 575
35.76639 566
35.7865 610
35.80661 602
35.82673 592
35.84684 551
35.86696 588
35.88707 586
35.90718 564
35.9273 572
35.94741 566
35.96752 541
35.98764 600
36.00775 580
36.02787 577
36.04798 523
36.06809 582
36.08821 543
36.10832 538
36.12843 552
36.14855 539
36.16866 500
36.18878 490
36.20889 461
36.229 534
36.24912 533
36.26923 535
36.28934 562
36.30946 568
36.32957 548
36.34968 614
36.3698 642
36.38991 655
36.41003 719
36.43014 771
36.45025 770
36.47037 774
36.49048 789
36.51059 742
36.53071 712
36.55082 721
36.57094 638
36.59105 617
36.61116 602
36.63128 577
36.65139 537
36.6715 534
36.69162 529
36.71173 524
36.73184 539
36.75196 558
36.77207 558
36.79219 576
36.8123 538
36.83241 553
36.85253 555
36.87264 564
36.89275 568
36.91287 558
36.93298 615
36.9531 527
36.97321 532
36.99332 565
37.01344 542
37.03355 543
37.05366 512
37.07378 496
37.09389 421
37.11401 506
37.13412 467
37.15423 458
37.17435 481
37.19446 468
37.21457 492
37.23469 464
37.2548 489
37.27491 527
37.29503 490
37.31514 463
37.33526 489
37.35537 443
37.37548 467
37.3956 461
37.41571 447
37.43582 479
37.45594 459
37.47605 506
37.49617 495
37.51628 477
37.53639 480
37.55651 482
37.57662 474
37.59673 451
37.61685 468
37.63696 474
37.65708 499
37.67719 471
37.6973 476
37.71742 489
37.73753 476
37.75764 454
37.77776 494
37.79787 420
37.81798 430
37.8381 443
37.85821 476
37.87833 423
37.89844 419
37.91855 429
37.93867 422
37.95878 415
37.97889 443
37.99901 461
38.01912 413
38.03924 378
38.05935 417
38.07946 413
38.09958 404
38.11969 435
38.1398 404
38.15992 400
38.18003 443
38.20015 447
38.22026 441
38.24037 445
38.26049 423
38.2806 440
38.30071 465
38.32083 423
38.34094 431
38.36105 424
38.38117 424
38.40128 451
38.4214 479
38.44151 457
38.46162 435
38.48174 480
38.50185 461
38.52196 449
38.54208 464
38.56219 474
38.58231 418
38.60242 414
38.62253 457
38.64265 443
38.66276 411
38.68287 439
38.70299 449
38.7231 435
38.74321 417
38.76333 452
38.78344 410
38.80356 402
38.82367 462
38.84378 394
38.8639 428
38.88401 407
38.90412 406
38.92424 446
38.94435 403
38.96447 460
38.98458 401
39.00469 382
39.02481 400
39.04492 393
39.06503 395
39.08515 444
39.10526 436
39.12538 459
39.14549 407
39.1656 404
39.18572 435
39.20583 446
39.22594 479
39.24606 466
39.26617 484
39.28628 536
39.3064 615
39.32651 570
39.34663 632
39.36674 680
39.38685 752
39.40697 723
39.42708 741
39.44719 640
39.46731 596
39.48742 595
39.50754 608
39.52765 572
39.54776 507
39.56788 495
39.58799 473
39.6081 431
39.62822 437
39.64833 451
39.66845 395
39.68856 415
39.70867 439
39.72879 413
39.7489 435
39.76901 421
39.78913 429
39.80924 426
39.82935 428
39.84947 442
39.86958 405
39.8897 437
39.90981 460
39.92992 425
39.95004 426
39.97015 506
39.99026 440
40.01038 423
40.03049 388
40.05061 526
40.07072 468
40.09083 454
40.11095 434
40.13106 489
40.15117 506
40.17129 544
40.1914 503
40.21152 541
40.23163 536
40.25174 545
40.27186 525
40.29197 499
40.31208 494
40.3322 516
40.35231 496
40.37242 430
40.39254 414
40.41265 428
40.43277 408
40.45288 409
40.47299 377
40.49311 418
40.51322 413
40.53333 407
40.55345 414
40.57356 405
40.59368 408
40.61379 417
40.6339 461
40.65402 411
40.67413 422
40.69424 403
40.71436 455
40.73447 444
40.75458 437
40.7747 442
40.79481 434
40.81493 416
40.83504 399
40.85515 444
40.87527 422
40.89538 423
40.91549 406
40.93561 420
40.95572 405
40.97584 472
40.99595 434
41.01606 392
41.03618 460
41.05629 409
41.0764 420
41.09652 395
41.11663 449
41.13675 422
41.15686 428
41.17697 454
41.19709 422
41.2172 397
41.23731 423
41.25743 424
41.27754 427
41.29765 384
41.31777 411
41.33788 419
41.358 405
41.37811 386
41.39822 409
41.41834 430
41.43845 421
41.45856 407
41.47868 419
41.49879 369
41.51891 395
41.53902 452
41.55913 479
41.57925 448
41.59936 461
41.61947 450
41.63959 507
41.6597 565
41.67982 540
41.69993 522
41.72004 539
41.74016 594
41.76027 508
41.78038 500
41.8005 550
41.82061 524
41.84072 468
41.86084 452
41.88095 465
41.90107 458
41.92118 430
41.94129 442
41.96141 370
41.98152 419
42.00163 378
42.02175 395
42.04186 397
42.06198 404
42.08209 416
42.1022 411
42.12232 426
42.14243 377
42.16254 421
42.18266 432
42.20277 452
42.22289 487
42.243 474
42.26311 513
42.28323 520
42.30334 539
42.32345 572
42.34357 639
42.36368 550
42.38379 592
42.40391 615
42.42402 539
42.44414 558
42.46425 553
42.48436 479
42.50448 493
42.52459 459
42.5447 460
42.56482 451
42.58493 469
42.60505 432
42.62516 410
42.64527 427
42.66539 409
42.6855 411
42.70561 392
42.72573 409
42.74584 456
42.76595 388
42.78607 399
42.80618 394
42.8263 407
42.84641 400
42.86652 408
42.88664 410
42.90675 411
42.92686 381
42.94698 383
42.96709 384
42.98721 388
43.00732 452
43.02743 442
43.04755 442
43.06766 457
43.08777 406
43.10789 472
43.128 464
43.14812 406
43.16823 460
43.18834 435
43.20846 404
43.22857 433
43.24868 445
43.2688 442
43.28891 435
43.30902 356
43.32914 417
43.34925 413
43.36937 370
43.38948 392
43.40959 431
43.42971 403
43.44982 411
43.46993 418
43.49005 423
43.51016 405
43.53028 366
43.55039 399
43.5705 399
43.59062 409
43.61073 382
43.63084 374
43.65096 385
43.67107 371
43.69119 380
43.7113 352
43.73141 382
43.75153 374
43.77164 362
43.79175 393
43.81187 379
43.83198 357
43.85209 360
43.87221 368
43.89232 370
43.91244 370
43.93255 355
43.95266 378
43.97278 387
43.99289 356
44.013 388
44.03312 408
44.05323 396
44.07335 361
44.09346 383
44.11357 374
44.13369 397
44.1538 379
44.17391 368
44.19403 339
44.21414 355
44.23426 316
44.25437 384
44.27448 392
44.2946 365
44.31471 380
44.33482 385
44.35494 355
44.37505 383
44.39516 406
44.41528 367
44.43539 367
44.45551 381
44.47562 389
44.49573 334
44.51585 395
44.53596 396
44.55607 382
44.57619 361
44.5963 365
44.61642 356
44.63653 381
44.65664 406
44.67676 363
44.69687 396
44.71698 378
44.7371 398
44.75721 371
44.77732 377
44.79744 399
44.81755 346
44.83767 374
44.85778 323
44.87789 349
44.89801 386
44.91812 383
44.93823 361
44.95835 380
44.97846 353
44.99858 360
45.01869 354
45.0388 387
45.05892 355
45.07903 379
45.09914 365
45.11926 369
45.13937 357
45.15949 338
45.1796 379
45.19971 384
45.21983 398
45.23994 402
45.26005 392
45.28017 405
45.30028 406
45.32039 401
45.34051 386
45.36062 401
45.38074 386
45.40085 392
45.42096 419
45.44108 417
45.46119 410
45.4813 449
45.50142 435
45.52153 448
45.54165 422
45.56176 481
45.58187 447
45.60199 458
45.6221 486
45.64221 498
45.66233 516
45.68244 516
45.70256 531
45.72267 535
45.74278 537
45.7629 498
45.78301 472
45.80312 473
45.82324 428
45.84335 465
45.86346 448
45.88358 407
45.90369 423
45.92381 391
45.94392 379
45.96403 351
45.98415 384
46.00426 385
46.02437 406
46.04449 403
46.0646 366
46.08472 404
46.10483 372
46.12494 399
46.14506 377
46.16517 378
46.18528 398
46.2054 398
46.22551 398
46.24563 351
46.26574 404
46.28585 377
46.30597 350
46.32608 358
46.34619 340
46.36631 371
46.38642 343
46.40653 353
46.42665 353
46.44676 329
46.46688 326
46.48699 318
46.5071 353
46.52722 361
46.54733 356
46.56744 359
46.58756 366
46.60767 345
46.62779 360
46.6479 375
46.66801 372
46.68813 358
46.70824 375
46.72835 382
46.74847 338
46.76858 375
46.78869 347
46.80881 376
46.82892 401
46.84904 378
46.86915 361
46.88926 374
46.90938 383
46.92949 370
46.9496 404
46.96972 399
46.98983 400
47.00995 407
47.03006 419
47.05017 443
47.07029 420
47.0904 417
47.11051 391
47.13063 432
47.15074 402
47.17086 410
47.19097 370
47.21108 393
47.2312 380
47.25131 417
47.27142 423
47.29154 396
47.31165 403
47.33176 388
47.35188 382
47.37199 417
47.39211 416
47.41222 435
47.43233 388
47.45245 441
47.47256 429
47.49267 377
47.51279 452
47.5329 424
47.55302 409
47.57313 392
47.59324 448
47.61336 397
47.63347 382
47.65358 380
47.6737 419
47.69381 378
47.71393 363
47.73404 339
47.75415 370
47.77427 415
47.79438 378
47.81449 351
47.83461 373
47.85472 375
47.87483 389
47.89495 416
47.91506 346
47.93518 382
47.95529 391
47.9754 378
47.99552 390
48.01563 382
48.03574 399
48.05586 339
48.07597 367
48.09609 365
48.1162 379
48.13631 364
48.15643 363
48.17654 350
48.19665 358
48.21677 378
48.23688 344
48.257 333
48.27711 356
48.29722 351
48.31734 321
48.33745 379
48.35756 358
48.37768 356
48.39779 359
48.4179 396
48.43802 419
48.45813 364
48.47825 421
48.49836 376
48.51847 404
48.53859 382
48.5587 370
48.57881 392
48.59893 374
48.61904 395
48.63916 390
48.65927 390
48.67938 413
48.6995 416
48.71961 392
48.73972 388
48.75984 395
48.77995 406
48.80006 400
48.82018 392
48.84029 412
48.86041 353
48.88052 404
48.90063 380
48.92075 351
48.94086 369
48.96097 396
48.98109 375
49.0012 352
49.02132 385
49.04143 363
49.06154 402
49.08166 394
49.10177 405
49.12188 389
49.142 385
49.16211 407
49.18223 404
49.20234 431
49.22245 347
49.24257 412
49.26268 388
49.28279 395
49.30291 450
49.32302 408
49.34313 400
49.36325 372
49.38336 389
49.40348 409
49.42359 365
49.4437 365
49.46382 392
49.48393 371
49.50404 373
49.52416 369
49.54427 397
49.56439 364
49.5845 401
49.60461 398
49.62473 380
49.64484 399
49.66495 414
49.68507 372
49.70518 397
49.7253 429
49.74541 425
49.76552 427
49.78564 422
49.80575 433
49.82586 456
49.84598 427
49.86609 463
49.8862 460
49.90632 500
49.92643 535
49.94655 581
49.96666 615
49.98677 704
50.00689 774
50.027 804
50.04711 799
50.06723 834
50.08734 804
50.10746 740
50.12757 689
50.14768 663
50.1678 608
50.18791 578
50.20802 582
50.22814 561
50.24825 518
50.26837 445
50.28848 455
50.30859 438
50.32871 408
50.34882 473
50.36893 444
50.38905 453
50.40916 535
50.42927 476
50.44939 495
50.4695 528
50.48962 530
50.50973 496
50.52984 496
50.54996 464
50.57007 470
50.59018 490
50.6103 447
50.63041 440
50.65053 435
50.67064 426
50.69075 417
50.71087 397
50.73098 397
50.75109 405
50.77121 388
50.79132 411
50.81143 406
50.83155 404
50.85166 366
50.87178 380
50.89189 387
50.912 392
50.93212 402
50.95223 358
50.97234 389
50.99246 404
51.01257 387
51.03269 368
51.0528 405
51.07291 361
51.09303 396
51.11314 385
51.13325 402
51.15337 371
51.17348 390
51.1936 415
51.21371 392
51.23382 365
51.25394 346
51.27405 360
51.29416 370
51.31428 359
51.33439 351
51.3545 333
51.37462 346
51.39473 341
51.41485 333
51.43496 329
51.45507 319
51.47519 343
51.4953 326
51.51541 340
51.53553 328
51.55564 337
51.57576 316
51.59587 333
51.61598 317
51.6361 345
51.65621 323
51.67632 288
51.69644 322
51.71655 317
51.73667 310
51.75678 316
51.77689 320
51.79701 362
51.81712 323
51.83723 336
51.85735 318
51.87746 339
51.89757 319
51.91769 330
51.9378 318
51.95792 328
51.97803 383
51.99814 326
52.01826 359
52.03837 340
52.05848 354
52.0786 344
52.09871 339
52.11883 363
52.13894 335
52.15905 380
52.17917 372
52.19928 346
52.21939 371
52.23951 318
52.25962 342
52.27974 373
52.29985 360
52.31996 345
52.34008 342
52.36019 358
52.3803 375
52.40042 335
52.42053 347
52.44064 368
52.46076 403
52.48087 385
52.50099 358
52.5211 377
52.54121 366
52.56133 348
52.58144 360
52.60155 379
52.62167 362
52.64178 315
52.6619 310
52.68201 355
52.70212 373
52.72224 376
52.74235 364
52.76246 343
52.78258 357
52.80269 360
52.8228 338
52.84292 353
52.86303 344
52.88315 374
52.90326 337
52.92337 334
52.94349 353
52.9636 387
52.98371 364
53.00383 392
53.02394 361
53.04406 365
53.06417 384
53.08428 391
53.1044 385
53.12451 362
53.14462 374
53.16474 348
53.18485 381
53.20497 404
53.22508 376
53.24519 396
53.26531 372
53.28542 385
53.30553 378
53.32565 386
53.34576 403
53.36587 399
53.38599 367
53.4061 414
53.42622 388
53.44633 395
53.46644 392
53.48656 414
53.50667 415
53.52678 412
53.5469 403
53.56701 405
53.58713 419
53.60724 446
53.62735 381
53.64747 412
53.66758 448
53.68769 409
53.70781 400
53.72792 416
53.74804 464
53.76815 433
53.78826 424
53.80838 411
53.82849 458
53.8486 417
53.86872 412
53.88883 453
53.90894 453
53.92906 411
53.94917 433
53.96929 400
53.9894 409
54.00951 419
54.02963 408
54.04974 404
54.06985 424
54.08997 427
54.11008 457
54.1302 439
54.15031 397
54.17042 414
54.19054 432
54.21065 439
54.23076 438
54.25088 435
54.27099 404
54.29111 399
54.31122 403
54.33133 410
54.35145 398
54.37156 381
54.39167 390
54.41179 411
54.4319 401
54.45201 413
54.47213 452
54.49224 388
54.51236 398
54.53247 388
54.55258 388
54.5727 407
54.59281 420
54.61292 410
54.63304 464
54.65315 431
54.67327 495
54.69338 512
54.71349 482
54.73361 463
54.75372 497
54.77383 483
54.79395 507
54.81406 500
54.83417 478
54.85429 500
54.8744 456
54.89452 554
54.91463 443
54.93474 481
54.95486 462
54.97497 469
54.99508 419
55.0152 453
55.03531 443
55.05543 424
55.07554 417
55.09565 430
55.11577 416
55.13588 436
55.15599 409
55.17611 437
55.19622 439
55.21634 425
55.23645 411
55.25656 466
55.27668 424
55.29679 460
55.3169 441
55.33702 426
55.35713 402
55.37724 406
55.39736 412
55.41747 414
55.43759 400
55.4577 390
55.47781 417
55.49793 407
55.51804 377
55.53815 389
55.55827 372
55.57838 395
55.5985 403
55.61861 374
55.63872 379
55.65884 358
55.67895 338
55.69906 375
55.71918 337
55.73929 373
55.75941 371
55.77952 361
55.79963 397
55.81975 389
55.83986 392
55.85997 399
55.88009 363
55.9002 371
55.92031 377
55.94043 395
55.96054 392
55.98066 366
56.00077 382
56.02088 358
56.041 378
56.06111 333
56.08122 392
56.10134 344
56.12145 379
56.14157 359
56.16168 374
56.18179 379
56.20191 358
56.22202 388
56.24213 384
56.26225 357
56.28236 354
56.30248 370
56.32259 360
56.3427 384
56.36282 382
56.38293 382
56.40304 335
56.42316 366
56.44327 397
56.46338 402
56.4835 346
56.50361 340
56.52373 379
56.54384 377
56.56395 390
56.58407 373
56.60418 374
56.62429 383
56.64441 393
56.66452 388
56.68464 377
56.70475 408
56.72486 397
56.74498 380
56.76509 369
56.7852 338
56.80532 403
56.82543 389
56.84554 377
56.86566 409
56.88577 375
56.90589 347
56.926 369
56.94611 378
56.96623 356
56.98634 374
57.00645 374
57.02657 374
57.04668 376
57.0668 398
57.08691 353
57.10702 352
57.12714 373
57.14725 380
57.16736 366
57.18748 386
57.20759 419
57.22771 381
57.24782 342
57.26793 427
57.28805 387
57.30816 397
57.32827 382
57.34839 401
57.3685 399
57.38861 379
57.40873 402
57.42884 384
57.44896 349
57.46907 363
57.48918 392
57.5093 364
57.52941 377
57.54952 346
57.56964 409
57.58975 381
57.60987 368
57.62998 381
57.65009 404
57.67021 358
57.69032 381
57.71043 406
57.73055 352
57.75066 343
57.77078 348
57.79089 341
57.811 368
57.83112 331
57.85123 380
57.87134 361
57.89146 371
57.91157 334
57.93168 360
57.9518 351
57.97191 369
57.99203 383
58.01214 376
58.03225 392
58.05237 377
58.07248 364
58.09259 392
58.11271 374
58.13282 343
58.15294 339
58.17305 380
58.19316 374
58.21328 334
58.23339 385
58.2535 360
58.27362 350
58.29373 358
58.31385 355
58.33396 358
58.35407 349
58.37419 358
58.3943 343
58.41441 354
58.43453 389
58.45464 348
58.47475 391
58.49487 349
58.51498 342
58.5351 379
58.55521 381
58.57532 346
58.59544 363
58.61555 368
58.63566 350
58.65578 372
58.67589 349
58.69601 337
58.71612 407
58.73623 337
58.75635 373
58.77646 349
58.79657 353
58.81669 344
58.8368 357
58.85691 349
58.87703 341
58.89714 342
58.91726 368
58.93737 322
58.95748 305
58.9776 320
58.99771 333
59.01782 333
59.03794 382
59.05805 337
59.07817 316
59.09828 376
59.11839 336
59.13851 340
59.15862 317
59.17873 362
59.19885 380
59.21896 333
59.23908 353
59.25919 380
59.2793 329
59.29942 376
59.31953 351
59.33964 358
59.35976 351
59.37987 360
59.39998 355
59.4201 364
59.44021 361
59.46033 383
59.48044 396
59.50055 371
59.52067 355
59.54078 371
59.56089 364
59.58101 391
59.60112 356
59.62124 385
59.64135 386
59.66146 364
59.68158 403
59.70169 426
59.7218 447
59.74192 487
59.76203 504
59.78215 509
59.80226 583
59.82237 583
59.84249 592
59.8626 607
59.88271 613
59.90283 625
59.92294 586
59.94305 539
59.96317 522
59.98328 544
60.0034 497
60.02351 511
60.04362 502
60.06374 461
60.08385 434
60.10396 418
60.12408 431
60.14419 393
60.16431 398
60.18442 368
60.20453 399
60.22465 381
60.24476 379
60.26487 375
60.28499 354
60.3051 358
60.32522 393
60.34533 386
60.36544 369
60.38556 382
60.40567 391
60.42578 370
60.4459 357
60.46601 373
60.48612 362
60.50624 386
60.52635 361
60.54647 384
60.56658 367
60.58669 374
60.60681 391
60.62692 355
60.64703 406
60.66715 374
60.68726 393
60.70738 350
60.72749 410
60.7476 382
60.76772 357
60.78783 378
60.80794 368
60.82806 376
60.84817 390
60.86828 397
60.8884 384
60.90851 389
60.92863 421
60.94874 463
60.96885 450
60.98897 428
61.00908 423
61.02919 436
61.04931 449
61.06942 452
61.08954 431
61.10965 459
61.12976 469
61.14988 433
61.16999 454
61.1901 467
61.21022 413
61.23033 429
61.25045 463
61.27056 453
61.29067 441
61.31079 440
61.3309 457
61.35101 425
61.37113 447
61.39124 464
61.41135 450
61.43147 472
61.45158 471
61.4717 453
61.49181 455
61.51192 487
61.53204 485
61.55215 507
61.57226 438
61.59238 485
61.61249 490
61.63261 490
61.65272 428
61.67283 439
61.69295 451
61.71306 446
61.73317 445
61.75329 444
61.7734 452
61.79352 434
61.81363 449
61.83374 453
61.85386 425
61.87397 432
61.89408 438
61.9142 405
61.93431 423
61.95442 445
61.97454 443
61.99465 437
62.01477 406
62.03488 466
62.05499 433
62.07511 450
62.09522 404
62.11533 422
62.13545 390
62.15556 410
62.17568 424
62.19579 407
62.2159 448
62.23602 404
62.25613 400
62.27624 443
62.29636 385
62.31647 418
62.33659 417
62.3567 409
62.37681 437
62.39693 433
62.41704 418
62.43715 424
62.45727 398
62.47738 407
62.49749 397
62.51761 354
62.53772 402
62.55784 371
62.57795 407
62.59806 400
62.61818 388
62.63829 378
62.6584 401
62.67852 357
62.69863 422
62.71875 369
62.73886 365
62.75897 356
62.77909 429
62.7992 371
62.81931 399
62.83943 389
62.85954 373
62.87965 393
62.89977 383
62.91988 393
62.94 411
62.96011 366
62.98022 393
63.00034 435
63.02045 364
63.04056 394
63.06068 406
63.08079 422
63.10091 408
63.12102 399
63.14113 371
63.16125 373
63.18136 374
63.20147 387
63.22159 373
63.2417 403
63.26182 341
63.28193 343
63.30204 368
63.32216 384
63.34227 387
63.36238 405
63.3825 399
63.40261 363
63.42272 361
63.44284 384
63.46295 385
63.48307 372
63.50318 338
63.52329 342
63.54341 360
63.56352 396
63.58363 390
63.60375 363
63.62386 373
63.64398 376
63.66409 388
63.6842 377
63.70432 399
63.72443 385
63.74454 422
63.76466 429
63.78477 465
63.80489 401
63.825 413
63.84511 446
63.86523 420
63.88534 425
63.90545 423
63.92557 454
63.94568 463
63.96579 460
63.98591 460
64.00602 450
64.02614 420
64.04625 442
64.06636 393
64.08648 411
64.10659 394
64.1267 350
64.14682 382
64.16693 392
64.18705 365
64.20716 358
64.22727 388
64.24739 370
64.2675 359
64.28761 368
64.30773 358
64.32784 364
64.34796 331
64.36807 333
64.38818 326
64.4083 330
64.42841 317
64.44852 358
64.46864 339
64.48875 346
64.50886 357
64.52898 327
64.54909 330
64.56921 341
64.58932 357
64.60943 348
64.62955 359
64.64966 333
64.66977 353
64.68989 327
64.71 343
64.73012 344
64.75023 342
64.77034 359
64.79046 356
64.81057 345
64.83068 375
64.8508 369
64.87091 358
64.89102 347
64.91114 369
64.93125 364
64.95137 369
64.97148 387
64.99159 368
65.01171 355
65.03182 367
65.05193 389
65.07205 364
65.09216 349
65.11228 377
65.13239 367
65.1525 371
65.17262 351
65.19273 376
65.21284 361
65.23296 367
65.25307 356
65.27319 364
65.2933 373
65.31341 315
65.33353 371
65.35364 399
65.37375 364
65.39387 367
65.41398 336
65.43409 329
65.45421 339
65.47432 348
65.49444 343
65.51455 359
65.53466 340
65.55478 333
65.57489 325
65.595 353
65.61512 332
65.63523 344
65.65535 366
65.67546 337
65.69557 381
65.71569 341
65.7358 333
65.75591 362
65.77603 334
65.79614 341
65.81626 326
65.83637 359
65.85648 360
65.8766 329
65.89671 327
65.91682 365
65.93694 358
65.95705 346
65.97716 317
65.99728 336
66.01739 277
66.03751 343
66.05762 321
66.07773 322
66.09785 338
66.11796 355
66.13807 326
66.15819 336
66.1783 349
66.19842 350
66.21853 363
66.23864 359
66.25876 336
66.27887 324
66.29898 346
66.3191 342
66.33921 320
66.35933 332
66.37944 333
66.39955 337
66.41967 333
66.43978 336
66.45989 332
66.48001 336
66.50012 326
66.52023 330
66.54035 311
66.56046 326
66.58058 356
66.60069 339
66.6208 304
66.64092 352
66.66103 304
66.68114 311
66.70126 304
66.72137 340
66.74149 316
66.7616 340
66.78171 334
66.80183 312
66.82194 354
66.84205 356
66.86217 314
66.88228 322
66.90239 316
66.92251 330
66.94262 321
66.96274 336
66.98285 342
67.00296 324
67.02308 339
67.04319 318
67.0633 353
67.08342 318
67.10353 335
67.12365 356
67.14376 349
67.16387 360
67.18399 336
67.2041 350
67.22421 336
67.24433 324
67.26444 328
67.28456 350
67.30467 318
67.32478 345
67.3449 336
67.36501 343
67.38512 366
67.40524 357
67.42535 351
67.44546 341
67.46558 355
67.48569 397
67.50581 405
67.52592 348
67.54603 400
67.56615 467
67.58626 461
67.60637 512
67.62649 538
67.6466 511
67.66672 518
67.68683 478
67.70694 475
67.72706 474
67.74717 410
67.76728 442
67.7874 457
67.80751 441
67.82763 380
67.84774 438
67.86785 467
67.88797 419
67.90808 433
67.92819 483
67.94831 487
67.96842 508
67.98853 521
68.00865 528
68.02876 577
68.04888 597
68.06899 555
68.0891 572
68.10922 578
68.12933 566
68.14944 516
68.16956 516
68.18967 543
68.20979 514
68.2299 553
68.25001 551
68.27013 537
68.29024 509
68.31035 438
68.33047 456
68.35058 410
68.3707 378
68.39081 364
68.41092 388
68.43104 400
68.45115 385
68.47126 386
68.49138 353
68.51149 348
68.5316 357
68.55172 372
68.57183 354
68.59195 334
68.61206 323
68.63217 333
68.65229 303
68.6724 336
68.69251 321
68.71263 330
68.73274 363
68.75286 362
68.77297 300
68.79308 344
68.8132 342
68.83331 331
68.85342 320
68.87354 354
68.89365 313
68.91376 325
68.93388 312
68.95399 335
68.97411 340
68.99422 323
69.01433 344
69.03445 338
69.05456 333
69.07467 351
69.09479 315
69.1149 357
69.13502 333
69.15513 322
69.17524 323
69.19536 305
69.21547 334
69.23558 288
69.2557 310
69.27581 361
69.29593 322
69.31604 293
69.33615 314
69.35627 358
69.37638 314
69.39649 328
69.41661 317
69.43672 330
69.45683 336
69.47695 346
69.49706 349
69.51718 331
69.53729 361
69.5574 306
69.57752 338
69.59763 340
69.61774 328
69.63786 335
69.65797 355
69.67809 307
69.6982 329
69.71831 316
69.73843 290
69.75854 307
69.77865 346
69.79877 341
69.81888 330
69.839 302
69.85911 319
69.87922 324
69.89934 334
69.91945 360
69.93956 325
69.95968 319
69.97979 332
69.9999 320
70.02002 329
70.04013 307
70.06025 334
70.08036 340
70.10047 336
70.12059 329
70.1407 349
70.16081 335
70.18093 338
70.20104 336
70.22116 332
70.24127 309
70.26138 345
70.2815 317
70.30161 350
70.32172 312
70.34184 357
70.36195 319
70.38207 314
70.40218 342
70.42229 313
70.44241 336
70.46252 342
70.48263 348
70.50275 288
70.52286 322
70.54297 343
70.56309 296
70.5832 316
70.60332 317
70.62343 299
70.64354 342
70.66366 327
70.68377 340
70.70388 353
70.724 322
70.74411 347
70.76423 317
70.78434 332
70.80445 346
70.82457 327
70.84468 309
70.86479 321
70.88491 377
70.90502 307
70.92513 333
70.94525 309
70.96536 350
70.98548 314
71.00559 351
71.0257 340
71.04582 328
71.06593 340
71.08604 335
71.10616 323
71.12627 316
71.14639 311
71.1665 347
71.18661 316
71.20673 326
71.22684 307
71.24695 348
71.26707 365
71.28718 329
71.3073 385
71.32741 357
71.34752 343
71.36764 309
71.38775 366
71.40786 364
71.42798 331
71.44809 369
71.4682 350
71.48832 356
71.50843 329
71.52855 387
71.54866 326
71.56877 348
71.58889 341
71.609 327
71.62911 341
71.64923 343
71.66934 345
71.68946 341
71.70957 361
71.72968 362
71.7498 323
71.76991 309
71.79002 366
71.81014 326
71.83025 352
71.85037 330
71.87048 319
71.89059 377
71.91071 342
71.93082 348
71.95093 349
71.97105 345
71.99116 343
72.01127 333
72.03139 342
72.0515 355
72.07162 357
72.09173 349
72.11184 374
72.13196 330
72.15207 350
72.17218 343
72.1923 342
72.21241 338
72.23253 358
72.25264 362
72.27275 371
72.29287 349
72.31298 339
72.33309 328
72.35321 362
72.37332 353
72.39344 348
72.41355 333
72.43366 339
72.45378 355
72.47389 361
72.494 352
72.51412 355
72.53423 360
72.55434 339
72.57446 339
72.59457 312
72.61469 345
72.6348 366
72.65491 374
72.67503 392
72.69514 368
72.71525 370
72.73537 387
72.75548 330
72.7756 356
72.79571 342
72.81582 362
72.83594 369
72.85605 383
72.87616 370
72.89628 360
72.91639 391
72.9365 376
72.95662 377
72.97673 371
72.99685 366
73.01696 354
73.03707 354
73.05719 360
73.0773 370
73.09741 366
73.11753 357
73.13764 353
73.15776 373
73.17787 376
73.19798 367
73.2181 388
73.23821 402
73.25832 415
73.27844 379
73.29855 387
73.31867 406
73.33878 422
73.35889 402
73.37901 404
73.39912 453
73.41923 399
73.43935 403
73.45946 409
73.47957 390
73.49969 375
73.5198 406
73.53992 341
73.56003 385
73.58014 376
73.60026 342
73.62037 401
73.64048 360
73.6606 347
73.68071 325
73.70083 380
73.72094 380
73.74105 347
73.76117 338
73.78128 381
73.80139 360
73.82151 353
73.84162 333
73.86174 350
73.88185 342
73.90196 368
73.92208 328
73.94219 330
73.9623 322
73.98242 348
74.00253 348
74.02264 335
74.04276 374
74.06287 373
74.08299 335
74.1031 338
74.12321 338
74.14333 308
74.16344 326
74.18355 325
74.20367 324
74.22378 300
74.2439 339
74.26401 344
74.28412 353
74.30424 345
74.32435 336
74.34446 335
74.36458 361
74.38469 327
74.40481 339
74.42492 361
74.44503 328
74.46515 351
74.48526 348
74.50537 334
74.52549 367
74.5456 316
74.56571 326
74.58583 360
74.60594 329
74.62606 348
74.64617 313
74.66628 356
74.6864 326
74.70651 331
74.72662 331
74.74674 327
74.76685 315
74.78697 337
74.80708 336
74.82719 340
74.84731 340
74.86742 326
74.88753 339
74.90765 347
74.92776 348
74.94787 342
74.96799 329
74.9881 327
75.00822 338
