3.00117 16392
3.02128 16038
3.0414 15664
3.06151 15043
3.08162 14782
3.10174 14054
3.12185 13837
3.14197 13499
3.16208 12936
3.18219 12485
3.20231 12239
3.22242 11811
3.24253 11396
3.26265 10898
3.28276 10820
3.30288 10038
3.32299 10158
3.3431 9771
3.36322 9175
3.38333 8912
3.40344 8365
3.42356 8482
3.44367 7988
3.46379 7609
3.4839 7526
3.50401 7215
3.52413 6734
3.54424 6548
3.56435 6199
3.58447 6266
3.60458 5838
3.62469 5692
3.64481 5430
3.66492 5067
3.68504 4984
3.70515 4765
3.72526 4629
3.74538 4353
3.76549 4116
3.7856 4136
3.80572 3792
3.82583 3821
3.84595 3384
3.86606 3282
3.88617 3373
3.90629 3024
3.9264 2910
3.94651 2854
3.96663 2673
3.98674 2688
4.00686 2528
4.02697 2360
4.04708 2237
4.0672 2090
4.08731 2126
4.10742 2099
4.12754 1868
4.14765 1860
4.16776 1806
4.18788 1899
4.20799 1822
4.22811 1674
4.24822 1625
4.26833 1483
4.28845 1615
4.30856 1545
4.32867 1512
4.34879 1417
4.3689 1380
4.38902 1385
4.40913 1407
4.42924 1345
4.44936 1261
4.46947 1198
4.48958 1204
4.5097 1263
4.52981 1116
4.54992 1106
4.57004 1135
4.59015 1088
4.61027 1093
4.63038 973
4.65049 1034
4.67061 944
4.69072 1045
4.71083 963
4.73095 951
4.75106 886
4.77118 837
4.79129 879
4.8114 881
4.83152 785
4.85163 835
4.87174 737
4.89186 714
4.91197 737
4.93209 741
4.9522 726
4.97231 713
4.99243 744
5.01254 693
5.03265 643
5.05277 641
5.07288 621
5.09299 641
5.11311 580
5.13322 566
5.15334 624
5.17345 561
5.19356 572
5.21368 582
5.23379 527
5.2539 563
5.27402 542
5.29413 458
5.31425 552
5.33436 500
5.35447 531
5.37459 493
5.3947 478
5.41481 455
5.43493 437
5.45504 453
5.47516 450
5.49527 500
5.51538 408
5.5355 405
5.55561 397
5.57572 444
5.59584 410
5.61595 405
5.63606 392
5.65618 364
5.67629 378
5.69641 366
5.71652 342
5.73663 377
5.75675 380
5.77686 355
5.79697 406
5.81709 390
5.8372 380
5.85732 367
5.87743 372
5.89754 366
5.91766 321
5.93777 328
5.95788 381
5.978 343
5.99811 345
6.01823 333
6.03834 320
6.05845 312
6.07857 326
6.09868 333
6.11879 312
6.13891 310
6.15902 341
6.17913 315
6.19925 330
6.21936 318
6.23948 332
6.25959 319
6.2797 326
6.29982 313
6.31993 329
6.34004 338
6.36016 329
6.38027 352
6.40039 319
6.4205 334
6.44061 292
6.46073 351
6.48084 304
6.50095 298
6.52107 290
6.54118 273
6.56129 312
6.58141 323
6.60152 312
6.62164 335
6.64175 286
6.66186 296
6.68198 287
6.70209 282
6.7222 321
6.74232 314
6.76243 309
6.78255 274
6.80266 294
6.82277 299
6.84289 301
6.863 284
6.88311 270
6.90323 284
6.92334 271
6.94346 309
6.96357 257
6.98368 281
7.0038 287
7.02391 260
7.04402 249
7.06414 275
7.08425 294
7.10436 295
7.12448 291
7.14459 291
7.16471 271
7.18482 257
7.20493 270
7.22505 312
7.24516 299
7.26527 274
7.28539 326
7.3055 270
7.32562 282
7.34573 278
7.36584 270
7.38596 287
7.40607 286
7.42618 299
7.4463 282
7.46641 277
7.48653 286
7.50664 251
7.52675 294
7.54687 268
7.56698 262
7.58709 256
7.60721 306
7.62732 240
7.64743 273
7.66755 289
7.68766 292
7.70778 289
7.72789 314
7.748 277
7.76812 261
7.78823 290
7.80834 316
7.82846 310
7.84857 271
7.86869 290
7.8888 281
7.90891 269
7.92903 292
7.94914 300
7.96925 278
7.98937 288
8.00948 261
8.0296 298
8.04971 289
8.06982 307
8.08994 284
8.11005 320
8.13016 289
8.15028 288
8.17039 312
8.1905 296
8.21062 284
8.23073 325
8.25085 296
8.27096 293
8.29107 320
8.31119 316
8.3313 331
8.35141 326
8.37153 321
8.39164 299
8.41176 300
8.43187 310
8.45198 316
8.4721 333
8.49221 323
8.51232 315
8.53244 322
8.55255 343
8.57266 350
8.59278 334
8.61289 351
8.63301 341
8.65312 331
8.67323 349
8.69335 401
8.71346 410
8.73357 400
8.75369 427
8.7738 403
8.79392 392
8.81403 406
8.83414 408
8.85426 388
8.87437 374
8.89448 360
8.9146 368
8.93471 342
8.95483 370
8.97494 311
8.99505 312
9.01517 272
9.03528 286
9.05539 291
9.07551 285
9.09562 321
9.11573 309
9.13585 273
9.15596 303
9.17608 292
9.19619 291
9.2163 335
9.23642 282
9.25653 293
9.27664 280
9.29676 276
9.31687 284
9.33699 290
9.3571 283
9.37721 269
9.39733 242
9.41744 274
9.43755 282
9.45767 263
9.47778 299
9.4979 273
9.51801 302
9.53812 251
9.55824 304
9.57835 265
9.59846 263
9.61858 297
9.63869 263
9.6588 289
9.67892 270
9.69903 269
9.71915 299
9.73926 279
9.75937 268
9.77949 267
9.7996 278
9.81971 287
9.83983 284
9.85994 273
9.88006 273
9.90017 263
9.92028 289
9.9404 253
9.96051 269
9.98062 277
10.00074 265
10.02085 263
10.04097 302
10.06108 272
10.08119 282
10.10131 274
10.12142 277
10.14153 261
10.16165 247
10.18176 276
10.20187 274
10.22199 277
10.2421 294
10.26222 284
10.28233 272
10.30244 290
10.32256 291
10.34267 283
10.36278 328
10.3829 313
10.40301 366
10.42313 321
10.44324 376
10.46335 331
10.48347 333
10.50358 291
10.52369 300
10.54381 306
10.56392 271
10.58403 272
10.60415 248
10.62426 266
10.64438 282
10.66449 253
10.6846 258
10.70472 281
10.72483 267
10.74494 290
10.76506 285
10.78517 265
10.80529 268
10.8254 278
10.84551 272
10.86563 295
10.88574 311
10.90585 319
10.92597 303
10.94608 336
10.9662 267
10.98631 301
11.00642 324
11.02654 337
11.04665 305
11.06676 324
11.08688 294
11.10699 284
11.1271 276
11.14722 276
11.16733 263
11.18745 251
11.20756 267
11.22767 298
11.24779 320
11.2679 280
11.28801 294
11.30813 277
11.32824 255
11.34836 262
11.36847 291
11.38858 279
11.4087 281
11.42881 284
11.44892 263
11.46904 271
11.48915 280
11.50927 275
11.52938 251
11.54949 283
11.56961 272
11.58972 305
11.60983 291
11.62995 258
11.65006 273
11.67017 285
11.69029 244
11.7104 300
11.73052 278
11.75063 291
11.77074 267
11.79086 307
11.81097 280
11.83108 257
11.8512 266
11.87131 277
11.89143 243
11.91154 278
11.93165 264
11.95177 290
11.97188 268
11.99199 283
12.01211 267
12.03222 283
12.05234 289
12.07245 285
12.09256 274
12.11268 278
12.13279 258
12.1529 279
12.17302 316
12.19313 300
12.21324 306
12.23336 294
12.25347 287
12.27359 276
12.2937 319
12.31381 295
12.33393 287
12.35404 294
12.37415 296
12.39427 277
12.41438 278
12.4345 269
12.45461 253
12.47472 249
12.49484 273
12.51495 292
12.53506 256
12.55518 286
12.57529 295
12.5954 281
12.61552 287
12.63563 291
12.65575 281
12.67586 265
12.69597 282
12.71609 246
12.7362 240
12.75631 237
12.77643 245
12.79654 263
12.81666 268
12.83677 273
12.85688 276
12.877 257
12.89711 264
12.91722 250
12.93734 221
12.95745 242
12.97757 233
12.99768 268
13.01779 257
13.03791 237
13.05802 244
13.07813 247
13.09825 244
13.11836 255
13.13847 276
13.15859 264
13.1787 264
13.19882 272
13.21893 252
13.23904 260
13.25916 273
13.27927 249
13.29938 252
13.3195 260
13.33961 260
13.35973 275
13.37984 258
13.39995 289
13.42007 249
13.44018 264
13.46029 249
13.48041 232
13.50052 263
13.52064 248
13.54075 269
13.56086 223
13.58098 260
13.60109 270
13.6212 295
13.64132 273
13.66143 301
13.68154 297
13.70166 341
13.72177 307
13.74189 320
13.762 382
13.78211 445
13.80223 485
13.82234 473
13.84245 601
13.86257 515
13.88268 474
13.9028 474
13.92291 373
13.94302 338
13.96314 333
13.98325 331
14.00336 311
14.02348 282
14.04359 301
14.06371 282
14.08382 257
14.10393 280
14.12405 267
14.14416 239
14.16427 258
14.18439 237
14.2045 211
14.22461 250
14.24473 252
14.26484 257
14.28496 242
14.30507 255
14.32518 269
14.3453 240
14.36541 231
14.38552 264
14.40564 242
14.42575 252
14.44587 247
14.46598 251
14.48609 248
14.50621 238
14.52632 256
14.54643 260
14.56655 218
14.58666 257
14.60677 273
14.62689 237
14.647 261
14.66712 219
14.68723 242
14.70734 255
14.72746 240
14.74757 237
14.76768 241
14.7878 250
14.80791 242
14.82803 247
14.84814 262
14.86825 245
14.88837 269
14.90848 281
14.92859 307
14.94871 295
14.96882 282
14.98894 306
15.00905 316
15.02916 294
15.04928 261
15.06939 271
15.0895 304
15.10962 253
15.12973 233
15.14984 248
15.16996 303
15.19007 274
15.21019 239
15.2303 270
15.25041 259
15.27053 258
15.29064 238
15.31075 211
15.33087 247
15.35098 257
15.3711 232
15.39121 231
15.41132 246
15.43144 213
15.45155 244
15.47166 226
15.49178 220
15.51189 220
15.53201 235
15.55212 247
15.57223 252
15.59235 235
15.61246 244
15.63257 273
15.65269 268
15.6728 235
15.69291 260
15.71303 277
15.73314 283
15.75326 279
15.77337 298
15.79348 306
15.8136 243
15.83371 307
15.85382 286
15.87394 276
15.89405 248
15.91417 248
15.93428 233
15.95439 259
15.97451 257
15.99462 272
16.01473 247
16.03485 207
16.05496 234
16.07508 240
16.09519 242
16.1153 241
16.13542 248
16.15553 240
16.17564 239
16.19576 224
16.21587 225
16.23598 238
16.2561 211
16.27621 263
16.29633 224
16.31644 239
16.33655 206
16.35667 240
16.37678 235
16.39689 225
16.41701 248
16.43712 224
16.45724 245
16.47735 230
16.49746 246
16.51758 230
16.53769 256
16.5578 236
16.57792 203
16.59803 223
16.61814 219
16.63826 220
16.65837 236
16.67849 232
16.6986 249
16.71871 241
16.73883 242
16.75894 262
16.77905 203
16.79917 244
16.81928 230
16.8394 226
16.85951 232
16.87962 234
16.89974 249
16.91985 231
16.93996 220
16.96008 209
16.98019 225
17.00031 231
17.02042 246
17.04053 250
17.06065 216
17.08076 242
17.10087 230
17.12099 233
17.1411 207
17.16121 233
17.18133 213
17.20144 246
17.22156 222
17.24167 264
17.26178 256
17.2819 264
17.30201 258
17.32212 250
17.34224 253
17.36235 250
17.38247 268
17.40258 267
17.42269 249
17.44281 267
17.46292 259
17.48303 249
17.50315 267
17.52326 283
17.54338 306
17.56349 318
17.5836 364
17.60372 377
17.62383 391
17.64394 345
17.66406 414
17.68417 307
17.70428 329
17.7244 312
17.74451 293
17.76463 254
17.78474 265
17.80485 256
17.82497 263
17.84508 258
17.86519 238
17.88531 280
17.90542 269
17.92554 247
17.94565 244
17.96576 273
17.98588 236
18.00599 256
18.0261 235
18.04622 245
18.06633 244
18.08645 230
18.10656 253
18.12667 255
18.14679 257
18.1669 208
18.18701 227
18.20713 207
18.22724 204
18.24735 233
18.26747 215
18.28758 268
18.3077 227
18.32781 251
18.34792 215
18.36804 226
18.38815 239
18.40826 220
18.42838 228
18.44849 240
18.46861 225
18.48872 265
18.50883 241
18.52895 239
18.54906 245
18.56917 252
18.58929 249
18.6094 222
18.62951 238
18.64963 234
18.66974 210
18.68986 241
18.70997 259
18.73008 225
18.7502 244
18.77031 252
18.79042 255
18.81054 231
18.83065 228
18.85077 249
18.87088 249
18.89099 241
18.91111 256
18.93122 246
18.95133 290
18.97145 234
18.99156 219
19.01168 242
19.03179 238
19.0519 241
19.07202 233
19.09213 260
19.11224 266
19.13236 246
19.15247 278
19.17258 249
19.1927 288
19.21281 281
19.23293 314
19.25304 302
19.27315 295
19.29327 322
19.31338 309
19.33349 302
19.35361 300
19.37372 320
19.39384 303
19.41395 275
19.43406 278
19.45418 292
19.47429 297
19.4944 306
19.51452 335
19.53463 333
19.55475 326
19.57486 317
19.59497 325
19.61509 331
19.6352 358
19.65531 344
19.67543 375
19.69554 360
19.71565 334
19.73577 408
19.75588 400
19.776 408
19.79611 410
19.81622 387
19.83634 452
19.85645 416
19.87656 405
19.89668 400
19.91679 400
19.93691 361
19.95702 436
19.97713 395
19.99725 380
20.01736 376
20.03747 356
20.05759 384
20.0777 375
20.09782 340
20.11793 351
20.13804 362
20.15816 376
20.17827 365
20.19838 376
20.2185 326
20.23861 340
20.25872 326
20.27884 398
20.29895 339
20.31907 344
20.33918 359
20.35929 363
20.37941 368
20.39952 339
20.41963 337
20.43975 312
20.45986 388
20.47998 357
20.50009 371
20.5202 372
20.54032 358
20.56043 343
20.58054 347
20.60066 388
20.62077 389
20.64088 428
20.661 442
20.68111 473
20.70123 570
20.72134 730
20.74145 913
20.76157 1133
20.78168 1502
20.80179 1818
20.82191 2064
20.84202 2039
20.86214 1771
20.88225 1368
20.90236 1082
20.92248 832
20.94259 692
20.9627 566
20.98282 519
21.00293 491
21.02305 450
21.04316 438
21.06327 421
21.08339 347
21.1035 356
21.12361 354
21.14373 360
21.16384 352
21.18395 318
21.20407 335
21.22418 341
21.2443 319
21.26441 310
21.28452 324
21.30464 345
21.32475 326
21.34486 325
21.36498 292
21.38509 342
21.40521 311
21.42532 330
21.44543 339
21.46555 316
21.48566 344
21.50577 301
21.52589 300
21.546 322
21.56612 300
21.58623 351
21.60634 334
21.62646 342
21.64657 312
21.66668 341
21.6868 314
21.70691 326
21.72702 307
21.74714 370
21.76725 383
21.78737 393
21.80748 411
21.82759 446
21.84771 476
21.86782 544
21.88793 714
21.90805 844
21.92816 1103
21.94828 1353
21.96839 1662
21.9885 1783
22.00862 1757
22.02873 1675
22.04884 1479
22.06896 1253
22.08907 993
22.10919 799
22.1293 611
22.14941 514
22.16953 513
22.18964 443
22.20975 488
22.22987 449
22.24998 471
22.27009 460
22.29021 451
22.31032 425
22.33044 382
22.35055 372
22.37066 347
22.39078 340
22.41089 337
22.431 313
22.45112 335
22.47123 317
22.49135 364
22.51146 334
22.53157 294
22.55169 308
22.5718 322
22.59191 316
22.61203 337
22.63214 325
22.65225 300
22.67237 333
22.69248 327
22.7126 319
22.73271 304
22.75282 348
22.77294 344
22.79305 371
22.81316 375
22.83328 382
22.85339 386
22.87351 403
22.89362 464
22.91373 464
22.93385 487
22.95396 486
22.97407 519
22.99419 530
23.0143 526
23.03442 546
23.05453 508
23.07464 456
23.09476 458
23.11487 411
23.13498 434
23.1551 413
23.17521 407
23.19532 385
23.21544 389
23.23555 338
23.25567 362
23.27578 367
23.29589 371
23.31601 371
23.33612 385
23.35623 392
23.37635 411
23.39646 475
23.41658 513
23.43669 611
23.4568 707
23.47692 848
23.49703 842
23.51714 944
23.53726 929
23.55737 890
23.57749 806
23.5976 765
23.61771 638
23.63783 574
23.65794 507
23.67805 452
23.69817 493
23.71828 451
23.73839 438
23.75851 437
23.77862 442
23.79874 480
23.81885 514
23.83896 503
23.85908 529
23.87919 550
23.8993 575
23.91942 564
23.93953 590
23.95965 591
23.97976 557
23.99987 527
24.01999 557
24.0401 612
24.06021 646
24.08033 633
24.10044 737
24.12056 810
24.14067 827
24.16078 888
24.1809 1001
24.20101 1065
24.22112 1151
24.24124 1187
24.26135 1116
24.28146 1105
24.30158 922
24.32169 847
24.34181 689
24.36192 602
24.38203 518
24.40215 496
24.42226 453
24.44237 418
24.46249 343
24.4826 365
24.50272 381
24.52283 330
24.54294 341
24.56306 323
24.58317 346
24.60328 342
24.6234 344
24.64351 346
24.66362 368
24.68374 367
24.70385 382
24.72397 381
24.74408 343
24.76419 302
24.78431 323
24.80442 316
24.82453 313
24.84465 343
24.86476 372
24.88488 334
24.90499 360
24.9251 360
24.94522 354
24.96533 350
24.98544 351
25.00556 330
25.02567 350
25.04579 333
25.0659 339
25.08601 347
25.10613 315
25.12624 356
25.14635 354
25.16647 377
25.18658 350
25.20669 385
25.22681 373
25.24692 397
25.26704 423
25.28715 442
25.30726 513
25.32738 469
25.34749 579
25.3676 641
25.38772 625
25.40783 669
25.42795 665
25.44806 761
25.46817 690
25.48829 732
25.5084 682
25.52851 673
25.54863 621
25.56874 556
25.58886 541
25.60897 535
25.62908 494
25.6492 460
25.66931 421
25.68942 452
25.70954 445
25.72965 433
25.74976 404
25.76988 392
25.78999 412
25.81011 374
25.83022 421
25.85033 410
25.87045 391
25.89056 396
25.91067 390
25.93079 402
25.9509 380
25.97102 388
25.99113 404
26.01124 401
26.03136 401
26.05147 451
26.07158 462
26.0917 463
26.11181 436
26.13193 503
26.15204 548
26.17215 534
26.19227 570
26.21238 642
26.23249 616
26.25261 616
26.27272 668
26.29283 753
26.31295 815
26.33306 894
26.35318 1019
26.37329 1083
26.3934 1210
26.41352 1282
26.43363 1401
26.45374 1668
26.47386 1928
26.49397 2645
26.51409 3396
26.5342 4479
26.55431 6017
26.57443 7244
26.59454 8348
26.61465 8323
26.63477 7464
26.65488 6153
26.67499 4909
26.69511 3567
26.71522 2453
26.73534 1572
26.75545 1127
26.77556 802
26.79568 727
26.81579 683
26.8359 659
26.85602 575
26.87613 599
26.89625 597
26.91636 535
26.93647 552
26.95659 583
26.9767 546
26.99681 562
27.01693 570
27.03704 537
27.05716 530
27.07727 530
27.09738 527
27.1175 474
27.13761 441
27.15772 461
27.17784 424
27.19795 459
27.21806 471
27.23818 480
27.25829 492
27.27841 473
27.29852 495
27.31863 554
27.33875 523
27.35886 601
27.37897 631
27.39909 717
27.4192 686
27.43932 648
27.45943 653
27.47954 693
27.49966 703
27.51977 683
27.53988 671
27.56 703
27.58011 763
27.60023 890
27.62034 1010
27.64045 1273
27.66057 1485
27.68068 1676
27.70079 1940
27.72091 1963
27.74102 1990
27.76113 2137
27.78125 2130
27.80136 2166
27.82148 2264
27.84159 2579
27.8617 2762
27.88182 2969
27.90193 2984
27.92204 2796
27.94216 2647
27.96227 2429
27.98239 2128
28.0025 1720
28.02261 1458
28.04273 1249
28.06284 1179
28.08295 1081
28.10307 1013
28.12318 1012
28.1433 998
28.16341 917
28.18352 945
28.20364 931
28.22375 944
28.24386 905
28.26398 932
28.28409 876
28.3042 833
28.32432 764
28.34443 706
28.36455 599
28.38466 570
28.40477 481
28.42489 445
28.445 458
28.46511 407
28.48523 400
28.50534 407
28.52546 397
28.54557 374
28.56568 312
28.5858 312
28.60591 355
28.62602 322
28.64614 356
28.66625 346
28.68636 302
28.70648 330
28.72659 343
28.74671 317
28.76682 286
28.78693 316
28.80705 324
28.82716 300
28.84727 344
28.86739 280
28.8875 288
28.90762 320
28.92773 331
28.94784 298
28.96796 311
28.98807 301
29.00818 323
29.0283 296
29.04841 342
29.06853 320
29.08864 341
29.10875 355
29.12887 322
29.14898 328
29.16909 347
29.18921 330
29.20932 338
29.22943 345
29.24955 366
29.26966 329
29.28978 415
29.30989 372
29.33 408
29.35012 479
29.37023 518
29.39034 536
29.41046 514
29.43057 505
29.45069 476
29.4708 514
29.49091 466
29.51103 466
29.53114 468
29.55125 447
29.57137 419
29.59148 432
29.6116 465
29.63171 483
29.65182 450
29.67194 457
29.69205 512
29.71216 505
29.73228 484
29.75239 507
29.7725 537
29.79262 479
29.81273 478
29.83285 507
29.85296 451
29.87307 457
29.89319 441
29.9133 421
29.93341 472
29.95353 476
29.97364 514
29.99376 533
30.01387 577
30.03398 601
30.0541 637
30.07421 582
30.09432 593
30.11444 600
30.13455 619
30.15467 645
30.17478 606
30.19489 626
30.21501 622
30.23512 626
30.25523 623
30.27535 578
30.29546 620
30.31557 641
30.33569 633
30.3558 680
30.37592 724
30.39603 775
30.41614 788
30.43626 827
30.45637 827
30.47648 800
30.4966 826
30.51671 746
30.53683 666
30.55694 642
30.57705 577
30.59717 501
30.61728 518
30.63739 573
30.65751 571
30.67762 538
30.69773 587
30.71785 704
30.73796 686
30.75808 764
30.77819 796
30.7983 836
30.81842 824
30.83853 737
30.85864 643
30.87876 654
30.89887 574
30.91899 458
30.9391 441
30.95921 401
30.97933 350
30.99944 378
31.01955 322
31.03967 338
31.05978 331
31.0799 360
31.10001 393
31.12012 373
31.14024 407
31.16035 463
31.18046 460
31.20058 488
31.22069 477
31.2408 477
31.26092 470
31.28103 419
31.30115 427
31.32126 400
31.34137 439
31.36149 391
31.3816 410
31.40171 427
31.42183 421
31.44194 367
31.46206 372
31.48217 372
31.50228 362
31.5224 350
31.54251 368
31.56262 348
31.58274 353
31.60285 374
31.62297 354
31.64308 376
31.66319 385
31.68331 413
31.70342 457
31.72353 448
31.74365 479
31.76376 476
31.78387 519
31.80399 405
31.8241 420
31.84422 385
31.86433 375
31.88444 350
31.90456 364
31.92467 355
31.94478 321
31.9649 333
31.98501 346
32.00513 374
32.02524 341
32.04535 338
32.06547 361
32.08558 352
32.10569 338
32.12581 335
32.14592 357
32.16604 323
32.18615 330
32.20626 314
32.22638 317
32.24649 306
32.2666 290
32.28672 310
32.30683 321
32.32694 314
32.34706 316
32.36717 330
32.38729 341
32.4074 304
32.42751 316
32.44763 312
32.46774 299
32.48785 284
32.50797 310
32.52808 293
32.5482 306
32.56831 266
32.58842 279
32.60854 333
32.62865 290
32.64876 269
32.66888 267
32.68899 294
32.7091 272
32.72922 276
32.74933 290
32.76945 285
32.78956 305
32.80967 329
32.82979 295
32.8499 338
32.87001 304
32.89013 337
32.91024 342
32.93036 335
32.95047 375
32.97058 358
32.9907 365
33.01081 352
33.03092 336
33.05104 325
33.07115 324
33.09127 322
33.11138 355
33.13149 348
33.15161 357
33.17172 361
33.19183 347
33.21195 378
33.23206 458
33.25217 438
33.27229 453
33.2924 455
33.31252 465
33.33263 453
33.35274 425
33.37286 396
33.39297 398
33.41308 401
33.4332 384
33.45331 368
33.47343 363
33.49354 342
33.51365 332
33.53377 350
33.55388 372
33.57399 327
33.59411 352
33.61422 327
33.63434 354
33.65445 386
33.67456 360
33.69468 397
33.71479 379
33.7349 421
33.75502 461
33.77513 397
33.79524 414
33.81536 417
33.83547 454
33.85559 464
33.8757 431
33.89581 460
33.91593 394
33.93604 453
33.95615 400
33.97627 396
33.99638 374
34.0165 367
34.03661 352
34.05672 370
34.07684 384
34.09695 395
34.11706 395
34.13718 410
34.15729 384
34.17741 431
34.19752 437
34.21763 428
34.23775 441
34.25786 462
34.27797 408
34.29809 450
34.3182 421
34.33831 467
34.35843 480
34.37854 523
34.39866 530
34.41877 524
34.43888 565
34.459 551
34.47911 510
34.49922 524
34.51934 521
34.53945 496
34.55957 478
34.57968 427
34.59979 399
34.61991 433
34.64002 382
34.66013 345
34.68025 340
34.70036 369
34.72047 370
34.74059 375
34.7607 391
34.78082 406
34.80093 363
34.82104 398
34.84116 476
34.86127 458
34.88138 532
34.9015 492
34.92161 494
34.94173 579
34.96184 551
34.98195 544
35.00207 591
35.02218 544
35.04229 522
35.06241 481
35.08252 496
35.10264 499
35.12275 439
35.14286 413
35.16298 488
35.18309 428
35.2032 471
35.22332 442
35.24343 438
35.26354 503
35.28366 484
35.30377 543
35.32389 504
35.344 536
35.36411 532
35.38423 524
35.40434 485
35.42445 512
35.44457 484
35.46468 473
35.4848 467
35.50491 467
35.52502 415
35.54514 421
35.56525 415
35.58536 429
35.60548 409
35.62559 415
35.64571 396
35.66582 419
35.68593 427
35.70605 401
35.72616 387
35.74627 359
35.76639 354
35.7865 356
35.80661 348
35.82673 359
35.84684 325
35.86696 345
35.88707 368
35.90718 385
35.9273 317
35.94741 367
35.96752 348
35.98764 384
36.00775 377
36.02787 367
36.04798 398
36.06809 365
36.08821 378
36.10832 383
36.12843 396
36.14855 378
36.16866 344
36.18878 347
36.20889 384
36.229 367
36.24912 370
36.26923 373
36.28934 391
36.30946 380
36.32957 405
36.34968 460
36.3698 431
36.38991 465
36.41003 586
36.43014 639
36.45025 732
36.47037 800
36.49048 827
36.51059 886
36.53071 826
36.55082 791
36.57094 728
36.59105 685
36.61116 634
36.63128 609
36.65139 561
36.6715 476
36.69162 465
36.71173 499
36.73184 454
36.75196 457
36.77207 463
36.79219 426
36.8123 421
36.83241 447
36.85253 407
36.87264 438
36.89275 419
36.91287 417
36.93298 441
36.9531 459
36.97321 416
36.99332 413
37.01344 367
37.03355 396
37.05366 376
37.07378 343
37.09389 356
37.11401 344
37.13412 366
37.15423 383
37.17435 362
37.19446 366
37.21457 375
37.23469 411
37.2548 436
37.27491 430
37.29503 535
37.31514 472
37.33526 550
37.35537 536
37.37548 579
37.3956 534
37.41571 509
37.43582 504
37.45594 481
37.47605 499
37.49617 525
37.51628 456
37.53639 455
37.55651 410
37.57662 439
37.59673 462
37.61685 417
37.63696 424
37.65708 423
37.67719 394
37.6973 418
37.71742 350
37.73753 363
37.75764 383
37.77776 364
37.79787 361
37.81798 332
37.8381 323
37.85821 303
37.87833 319
37.89844 285
37.91855 275
37.93867 321
37.95878 293
37.97889 326
37.99901 299
38.01912 279
38.03924 262
38.05935 295
38.07946 256
38.09958 295
38.11969 283
38.1398 309
38.15992 304
38.18003 280
38.20015 283
38.22026 290
38.24037 309
38.26049 294
38.2806 295
38.30071 298
38.32083 287
38.34094 294
38.36105 299
38.38117 286
38.40128 313
38.4214 294
38.44151 282
38.46162 303
38.48174 319
38.50185 302
38.52196 331
38.54208 324
38.56219 335
38.58231 315
38.60242 309
38.62253 341
38.64265 308
38.66276 311
38.68287 340
38.70299 330
38.7231 365
38.74321 351
38.76333 397
38.78344 366
38.80356 385
38.82367 398
38.84378 331
38.8639 369
38.88401 392
38.90412 342
38.92424 349
38.94435 346
38.96447 335
38.98458 347
39.00469 367
39.02481 357
39.04492 387
39.06503 392
39.08515 387
39.10526 397
39.12538 446
39.14549 417
39.1656 412
39.18572 395
39.20583 405
39.22594 444
39.24606 433
39.26617 425
39.28628 428
39.3064 472
39.32651 507
39.34663 580
39.36674 691
39.38685 739
39.40697 818
39.42708 804
39.44719 782
39.46731 712
39.48742 637
39.50754 591
39.52765 564
39.54776 514
39.56788 466
39.58799 414
39.6081 380
39.62822 369
39.64833 284
39.66845 311
39.68856 314
39.70867 321
39.72879 316
39.7489 313
39.76901 326
39.78913 295
39.80924 287
39.82935 276
39.84947 313
39.86958 290
39.8897 304
39.90981 292
39.92992 318
39.95004 273
39.97015 277
39.99026 275
40.01038 305
40.03049 298
40.05061 348
40.07072 331
40.09083 345
40.11095 358
40.13106 362
40.15117 403
40.17129 379
40.1914 433
40.21152 479
40.23163 500
40.25174 529
40.27186 488
40.29197 435
40.31208 410
40.3322 410
40.35231 381
40.37242 355
40.39254 360
40.41265 310
40.43277 291
40.45288 310
40.47299 299
40.49311 308
40.51322 297
40.53333 259
40.55345 312
40.57356 285
40.59368 262
40.61379 281
40.6339 267
40.65402 321
40.67413 282
40.69424 297
40.71436 273
40.73447 298
40.75458 307
40.7747 293
40.79481 281
40.81493 312
40.83504 290
40.85515 269
40.87527 304
40.89538 274
40.91549 271
40.93561 291
40.95572 292
40.97584 304
40.99595 307
41.01606 307
41.03618 293
41.05629 308
41.0764 315
41.09652 369
41.11663 316
41.13675 321
41.15686 370
41.17697 326
41.19709 354
41.2172 330
41.23731 301
41.25743 309
41.27754 348
41.29765 329
41.31777 309
41.33788 303
41.358 307
41.37811 273
41.39822 297
41.41834 262
41.43845 309
41.45856 288
41.47868 352
41.49879 343
41.51891 319
41.53902 329
41.55913 359
41.57925 380
41.59936 350
41.61947 383
41.63959 390
41.6597 400
41.67982 417
41.69993 387
41.72004 435
41.74016 418
41.76027 387
41.78038 398
41.8005 375
41.82061 380
41.84072 346
41.86084 354
41.88095 336
41.90107 323
41.92118 332
41.94129 321
41.96141 303
41.98152 315
42.00163 307
42.02175 302
42.04186 283
42.06198 305
42.08209 292
42.1022 313
42.12232 310
42.14243 298
42.16254 299
42.18266 351
42.20277 365
42.22289 354
42.243 389
42.26311 413
42.28323 382
42.30334 471
42.32345 525
42.34357 592
42.36368 611
42.38379 685
42.40391 688
42.42402 721
42.44414 634
42.46425 558
42.48436 539
42.50448 538
42.52459 538
42.5447 490
42.56482 476
42.58493 435
42.60505 432
42.62516 396
42.64527 416
42.66539 434
42.6855 427
42.70561 434
42.72573 438
42.74584 423
42.76595 414
42.78607 403
42.80618 381
42.8263 424
42.84641 440
42.86652 400
42.88664 368
42.90675 390
42.92686 378
42.94698 341
42.96709 344
42.98721 333
43.00732 326
43.02743 292
43.04755 345
43.06766 289
43.08777 322
43.10789 310
43.128 317
43.14812 288
43.16823 316
43.18834 304
43.20846 320
43.22857 307
43.24868 308
43.2688 273
43.28891 289
43.30902 293
43.32914 315
43.34925 295
43.36937 282
43.38948 316
43.40959 309
43.42971 339
43.44982 294
43.46993 339
43.49005 350
43.51016 320
43.53028 292
43.55039 328
43.5705 296
43.59062 308
43.61073 312
43.63084 308
43.65096 313
43.67107 302
43.69119 309
43.7113 284
43.73141 311
43.75153 303
43.77164 285
43.79175 279
43.81187 278
43.83198 265
43.85209 279
43.87221 247
43.89232 256
43.91244 252
43.93255 280
43.95266 252
43.97278 247
43.99289 255
44.013 244
44.03312 248
44.05323 253
44.07335 258
44.09346 251
44.11357 285
44.13369 272
44.1538 291
44.17391 274
44.19403 303
44.21414 286
44.23426 246
44.25437 242
44.27448 280
44.2946 259
44.31471 249
44.33482 224
44.35494 255
44.37505 250
44.39516 248
44.41528 252
44.43539 266
44.45551 278
44.47562 256
44.49573 268
44.51585 291
44.53596 292
44.55607 291
44.57619 268
44.5963 276
44.61642 310
44.63653 294
44.65664 276
44.67676 295
44.69687 269
44.71698 274
44.7371 258
44.75721 291
44.77732 281
44.79744 261
44.81755 311
44.83767 252
44.85778 278
44.87789 266
44.89801 289
44.91812 281
44.93823 288
44.95835 277
44.97846 294
44.99858 274
45.01869 278
45.0388 302
45.05892 292
45.07903 306
45.09914 310
45.11926 309
45.13937 315
45.15949 318
45.1796 307
45.19971 311
45.21983 345
45.23994 341
45.26005 302
45.28017 341
45.30028 310
45.32039 305
45.34051 298
45.36062 335
45.38074 318
45.40085 325
45.42096 314
45.44108 322
45.46119 311
45.4813 323
45.50142 313
45.52153 327
45.54165 297
45.56176 334
45.58187 320
45.60199 366
45.6221 389
45.64221 379
45.66233 458
45.68244 437
45.70256 443
45.72267 507
45.74278 527
45.7629 529
45.78301 489
45.80312 448
45.82324 411
45.84335 381
45.86346 346
45.88358 383
45.90369 387
45.92381 330
45.94392 292
45.96403 265
45.98415 271
46.00426 234
46.02437 290
46.04449 235
46.0646 250
46.08472 290
46.10483 306
46.12494 239
46.14506 272
46.16517 258
46.18528 272
46.2054 278
46.22551 241
46.24563 247
46.26574 242
46.28585 233
46.30597 240
46.32608 265
46.34619 218
46.36631 275
46.38642 256
46.40653 249
46.42665 212
46.44676 244
46.46688 273
46.48699 240
46.5071 226
46.52722 259
46.54733 241
46.56744 226
46.58756 254
46.60767 232
46.62779 266
46.6479 231
46.66801 233
46.68813 276
46.70824 257
46.72835 246
46.74847 239
46.76858 271
46.78869 266
46.80881 246
46.82892 230
46.84904 248
46.86915 259
46.88926 280
46.90938 288
46.92949 264
46.9496 269
46.96972 254
46.98983 271
47.00995 272
47.03006 277
47.05017 267
47.07029 294
47.0904 258
47.11051 304
47.13063 269
47.15074 303
47.17086 283
47.19097 289
47.21108 277
47.2312 263
47.25131 253
47.27142 263
47.29154 268
47.31165 293
47.33176 290
47.35188 259
47.37199 287
47.39211 268
47.41222 288
47.43233 299
47.45245 304
47.47256 319
47.49267 270
47.51279 271
47.5329 302
47.55302 303
47.57313 325
47.59324 270
47.61336 284
47.63347 251
47.65358 279
47.6737 285
47.69381 281
47.71393 262
47.73404 290
47.75415 298
47.77427 311
47.79438 297
47.81449 316
47.83461 318
47.85472 361
47.87483 312
47.89495 323
47.91506 338
47.93518 306
47.95529 333
47.9754 335
47.99552 330
48.01563 337
48.03574 322
48.05586 348
48.07597 391
48.09609 375
48.1162 335
48.13631 346
48.15643 354
48.17654 308
48.19665 363
48.21677 323
48.23688 316
48.257 358
48.27711 356
48.29722 355
48.31734 380
48.33745 378
48.35756 386
48.37768 338
48.39779 365
48.4179 364
48.43802 324
48.45813 346
48.47825 344
48.49836 338
48.51847 386
48.53859 339
48.5587 355
48.57881 357
48.59893 350
48.61904 311
48.63916 343
48.65927 342
48.67938 327
48.6995 261
48.71961 324
48.73972 326
48.75984 324
48.77995 299
48.80006 307
48.82018 310
48.84029 300
48.86041 291
48.88052 307
48.90063 308
48.92075 309
48.94086 304
48.96097 296
48.98109 303
49.0012 305
49.02132 284
49.04143 302
49.06154 341
49.08166 357
49.10177 352
49.12188 393
49.142 382
49.16211 380
49.18223 400
49.20234 372
49.22245 368
49.24257 337
49.26268 355
49.28279 337
49.30291 354
49.32302 328
49.34313 342
49.36325 334
49.38336 340
49.40348 304
49.42359 316
49.4437 322
49.46382 306
49.48393 282
49.50404 331
49.52416 311
49.54427 330
49.56439 331
49.5845 331
49.60461 320
49.62473 334
49.64484 368
49.66495 414
49.68507 409
49.70518 398
49.7253 432
49.74541 440
49.76552 433
49.78564 505
49.80575 459
49.82586 533
49.84598 525
49.86609 545
49.8862 545
49.90632 568
49.92643 604
49.94655 610
49.96666 624
49.98677 781
50.00689 851
50.027 858
50.04711 965
50.06723 1087
50.08734 1124
50.10746 1062
50.12757 968
50.14768 779
50.1678 715
50.18791 690
50.20802 686
50.22814 646
50.24825 613
50.26837 527
50.28848 455
50.30859 353
50.32871 326
50.34882 320
50.36893 320
50.38905 339
50.40916 354
50.42927 359
50.44939 339
50.4695 344
50.48962 390
50.50973 365
50.52984 368
50.54996 364
50.57007 395
50.59018 347
50.6103 387
50.63041 369
50.65053 364
50.67064 325
50.69075 347
50.71087 322
50.73098 355
50.75109 309
50.77121 316
50.79132 325
50.81143 307
50.83155 286
50.85166 295
50.87178 263
50.89189 258
50.912 290
50.93212 286
50.95223 325
50.97234 299
50.99246 323
51.01257 342
51.03269 359
51.0528 356
51.07291 372
51.09303 395
51.11314 426
51.13325 412
51.15337 412
51.17348 395
51.1936 391
51.21371 378
51.23382 349
51.25394 406
51.27405 377
51.29416 353
51.31428 346
51.33439 320
51.3545 296
51.37462 313
51.39473 284
51.41485 281
51.43496 270
51.45507 256
51.47519 288
51.4953 265
51.51541 265
51.53553 280
51.55564 256
51.57576 285
51.59587 273
51.61598 227
51.6361 243
51.65621 263
51.67632 238
51.69644 238
51.71655 274
51.73667 241
51.75678 247
51.77689 262
51.79701 243
51.81712 216
51.83723 238
51.85735 238
51.87746 230
51.89757 220
51.91769 243
51.9378 246
51.95792 228
51.97803 251
51.99814 281
52.01826 271
52.03837 262
52.05848 243
52.0786 306
52.09871 293
52.11883 279
52.13894 313
52.15905 305
52.17917 280
52.19928 264
52.21939 280
52.23951 283
52.25962 289
52.27974 272
52.29985 290
52.31996 272
52.34008 284
52.36019 288
52.3803 298
52.40042 282
52.42053 267
52.44064 290
52.46076 301
52.48087 296
52.50099 303
52.5211 309
52.54121 272
52.56133 316
52.58144 268
52.60155 298
52.62167 277
52.64178 303
52.6619 290
52.68201 272
52.70212 281
52.72224 301
52.74235 250
52.76246 258
52.78258 286
52.80269 274
52.8228 251
52.84292 279
52.86303 278
52.88315 270
52.90326 253
52.92337 282
52.94349 284
52.9636 294
52.98371 291
53.00383 319
53.02394 313
53.04406 292
53.06417 300
53.08428 307
53.1044 325
53.12451 320
53.14462 336
53.16474 346
53.18485 334
53.20497 341
53.22508 301
53.24519 340
53.26531 326
53.28542 318
53.30553 322
53.32565 331
53.34576 321
53.36587 315
53.38599 262
53.4061 298
53.42622 275
53.44633 269
53.46644 272
53.48656 270
53.50667 241
53.52678 249
53.5469 279
53.56701 254
53.58713 279
53.60724 266
53.62735 295
53.64747 302
53.66758 278
53.68769 269
53.70781 308
53.72792 296
53.74804 299
53.76815 294
53.78826 294
53.80838 270
53.82849 273
53.8486 312
53.86872 283
53.88883 277
53.90894 280
53.92906 275
53.94917 264
53.96929 308
53.9894 252
54.00951 301
54.02963 288
54.04974 282
54.06985 281
54.08997 264
54.11008 312
54.1302 290
54.15031 302
54.17042 283
54.19054 277
54.21065 294
54.23076 318
54.25088 297
54.27099 321
54.29111 306
54.31122 333
54.33133 313
54.35145 321
54.37156 298
54.39167 319
54.41179 307
54.4319 301
54.45201 301
54.47213 313
54.49224 344
54.51236 316
54.53247 293
54.55258 288
54.5727 308
54.59281 328
54.61292 337
54.63304 294
54.65315 324
54.67327 326
54.69338 334
54.71349 385
54.73361 431
54.75372 477
54.77383 461
54.79395 485
54.81406 493
54.83417 512
54.85429 512
54.8744 476
54.89452 431
54.91463 381
54.93474 397
54.95486 398
54.97497 437
54.99508 378
55.0152 350
55.03531 356
55.05543 343
55.07554 317
55.09565 294
55.11577 324
55.13588 288
55.15599 339
55.17611 300
55.19622 309
55.21634 329
55.23645 346
55.25656 350
55.27668 346
55.29679 337
55.3169 332
55.33702 342
55.35713 335
55.37724 327
55.39736 307
55.41747 339
55.43759 307
55.4577 303
55.47781 303
55.49793 275
55.51804 301
55.53815 274
55.55827 309
55.57838 279
55.5985 264
55.61861 255
55.63872 270
55.65884 283
55.67895 281
55.69906 280
55.71918 282
55.73929 308
55.75941 295
55.77952 273
55.79963 305
55.81975 276
55.83986 291
55.85997 297
55.88009 287
55.9002 307
55.92031 309
55.94043 324
55.96054 333
55.98066 326
56.00077 325
56.02088 324
56.041 367
56.06111 331
56.08122 363
56.10134 334
56.12145 339
56.14157 314
56.16168 311
56.18179 318
56.20191 305
56.22202 325
56.24213 300
56.26225 293
56.28236 265
56.30248 285
56.32259 312
56.3427 301
56.36282 304
56.38293 290
56.40304 320
56.42316 295
56.44327 321
56.46338 301
56.4835 309
56.50361 324
56.52373 294
56.54384 308
56.56395 329
56.58407 277
56.60418 300
56.62429 300
56.64441 290
56.66452 295
56.68464 300
56.70475 288
56.72486 292
56.74498 274
56.76509 268
56.7852 285
56.80532 253
56.82543 267
56.84554 253
56.86566 251
56.88577 292
56.90589 246
56.926 235
56.94611 290
56.96623 238
56.98634 269
57.00645 232
57.02657 239
57.04668 226
57.0668 248
57.08691 249
57.10702 269
57.12714 245
57.14725 250
57.16736 251
57.18748 271
57.20759 251
57.22771 231
57.24782 275
57.26793 266
57.28805 252
57.30816 234
57.32827 238
57.34839 250
57.3685 275
57.38861 240
57.40873 308
57.42884 250
57.44896 256
57.46907 260
57.48918 272
57.5093 303
57.52941 251
57.54952 272
57.56964 245
57.58975 284
57.60987 254
57.62998 301
57.65009 261
57.67021 294
57.69032 279
57.71043 273
57.73055 242
57.75066 283
57.77078 270
57.79089 270
57.811 271
57.83112 301
57.85123 283
57.87134 282
57.89146 292
57.91157 312
57.93168 270
57.9518 288
57.97191 297
57.99203 282
58.01214 302
58.03225 280
58.05237 310
58.07248 279
58.09259 282
58.11271 300
58.13282 291
58.15294 274
58.17305 297
58.19316 281
58.21328 277
58.23339 276
58.2535 281
58.27362 323
58.29373 288
58.31385 312
58.33396 311
58.35407 281
58.37419 300
58.3943 306
58.41441 295
58.43453 307
58.45464 284
58.47475 281
58.49487 301
58.51498 300
58.5351 336
58.55521 321
58.57532 305
58.59544 266
58.61555 326
58.63566 283
58.65578 322
58.67589 299
58.69601 308
58.71612 289
58.73623 298
58.75635 297
58.77646 279
58.79657 247
58.81669 251
58.8368 265
58.85691 271
58.87703 252
58.89714 242
58.91726 261
58.93737 232
58.95748 245
58.9776 259
58.99771 248
59.01782 233
59.03794 261
59.05805 271
59.07817 239
59.09828 267
59.11839 265
59.13851 261
59.15862 259
59.17873 274
59.19885 245
59.21896 250
59.23908 245
59.25919 258
59.2793 263
59.29942 243
59.31953 247
59.33964 252
59.35976 255
59.37987 254
59.39998 247
59.4201 232
59.44021 261
59.46033 272
59.48044 258
59.50055 264
59.52067 255
59.54078 242
59.56089 276
59.58101 322
59.60112 280
59.62124 268
59.64135 281
59.66146 303
59.68158 340
59.70169 337
59.7218 346
59.74192 393
59.76203 432
59.78215 420
59.80226 470
59.82237 550
59.84249 598
59.8626 693
59.88271 702
59.90283 709
59.92294 757
59.94305 617
59.96317 580
59.98328 558
60.0034 466
60.02351 520
60.04362 478
60.06374 504
60.08385 488
60.10396 474
60.12408 441
60.14419 387
60.16431 343
60.18442 350
60.20453 317
60.22465 340
60.24476 344
60.26487 297
60.28499 304
60.3051 337
60.32522 291
60.34533 320
60.36544 293
60.38556 315
60.40567 321
60.42578 268
60.4459 286
60.46601 276
60.48612 286
60.50624 280
60.52635 263
60.54647 259
60.56658 270
60.58669 260
60.60681 271
60.62692 320
60.64703 290
60.66715 253
60.68726 281
60.70738 294
60.72749 269
60.7476 273
60.76772 245
60.78783 243
60.80794 270
60.82806 238
60.84817 264
60.86828 238
60.8884 247
60.90851 268
60.92863 260
60.94874 246
60.96885 248
60.98897 257
61.00908 258
61.02919 264
61.04931 253
61.06942 273
61.08954 251
61.10965 243
61.12976 253
61.14988 271
61.16999 301
61.1901 238
61.21022 286
61.23033 292
61.25045 269
61.27056 290
61.29067 274
61.31079 274
61.3309 280
61.35101 300
61.37113 291
61.39124 298
61.41135 297
61.43147 296
61.45158 304
61.4717 289
61.49181 297
61.51192 297
61.53204 306
61.55215 293
61.57226 289
61.59238 281
61.61249 309
61.63261 310
61.65272 311
61.67283 334
61.69295 300
61.71306 302
61.73317 311
61.75329 287
61.7734 310
61.79352 282
61.81363 291
61.83374 291
61.85386 283
61.87397 293
61.89408 296
61.9142 261
61.93431 269
61.95442 255
61.97454 250
61.99465 263
62.01477 281
62.03488 274
62.05499 272
62.07511 278
62.09522 268
62.11533 267
62.13545 296
62.15556 280
62.17568 261
62.19579 258
62.2159 276
62.23602 274
62.25613 269
62.27624 284
62.29636 279
62.31647 250
62.33659 303
62.3567 267
62.37681 282
62.39693 280
62.41704 267
62.43715 254
62.45727 230
62.47738 237
62.49749 242
62.51761 238
62.53772 254
62.55784 274
62.57795 252
62.59806 262
62.61818 248
62.63829 253
62.6584 242
62.67852 268
62.69863 257
62.71875 261
62.73886 246
62.75897 273
62.77909 251
62.7992 269
62.81931 255
62.83943 256
62.85954 238
62.87965 258
62.89977 274
62.91988 257
62.94 260
62.96011 268
62.98022 245
63.00034 260
63.02045 264
63.04056 268
63.06068 274
63.08079 241
63.10091 275
63.12102 303
63.14113 290
63.16125 248
63.18136 280
63.20147 261
63.22159 239
63.2417 267
63.26182 245
63.28193 242
63.30204 272
63.32216 293
63.34227 281
63.36238 278
63.3825 268
63.40261 305
63.42272 292
63.44284 295
63.46295 327
63.48307 328
63.50318 323
63.52329 312
63.54341 338
63.56352 283
63.58363 303
63.60375 326
63.62386 317
63.64398 331
63.66409 348
63.6842 377
63.70432 395
63.72443 353
63.74454 361
63.76466 386
63.78477 408
63.80489 360
63.825 386
63.84511 388
63.86523 386
63.88534 330
63.90545 350
63.92557 403
63.94568 399
63.96579 386
63.98591 368
64.00602 388
64.02614 349
64.04625 358
64.06636 316
64.08648 314
64.10659 317
64.1267 320
64.14682 340
64.16693 297
64.18705 299
64.20716 306
64.22727 246
64.24739 270
64.2675 270
64.28761 297
64.30773 264
64.32784 296
64.34796 244
64.36807 246
64.38818 250
64.4083 272
64.42841 263
64.44852 245
64.46864 241
64.48875 214
64.50886 264
64.52898 242
64.54909 260
64.56921 238
64.58932 260
64.60943 244
64.62955 239
64.64966 249
64.66977 267
64.68989 279
64.71 273
64.73012 303
64.75023 285
64.77034 259
64.79046 306
64.81057 269
64.83068 267
64.8508 272
64.87091 274
64.89102 283
64.91114 286
64.93125 261
64.95137 274
64.97148 272
64.99159 266
65.01171 267
65.03182 283
65.05193 311
65.07205 248
65.09216 252
65.11228 267
65.13239 307
65.1525 324
65.17262 271
65.19273 272
65.21284 285
65.23296 248
65.25307 285
65.27319 280
65.2933 288
65.31341 289
65.33353 293
65.35364 270
65.37375 267
65.39387 267
65.41398 279
65.43409 280
65.45421 260
65.47432 263
65.49444 266
65.51455 264
65.53466 246
65.55478 261
65.57489 268
65.595 254
65.61512 248
65.63523 239
65.65535 255
65.67546 281
65.69557 230
65.71569 256
65.7358 257
65.75591 257
65.77603 255
65.79614 245
65.81626 277
65.83637 243
65.85648 257
65.8766 260
65.89671 277
65.91682 260
65.93694 248
65.95705 242
65.97716 235
65.99728 247
66.01739 236
66.03751 245
66.05762 233
66.07773 276
66.09785 258
66.11796 255
66.13807 257
66.15819 235
66.1783 248
66.19842 269
66.21853 267
66.23864 246
66.25876 256
66.27887 255
66.29898 284
66.3191 285
66.33921 266
66.35933 252
66.37944 278
66.39955 296
66.41967 270
66.43978 246
66.45989 263
66.48001 270
66.50012 288
66.52023 231
66.54035 257
66.56046 263
66.58058 248
66.60069 240
66.6208 240
66.64092 264
66.66103 241
66.68114 253
66.70126 267
66.72137 260
66.74149 239
66.7616 245
66.78171 253
66.80183 246
66.82194 268
66.84205 235
66.86217 248
66.88228 239
66.90239 244
66.92251 259
66.94262 294
66.96274 259
66.98285 263
67.00296 292
67.02308 277
67.04319 317
67.0633 295
67.08342 303
67.10353 276
67.12365 304
67.14376 277
67.16387 296
67.18399 278
67.2041 296
67.22421 279
67.24433 259
67.26444 276
67.28456 265
67.30467 295
67.32478 272
67.3449 232
67.36501 262
67.38512 293
67.40524 285
67.42535 281
67.44546 279
67.46558 277
67.48569 302
67.50581 297
67.52592 326
67.54603 302
67.56615 324
67.58626 398
67.60637 407
67.62649 432
67.6466 482
67.66672 509
67.68683 568
67.70694 539
67.72706 467
67.74717 437
67.76728 411
67.7874 438
67.80751 402
67.82763 415
67.84774 415
67.86785 417
67.88797 480
67.90808 433
67.92819 451
67.94831 462
67.96842 396
67.98853 443
68.00865 524
68.02876 528
68.04888 555
68.06899 603
68.0891 645
68.10922 605
68.12933 600
68.14944 510
68.16956 501
68.18967 543
68.20979 524
68.2299 580
68.25001 552
68.27013 642
68.29024 552
68.31035 510
68.33047 461
68.35058 422
68.3707 358
68.39081 339
68.41092 371
68.43104 368
68.45115 370
68.47126 343
68.49138 310
68.51149 318
68.5316 288
68.55172 261
68.57183 269
68.59195 269
68.61206 247
68.63217 267
68.65229 259
68.6724 256
68.69251 264
68.71263 262
68.73274 260
68.75286 233
68.77297 246
68.79308 259
68.8132 258
68.83331 225
68.85342 273
68.87354 232
68.89365 261
68.91376 232
68.93388 236
68.95399 265
68.97411 251
68.99422 276
69.01433 242
69.03445 249
69.05456 265
69.07467 228
69.09479 265
69.1149 260
69.13502 232
69.15513 265
69.17524 247
69.19536 271
69.21547 279
69.23558 272
69.2557 278
69.27581 259
69.29593 288
69.31604 286
69.33615 290
69.35627 306
69.37638 280
69.39649 306
69.41661 320
69.43672 330
69.45683 311
69.47695 283
69.49706 322
69.51718 276
69.53729 278
69.5574 273
69.57752 271
69.59763 289
69.61774 296
69.63786 296
69.65797 277
69.67809 281
69.6982 283
69.71831 268
69.73843 269
69.75854 268
69.77865 289
69.79877 295
69.81888 270
69.839 273
69.85911 253
69.87922 259
69.89934 256
69.91945 271
69.93956 281
69.95968 249
69.97979 258
69.9999 247
70.02002 231
70.04013 239
70.06025 248
70.08036 254
70.10047 236
70.12059 214
70.1407 228
70.16081 220
70.18093 204
70.20104 211
70.22116 206
70.24127 222
70.26138 215
70.2815 190
70.30161 216
70.32172 209
70.34184 205
70.36195 208
70.38207 216
70.40218 242
70.42229 240
70.44241 195
70.46252 201
70.48263 219
70.50275 229
70.52286 194
70.54297 222
70.56309 218
70.5832 222
70.60332 221
70.62343 210
70.64354 212
70.66366 214
70.68377 232
70.70388 222
70.724 246
70.74411 243
70.76423 254
70.78434 243
70.80445 251
70.82457 264
70.84468 244
70.86479 239
70.88491 231
70.90502 227
70.92513 257
70.94525 234
70.96536 234
70.98548 228
71.00559 225
71.0257 278
71.04582 239
71.06593 238
71.08604 230
71.10616 237
71.12627 245
71.14639 236
71.1665 231
71.18661 245
71.20673 228
71.22684 211
71.24695 265
71.26707 215
71.28718 210
71.3073 235
71.32741 249
71.34752 213
71.36764 244
71.38775 235
71.40786 221
71.42798 216
71.44809 260
71.4682 247
71.48832 256
71.50843 248
71.52855 223
71.54866 224
71.56877 217
71.58889 208
71.609 213
71.62911 248
71.64923 208
71.66934 225
71.68946 243
71.70957 254
71.72968 214
71.7498 209
71.76991 208
71.79002 219
71.81014 220
71.83025 208
71.85037 193
71.87048 209
71.89059 223
71.91071 182
71.93082 205
71.95093 217
71.97105 213
71.99116 199
72.01127 229
72.03139 214
72.0515 203
72.07162 236
72.09173 222
72.11184 213
72.13196 223
72.15207 221
72.17218 230
72.1923 200
72.21241 234
72.23253 198
72.25264 225
72.27275 201
72.29287 211
72.31298 211
72.33309 204
72.35321 178
72.37332 227
72.39344 183
72.41355 245
72.43366 228
72.45378 194
72.47389 198
72.494 234
72.51412 212
72.53423 207
72.55434 248
72.57446 207
72.59457 234
72.61469 192
72.6348 243
72.65491 215
72.67503 197
72.69514 235
72.71525 200
72.73537 249
72.75548 212
72.7756 225
72.79571 231
72.81582 238
72.83594 230
72.85605 209
72.87616 221
72.89628 222
72.91639 231
72.9365 230
72.95662 223
72.97673 211
72.99685 235
73.01696 223
73.03707 247
73.05719 236
73.0773 209
73.09741 243
73.11753 221
73.13764 229
73.15776 233
73.17787 214
73.19798 246
73.2181 222
73.23821 226
73.25832 235
73.27844 260
73.29855 278
73.31867 278
73.33878 268
73.35889 281
73.37901 293
73.39912 333
73.41923 292
73.43935 302
73.45946 247
73.47957 270
73.49969 281
73.5198 259
73.53992 247
73.56003 273
73.58014 279
73.60026 294
73.62037 257
73.64048 268
73.6606 293
73.68071 270
73.70083 263
73.72094 224
73.74105 247
73.76117 239
73.78128 218
73.80139 251
73.82151 250
73.84162 262
73.86174 247
73.88185 264
73.90196 256
73.92208 227
73.94219 230
73.9623 272
73.98242 253
74.00253 237
74.02264 254
74.04276 236
74.06287 212
74.08299 234
74.1031 243
74.12321 247
74.14333 229
74.16344 242
74.18355 244
74.20367 208
74.22378 214
74.2439 221
74.26401 251
74.28412 263
74.30424 215
74.32435 234
74.34446 221
74.36458 247
74.38469 214
74.40481 223
74.42492 216
74.44503 213
74.46515 240
74.48526 240
74.50537 292
74.52549 228
74.5456 263
74.56571 238
74.58583 244
74.60594 242
74.62606 240
74.64617 251
74.66628 271
74.6864 269
74.70651 239
74.72662 276
74.74674 264
74.76685 272
74.78697 241
74.80708 254
74.82719 240
74.84731 245
74.86742 248
74.88753 249
74.90765 284
74.92776 242
74.94787 248
74.96799 249
74.9881 254
75.00822 218
