3.00117 20205
3.02128 20070
3.0414 19678
3.06151 18877
3.08162 18904
3.10174 17904
3.12185 17956
3.14197 17320
3.16208 16728
3.18219 16165
3.20231 15472
3.22242 15397
3.24253 14925
3.26265 14711
3.28276 14080
3.30288 13566
3.32299 13286
3.3431 12775
3.36322 12819
3.38333 12180
3.40344 11268
3.42356 11343
3.44367 10859
3.46379 10684
3.4839 10539
3.50401 9874
3.52413 9577
3.54424 9396
3.56435 9061
3.58447 8689
3.60458 8285
3.62469 8204
3.64481 7895
3.66492 7568
3.68504 7347
3.70515 6808
3.72526 6799
3.74538 6552
3.76549 6153
3.7856 6032
3.80572 5817
3.82583 5671
3.84595 5573
3.86606 5247
3.88617 5074
3.90629 4855
3.9264 4747
3.94651 4665
3.96663 4290
3.98674 4253
4.00686 3842
4.02697 3876
4.04708 3828
4.0672 3666
4.08731 3307
4.10742 3308
4.12754 3199
4.14765 3230
4.16776 2889
4.18788 2955
4.20799 2732
4.22811 2609
4.24822 2685
4.26833 2608
4.28845 2511
4.30856 2357
4.32867 2379
4.34879 2309
4.3689 2149
4.38902 2206
4.40913 2013
4.42924 2162
4.44936 2162
4.46947 1799
4.48958 1925
4.5097 1952
4.52981 1930
4.54992 1825
4.57004 1721
4.59015 1718
4.61027 1705
4.63038 1722
4.65049 1716
4.67061 1603
4.69072 1603
4.71083 1677
4.73095 1554
4.75106 1556
4.77118 1459
4.79129 1494
4.8114 1443
4.83152 1424
4.85163 1431
4.87174 1347
4.89186 1331
4.91197 1286
4.93209 1305
4.9522 1280
4.97231 1279
4.99243 1230
5.01254 1212
5.03265 1218
5.05277 1215
5.07288 1180
5.09299 1153
5.11311 1174
5.13322 1165
5.15334 1111
5.17345 1029
5.19356 1081
5.21368 1087
5.23379 1061
5.2539 1071
5.27402 934
5.29413 1022
5.31425 1056
5.33436 965
5.35447 1022
5.37459 922
5.3947 925
5.41481 889
5.43493 941
5.45504 830
5.47516 873
5.49527 916
5.51538 861
5.5355 855
5.55561 816
5.57572 822
5.59584 886
5.61595 867
5.63606 780
5.65618 839
5.67629 764
5.69641 824
5.71652 803
5.73663 802
5.75675 825
5.77686 833
5.79697 773
5.81709 746
5.8372 744
5.85732 725
5.87743 760
5.89754 727
5.91766 750
5.93777 727
5.95788 676
5.978 729
5.99811 716
6.01823 727
6.03834 685
6.05845 730
6.07857 688
6.09868 669
6.11879 672
6.13891 687
6.15902 660
6.17913 699
6.19925 748
6.21936 726
6.23948 706
6.25959 671
6.2797 691
6.29982 706
6.31993 700
6.34004 689
6.36016 626
6.38027 682
6.40039 650
6.4205 739
6.44061 678
6.46073 682
6.48084 649
6.50095 653
6.52107 607
6.54118 686
6.56129 697
6.58141 633
6.60152 586
6.62164 605
6.64175 653
6.66186 676
6.68198 655
6.70209 663
6.7222 643
6.74232 595
6.76243 676
6.78255 666
6.80266 678
6.82277 623
6.84289 594
6.863 608
6.88311 638
6.90323 659
6.92334 591
6.94346 599
6.96357 587
6.98368 666
7.0038 639
7.02391 616
7.04402 577
7.06414 612
7.08425 593
7.10436 609
7.12448 660
7.14459 662
7.16471 614
7.18482 603
7.20493 560
7.22505 599
7.24516 658
7.26527 650
7.28539 629
7.3055 631
7.32562 629
7.34573 645
7.36584 611
7.38596 594
7.40607 572
7.42618 600
7.4463 653
7.46641 604
7.48653 656
7.50664 660
7.52675 610
7.54687 566
7.56698 592
7.58709 564
7.60721 562
7.62732 617
7.64743 588
7.66755 595
7.68766 586
7.70778 551
7.72789 553
7.748 635
7.76812 512
7.78823 590
7.80834 647
7.82846 607
7.84857 612
7.86869 661
7.8888 605
7.90891 629
7.92903 570
7.94914 567
7.96925 593
7.98937 573
8.00948 573
8.0296 641
8.04971 633
8.06982 598
8.08994 580
8.11005 589
8.13016 604
8.15028 619
8.17039 596
8.1905 599
8.21062 583
8.23073 627
8.25085 586
8.27096 617
8.29107 624
8.31119 610
8.3313 607
8.35141 584
8.37153 587
8.39164 598
8.41176 610
8.43187 567
8.45198 603
8.4721 609
8.49221 570
8.51232 551
8.53244 602
8.55255 597
8.57266 571
8.59278 596
8.61289 620
8.63301 573
8.65312 632
8.67323 544
8.69335 594
8.71346 541
8.73357 567
8.75369 646
8.7738 581
8.79392 619
8.81403 565
8.83414 595
8.85426 545
8.87437 563
8.89448 592
8.9146 629
8.93471 590
8.95483 586
8.97494 553
8.99505 594
9.01517 565
9.03528 576
9.05539 533
9.07551 624
9.09562 665
9.11573 613
9.13585 580
9.15596 569
9.17608 592
9.19619 564
9.2163 602
9.23642 549
9.25653 539
9.27664 585
9.29676 598
9.31687 617
9.33699 599
9.3571 610
9.37721 582
9.39733 554
9.41744 622
9.43755 564
9.45767 571
9.47778 604
9.4979 526
9.51801 594
9.53812 588
9.55824 567
9.57835 587
9.59846 582
9.61858 577
9.63869 594
9.6588 643
9.67892 616
9.69903 597
9.71915 568
9.73926 561
9.75937 557
9.77949 565
9.7996 588
9.81971 574
9.83983 582
9.85994 625
9.88006 589
9.90017 636
9.92028 577
9.9404 575
9.96051 598
9.98062 590
10.00074 552
10.02085 583
10.04097 591
10.06108 596
10.08119 580
10.10131 578
10.12142 642
10.14153 633
10.16165 595
10.18176 610
10.20187 623
10.22199 602
10.2421 546
10.26222 628
10.28233 610
10.30244 610
10.32256 603
10.34267 581
10.36278 566
10.3829 601
10.40301 578
10.42313 590
10.44324 574
10.46335 643
10.48347 578
10.50358 590
10.52369 591
10.54381 552
10.56392 630
10.58403 575
10.60415 589
10.62426 627
10.64438 611
10.66449 606
10.6846 622
10.70472 625
10.72483 615
10.74494 588
10.76506 593
10.78517 637
10.80529 566
10.8254 612
10.84551 578
10.86563 609
10.88574 639
10.90585 598
10.92597 614
10.94608 624
10.9662 618
10.98631 679
11.00642 591
11.02654 610
11.04665 575
11.06676 617
11.08688 613
11.10699 650
11.1271 636
11.14722 638
11.16733 623
11.18745 632
11.20756 632
11.22767 643
11.24779 582
11.2679 660
11.28801 628
11.30813 626
11.32824 632
11.34836 581
11.36847 624
11.38858 655
11.4087 664
11.42881 689
11.44892 669
11.46904 687
11.48915 653
11.50927 648
11.52938 686
11.54949 696
11.56961 704
11.58972 675
11.60983 695
11.62995 742
11.65006 709
11.67017 696
11.69029 675
11.7104 685
11.73052 761
11.75063 726
11.77074 743
11.79086 707
11.81097 752
11.83108 742
11.8512 748
11.87131 752
11.89143 807
11.91154 804
11.93165 738
11.95177 734
11.97188 735
11.99199 776
12.01211 788
12.03222 806
12.05234 739
12.07245 793
12.09256 801
12.11268 828
12.13279 821
12.1529 772
12.17302 813
12.19313 817
12.21324 774
12.23336 783
12.25347 822
12.27359 752
12.2937 775
12.31381 790
12.33393 748
12.35404 813
12.37415 737
12.39427 735
12.41438 730
12.4345 676
12.45461 688
12.47472 702
12.49484 715
12.51495 725
12.53506 674
12.55518 693
12.57529 649
12.5954 631
12.61552 682
12.63563 665
12.65575 678
12.67586 642
12.69597 664
12.71609 641
12.7362 614
12.75631 639
12.77643 557
12.79654 587
12.81666 573
12.83677 625
12.85688 610
12.877 578
12.89711 580
12.91722 563
12.93734 603
12.95745 534
12.97757 558
12.99768 579
13.01779 609
13.03791 583
13.05802 586
13.07813 585
13.09825 584
13.11836 547
13.13847 619
13.15859 537
13.1787 588
13.19882 556
13.21893 595
13.23904 584
13.25916 555
13.27927 562
13.29938 561
13.3195 537
13.33961 563
13.35973 604
13.37984 547
13.39995 571
13.42007 545
13.44018 585
13.46029 550
13.48041 523
13.50052 548
13.52064 492
13.54075 585
13.56086 538
13.58098 561
13.60109 542
13.6212 514
13.64132 566
13.66143 551
13.68154 536
13.70166 530
13.72177 598
13.74189 538
13.762 540
13.78211 557
13.80223 567
13.82234 552
13.84245 513
13.86257 558
13.88268 522
13.9028 569
13.92291 552
13.94302 523
13.96314 531
13.98325 541
14.00336 513
14.02348 563
14.04359 553
14.06371 502
14.08382 537
14.10393 522
14.12405 552
14.14416 534
14.16427 552
14.18439 568
14.2045 539
14.22461 511
14.24473 497
14.26484 529
14.28496 523
14.30507 502
14.32518 529
14.3453 593
14.36541 503
14.38552 555
14.40564 537
14.42575 565
14.44587 584
14.46598 532
14.48609 516
14.50621 554
14.52632 523
14.54643 511
14.56655 527
14.58666 512
14.60677 545
14.62689 505
14.647 546
14.66712 512
14.68723 487
14.70734 526
14.72746 504
14.74757 567
14.76768 535
14.7878 515
14.80791 546
14.82803 480
14.84814 511
14.86825 557
14.88837 552
14.90848 558
14.92859 507
14.94871 543
14.96882 537
14.98894 539
15.00905 520
15.02916 517
15.04928 542
15.06939 592
15.0895 554
15.10962 555
15.12973 553
15.14984 594
15.16996 538
15.19007 526
15.21019 529
15.2303 521
15.25041 499
15.27053 521
15.29064 532
15.31075 543
15.33087 509
15.35098 545
15.3711 484
15.39121 576
15.41132 530
15.43144 536
15.45155 556
15.47166 482
15.49178 538
15.51189 550
15.53201 563
15.55212 519
15.57223 513
15.59235 540
15.61246 558
15.63257 542
15.65269 548
15.6728 591
15.69291 517
15.71303 566
15.73314 529
15.75326 508
15.77337 522
15.79348 544
15.8136 566
15.83371 509
15.85382 510
15.87394 547
15.89405 572
15.91417 585
15.93428 540
15.95439 525
15.97451 541
15.99462 552
16.01473 500
16.03485 538
16.05496 534
16.07508 539
16.09519 507
16.1153 499
16.13542 471
16.15553 554
16.17564 568
16.19576 509
16.21587 529
16.23598 502
16.2561 504
16.27621 528
16.29633 495
16.31644 519
16.33655 493
16.35667 527
16.37678 502
16.39689 503
16.41701 555
16.43712 531
16.45724 572
16.47735 557
16.49746 555
16.51758 526
16.53769 549
16.5578 517
16.57792 499
16.59803 480
16.61814 485
16.63826 537
16.65837 522
16.67849 465
16.6986 533
16.71871 518
16.73883 498
16.75894 485
16.77905 531
16.79917 560
16.81928 512
16.8394 557
16.85951 543
16.87962 531
16.89974 525
16.91985 543
16.93996 514
16.96008 562
16.98019 530
17.00031 509
17.02042 489
17.04053 533
17.06065 548
17.08076 566
17.10087 498
17.12099 510
17.1411 491
17.16121 511
17.18133 552
17.20144 515
17.22156 536
17.24167 508
17.26178 493
17.2819 522
17.30201 529
17.32212 525
17.34224 538
17.36235 536
17.38247 543
17.40258 506
17.42269 540
17.44281 556
17.46292 543
17.48303 522
17.50315 535
17.52326 527
17.54338 502
17.56349 555
17.5836 540
17.60372 508
17.62383 538
17.64394 506
17.66406 538
17.68417 495
17.70428 549
17.7244 550
17.74451 533
17.76463 572
17.78474 557
17.80485 528
17.82497 546
17.84508 503
17.86519 580
17.88531 555
17.90542 510
17.92554 564
17.94565 522
17.96576 506
17.98588 574
18.00599 554
18.0261 588
18.04622 512
18.06633 586
18.08645 577
18.10656 536
18.12667 604
18.14679 640
18.1669 642
18.18701 640
18.20713 645
18.22724 608
18.24735 595
18.26747 580
18.28758 649
18.3077 582
18.32781 569
18.34792 586
18.36804 551
18.38815 558
18.40826 539
18.42838 554
18.44849 499
18.46861 516
18.48872 502
18.50883 582
18.52895 563
18.54906 553
18.56917 557
18.58929 531
18.6094 506
18.62951 528
18.64963 526
18.66974 532
18.68986 511
18.70997 498
18.73008 551
18.7502 549
18.77031 550
18.79042 539
18.81054 534
18.83065 574
18.85077 568
18.87088 559
18.89099 537
18.91111 513
18.93122 587
18.95133 540
18.97145 532
18.99156 543
19.01168 560
19.03179 554
19.0519 575
19.07202 598
19.09213 574
19.11224 551
19.13236 537
19.15247 555
19.17258 620
19.1927 598
19.21281 576
19.23293 592
19.25304 579
19.27315 569
19.29327 590
19.31338 578
19.33349 596
19.35361 549
19.37372 578
19.39384 591
19.41395 601
19.43406 610
19.45418 633
19.47429 594
19.4944 596
19.51452 633
19.53463 650
19.55475 627
19.57486 726
19.59497 659
19.61509 659
19.6352 683
19.65531 696
19.67543 699
19.69554 731
19.71565 786
19.73577 765
19.75588 852
19.776 816
19.79611 941
19.81622 926
19.83634 920
19.85645 900
19.87656 949
19.89668 933
19.91679 956
19.93691 1006
19.95702 977
19.97713 920
19.99725 957
20.01736 936
20.03747 963
20.05759 938
20.0777 983
20.09782 908
20.11793 905
20.13804 906
20.15816 974
20.17827 925
20.19838 859
20.2185 892
20.23861 808
20.25872 882
20.27884 840
20.29895 853
20.31907 861
20.33918 879
20.35929 855
20.37941 816
20.39952 836
20.41963 852
20.43975 890
20.45986 830
20.47998 857
20.50009 825
20.5202 851
20.54032 870
20.56043 789
20.58054 823
20.60066 835
20.62077 891
20.64088 815
20.661 833
20.68111 856
20.70123 885
20.72134 978
20.74145 984
20.76157 1131
20.78168 1270
20.80179 1336
20.82191 1399
20.84202 1390
20.86214 1278
20.88225 1166
20.90236 1093
20.92248 970
20.94259 908
20.9627 844
20.98282 868
21.00293 896
21.02305 850
21.04316 838
21.06327 879
21.08339 783
21.1035 836
21.12361 854
21.14373 776
21.16384 811
21.18395 773
21.20407 749
21.22418 816
21.2443 723
21.26441 734
21.28452 721
21.30464 735
21.32475 745
21.34486 715
21.36498 767
21.38509 741
21.40521 685
21.42532 718
21.44543 737
21.46555 738
21.48566 735
21.50577 743
21.52589 759
21.546 725
21.56612 720
21.58623 731
21.60634 710
21.62646 727
21.64657 709
21.66668 740
21.6868 712
21.70691 678
21.72702 734
21.74714 714
21.76725 709
21.78737 709
21.80748 690
21.82759 715
21.84771 737
21.86782 739
21.88793 761
21.90805 792
21.92816 760
21.94828 813
21.96839 783
21.9885 774
22.00862 793
22.02873 760
22.04884 757
22.06896 747
22.08907 738
22.10919 727
22.1293 686
22.14941 703
22.16953 673
22.18964 682
22.20975 659
22.22987 698
22.24998 725
22.27009 700
22.29021 667
22.31032 647
22.33044 702
22.35055 681
22.37066 685
22.39078 695
22.41089 698
22.431 672
22.45112 722
22.47123 695
22.49135 685
22.51146 648
22.53157 725
22.55169 711
22.5718 711
22.59191 646
22.61203 631
22.63214 649
22.65225 665
22.67237 636
22.69248 654
22.7126 685
22.73271 690
22.75282 651
22.77294 643
22.79305 697
22.81316 703
22.83328 679
22.85339 737
22.87351 669
22.89362 663
22.91373 715
22.93385 666
22.95396 703
22.97407 693
22.99419 669
23.0143 687
23.03442 658
23.05453 689
23.07464 693
23.09476 685
23.11487 657
23.13498 679
23.1551 664
23.17521 658
23.19532 642
23.21544 633
23.23555 702
23.25567 657
23.27578 698
23.29589 677
23.31601 673
23.33612 701
23.35623 716
23.37635 717
23.39646 770
23.41658 667
23.43669 715
23.4568 743
23.47692 762
23.49703 732
23.51714 711
23.53726 802
23.55737 783
23.57749 720
23.5976 751
23.61771 742
23.63783 762
23.65794 715
23.67805 714
23.69817 695
23.71828 712
23.73839 749
23.75851 681
23.77862 662
23.79874 718
23.81885 762
23.83896 797
23.85908 740
23.87919 731
23.8993 722
23.91942 735
23.93953 720
23.95965 738
23.97976 763
23.99987 763
24.01999 757
24.0401 686
24.06021 776
24.08033 773
24.10044 722
24.12056 760
24.14067 699
24.16078 774
24.1809 769
24.20101 796
24.22112 707
24.24124 807
24.26135 730
24.28146 752
24.30158 805
24.32169 784
24.34181 808
24.36192 753
24.38203 776
24.40215 751
24.42226 776
24.44237 732
24.46249 782
24.4826 809
24.50272 751
24.52283 802
24.54294 800
24.56306 787
24.58317 850
24.60328 785
24.6234 772
24.64351 787
24.66362 830
24.68374 859
24.70385 819
24.72397 801
24.74408 809
24.76419 788
24.78431 834
24.80442 788
24.82453 804
24.84465 830
24.86476 763
24.88488 753
24.90499 813
24.9251 778
24.94522 826
24.96533 802
24.98544 835
25.00556 796
25.02567 713
25.04579 791
25.0659 798
25.08601 769
25.10613 760
25.12624 731
25.14635 807
25.16647 756
25.18658 767
25.20669 799
25.22681 694
25.24692 757
25.26704 806
25.28715 739
25.30726 760
25.32738 726
25.34749 703
25.3676 680
25.38772 705
25.40783 756
25.42795 704
25.44806 747
25.46817 724
25.48829 733
25.5084 757
25.52851 727
25.54863 759
25.56874 740
25.58886 780
25.60897 708
25.62908 802
25.6492 781
25.66931 766
25.68942 738
25.70954 753
25.72965 751
25.74976 673
25.76988 672
25.78999 659
25.81011 679
25.83022 712
25.85033 649
25.87045 676
25.89056 706
25.91067 659
25.93079 677
25.9509 658
25.97102 669
25.99113 667
26.01124 641
26.03136 679
26.05147 714
26.07158 729
26.0917 655
26.11181 697
26.13193 701
26.15204 649
26.17215 690
26.19227 692
26.21238 700
26.23249 723
26.25261 720
26.27272 725
26.29283 689
26.31295 722
26.33306 731
26.35318 765
26.37329 798
26.3934 784
26.41352 888
26.43363 908
26.45374 1011
26.47386 1204
26.49397 1407
26.51409 1808
26.5342 2321
26.55431 2844
26.57443 3347
26.59454 3424
26.61465 3245
26.63477 3040
26.65488 2495
26.67499 2032
26.69511 1608
26.71522 1285
26.73534 1088
26.75545 891
26.77556 832
26.79568 838
26.81579 728
26.8359 797
26.85602 727
26.87613 777
26.89625 753
26.91636 787
26.93647 735
26.95659 723
26.9767 774
26.99681 709
27.01693 768
27.03704 764
27.05716 845
27.07727 704
27.09738 729
27.1175 704
27.13761 679
27.15772 697
27.17784 667
27.19795 688
27.21806 685
27.23818 659
27.25829 700
27.27841 641
27.29852 660
27.31863 651
27.33875 665
27.35886 707
27.37897 715
27.39909 761
27.4192 752
27.43932 730
27.45943 757
27.47954 763
27.49966 754
27.51977 726
27.53988 785
27.56 695
27.58011 697
27.60023 706
27.62034 697
27.64045 711
27.66057 708
27.68068 716
27.70079 772
27.72091 788
27.74102 777
27.76113 760
27.78125 782
27.80136 765
27.82148 754
27.84159 750
27.8617 729
27.88182 722
27.90193 749
27.92204 750
27.94216 847
27.96227 763
27.98239 749
28.0025 709
28.02261 705
28.04273 702
28.06284 659
28.08295 622
28.10307 656
28.12318 610
28.1433 659
28.16341 624
28.18352 621
28.20364 632
28.22375 659
28.24386 633
28.26398 657
28.28409 625
28.3042 653
28.32432 601
28.34443 651
28.36455 641
28.38466 638
28.40477 605
28.42489 609
28.445 575
28.46511 639
28.48523 607
28.50534 604
28.52546 599
28.54557 643
28.56568 607
28.5858 631
28.60591 561
28.62602 604
28.64614 610
28.66625 618
28.68636 593
28.70648 598
28.72659 558
28.74671 615
28.76682 606
28.78693 589
28.80705 617
28.82716 592
28.84727 572
28.86739 607
28.8875 583
28.90762 565
28.92773 541
28.94784 595
28.96796 598
28.98807 622
29.00818 601
29.0283 594
29.04841 628
29.06853 626
29.08864 555
29.10875 578
29.12887 575
29.14898 611
29.16909 526
29.18921 590
29.20932 610
29.22943 628
29.24955 590
29.26966 619
29.28978 572
29.30989 583
29.33 606
29.35012 558
29.37023 596
29.39034 604
29.41046 570
29.43057 604
29.45069 554
29.4708 604
29.49091 634
29.51103 646
29.53114 636
29.55125 542
29.57137 582
29.59148 629
29.6116 679
29.63171 614
29.65182 629
29.67194 637
29.69205 675
29.71216 726
29.73228 744
29.75239 727
29.7725 782
29.79262 815
29.81273 814
29.83285 849
29.85296 872
29.87307 939
29.89319 921
29.9133 856
29.93341 923
29.95353 865
29.97364 946
29.99376 857
30.01387 811
30.03398 770
30.0541 740
30.07421 735
30.09432 775
30.11444 658
30.13455 695
30.15467 669
30.17478 713
30.19489 671
30.21501 642
30.23512 656
30.25523 689
30.27535 675
30.29546 639
30.31557 652
30.33569 649
30.3558 623
30.37592 619
30.39603 665
30.41614 665
30.43626 679
30.45637 629
30.47648 631
30.4966 624
30.51671 614
30.53683 539
30.55694 603
30.57705 627
30.59717 576
30.61728 634
30.63739 548
30.65751 566
30.67762 615
30.69773 613
30.71785 662
30.73796 618
30.75808 652
30.77819 655
30.7983 621
30.81842 632
30.83853 631
30.85864 625
30.87876 619
30.89887 571
30.91899 566
30.9391 582
30.95921 614
30.97933 611
30.99944 577
31.01955 593
31.03967 574
31.05978 633
31.0799 576
31.10001 591
31.12012 609
31.14024 570
31.16035 596
31.18046 641
31.20058 627
31.22069 610
31.2408 597
31.26092 614
31.28103 607
31.30115 633
31.32126 602
31.34137 587
31.36149 610
31.3816 571
31.40171 617
31.42183 564
31.44194 573
31.46206 570
31.48217 600
31.50228 557
31.5224 573
31.54251 577
31.56262 617
31.58274 645
31.60285 605
31.62297 560
31.64308 598
31.66319 628
31.68331 540
31.70342 551
31.72353 564
31.74365 631
31.76376 559
31.78387 595
31.80399 531
31.8241 550
31.84422 622
31.86433 597
31.88444 564
31.90456 584
31.92467 586
31.94478 570
31.9649 582
31.98501 570
32.00513 617
32.02524 623
32.04535 589
32.06547 603
32.08558 607
32.10569 600
32.12581 586
32.14592 627
32.16604 608
32.18615 559
32.20626 673
32.22638 630
32.24649 618
32.2666 642
32.28672 598
32.30683 589
32.32694 632
32.34706 659
32.36717 613
32.38729 588
32.4074 560
32.42751 604
32.44763 579
32.46774 587
32.48785 644
32.50797 659
32.52808 607
32.5482 544
32.56831 591
32.58842 598
32.60854 581
32.62865 613
32.64876 616
32.66888 621
32.68899 607
32.7091 601
32.72922 629
32.74933 573
32.76945 563
32.78956 607
32.80967 597
32.82979 631
32.8499 648
32.87001 607
32.89013 588
32.91024 629
32.93036 621
32.95047 615
32.97058 583
32.9907 613
33.01081 657
33.03092 606
33.05104 689
33.07115 687
33.09127 671
33.11138 621
33.13149 636
33.15161 594
33.17172 613
33.19183 570
33.21195 656
33.23206 619
33.25217 588
33.27229 587
33.2924 614
33.31252 657
33.33263 562
33.35274 569
33.37286 654
33.39297 597
33.41308 642
33.4332 564
33.45331 596
33.47343 572
33.49354 580
33.51365 595
33.53377 584
33.55388 578
33.57399 599
33.59411 607
33.61422 586
33.63434 617
33.65445 619
33.67456 601
33.69468 583
33.71479 632
33.7349 588
33.75502 586
33.77513 599
33.79524 631
33.81536 623
33.83547 622
33.85559 628
33.8757 647
33.89581 597
33.91593 586
33.93604 602
33.95615 632
33.97627 612
33.99638 623
34.0165 571
34.03661 599
34.05672 654
34.07684 666
34.09695 629
34.11706 633
34.13718 595
34.15729 618
34.17741 645
34.19752 606
34.21763 650
34.23775 624
34.25786 644
34.27797 630
34.29809 632
34.3182 629
34.33831 633
34.35843 673
34.37854 653
34.39866 647
34.41877 694
34.43888 667
34.459 660
34.47911 699
34.49922 702
34.51934 698
34.53945 680
34.55957 750
34.57968 616
34.59979 721
34.61991 731
34.64002 728
34.66013 748
34.68025 716
34.70036 739
34.72047 726
34.74059 744
34.7607 768
34.78082 772
34.80093 797
34.82104 765
34.84116 775
34.86127 776
34.88138 835
34.9015 815
34.92161 824
34.94173 805
34.96184 844
34.98195 852
35.00207 907
35.02218 944
35.04229 965
35.06241 967
35.08252 1093
35.10264 1148
35.12275 1144
35.14286 1343
35.16298 1374
35.18309 1534
35.2032 1523
35.22332 1620
35.24343 1586
35.26354 1513
35.28366 1478
35.30377 1437
35.32389 1382
35.344 1273
35.36411 1239
35.38423 1175
35.40434 1130
35.42445 1036
35.44457 972
35.46468 1072
35.4848 1035
35.50491 959
35.52502 984
35.54514 960
35.56525 867
35.58536 908
35.60548 878
35.62559 879
35.64571 859
35.66582 878
35.68593 840
35.70605 791
35.72616 767
35.74627 785
35.76639 786
35.7865 789
35.80661 728
35.82673 750
35.84684 772
35.86696 775
35.88707 793
35.90718 832
35.9273 732
35.94741 763
35.96752 744
35.98764 734
36.00775 738
36.02787 727
36.04798 711
36.06809 730
36.08821 706
36.10832 721
36.12843 723
36.14855 744
36.16866 713
36.18878 718
36.20889 650
36.229 702
36.24912 712
36.26923 694
36.28934 730
36.30946 706
36.32957 743
36.34968 802
36.3698 748
36.38991 763
36.41003 837
36.43014 822
36.45025 803
36.47037 906
36.49048 893
36.51059 870
36.53071 793
36.55082 861
36.57094 842
36.59105 830
36.61116 779
36.63128 719
36.65139 718
36.6715 717
36.69162 730
36.71173 690
36.73184 728
36.75196 690
36.77207 715
36.79219 730
36.8123 712
36.83241 755
36.85253 753
36.87264 753
36.89275 789
36.91287 683
36.93298 712
36.9531 713
36.97321 699
36.99332 697
37.01344 722
37.03355 702
37.05366 697
37.07378 700
37.09389 687
37.11401 622
37.13412 698
37.15423 741
37.17435 689
37.19446 690
37.21457 725
37.23469 671
37.2548 657
37.27491 694
37.29503 696
37.31514 692
37.33526 675
37.35537 704
37.37548 716
37.3956 695
37.41571 691
37.43582 650
37.45594 686
37.47605 714
37.49617 683
37.51628 730
37.53639 700
37.55651 689
37.57662 653
37.59673 725
37.61685 656
37.63696 677
37.65708 698
37.67719 726
37.6973 651
37.71742 674
37.73753 679
37.75764 722
37.77776 703
37.79787 693
37.81798 687
37.8381 665
37.85821 688
37.87833 662
37.89844 671
37.91855 697
37.93867 739
37.95878 680
37.97889 695
37.99901 667
38.01912 702
38.03924 637
38.05935 673
38.07946 693
38.09958 674
38.11969 700
38.1398 684
38.15992 698
38.18003 679
38.20015 715
38.22026 716
38.24037 686
38.26049 711
38.2806 698
38.30071 716
38.32083 712
38.34094 699
38.36105 720
38.38117 693
38.40128 659
38.4214 702
38.44151 681
38.46162 674
38.48174 673
38.50185 704
38.52196 714
38.54208 662
38.56219 668
38.58231 693
38.60242 692
38.62253 665
38.64265 698
38.66276 667
38.68287 686
38.70299 715
38.7231 658
38.74321 604
38.76333 651
38.78344 656
38.80356 684
38.82367 677
38.84378 676
38.8639 661
38.88401 646
38.90412 663
38.92424 658
38.94435 646
38.96447 684
38.98458 625
39.00469 640
39.02481 670
39.04492 670
39.06503 606
39.08515 672
39.10526 675
39.12538 649
39.14549 638
39.1656 621
39.18572 678
39.20583 674
39.22594 649
39.24606 691
39.26617 637
39.28628 680
39.3064 677
39.32651 670
39.34663 727
39.36674 776
39.38685 800
39.40697 800
39.42708 776
39.44719 749
39.46731 781
39.48742 796
39.50754 724
39.52765 706
39.54776 676
39.56788 660
39.58799 642
39.6081 676
39.62822 615
39.64833 644
39.66845 600
39.68856 616
39.70867 624
39.72879 641
39.7489 667
39.76901 616
39.78913 642
39.80924 634
39.82935 603
39.84947 638
39.86958 642
39.8897 643
39.90981 612
39.92992 643
39.95004 634
39.97015 620
39.99026 579
40.01038 634
40.03049 622
40.05061 642
40.07072 601
40.09083 700
40.11095 632
40.13106 655
40.15117 644
40.17129 683
40.1914 657
40.21152 714
40.23163 661
40.25174 692
40.27186 699
40.29197 682
40.31208 636
40.3322 686
40.35231 652
40.37242 644
40.39254 646
40.41265 620
40.43277 630
40.45288 638
40.47299 631
40.49311 653
40.51322 627
40.53333 649
40.55345 609
40.57356 619
40.59368 591
40.61379 621
40.6339 659
40.65402 621
40.67413 643
40.69424 618
40.71436 591
40.73447 640
40.75458 635
40.7747 607
40.79481 640
40.81493 600
40.83504 656
40.85515 624
40.87527 619
40.89538 612
40.91549 604
40.93561 667
40.95572 645
40.97584 645
40.99595 626
41.01606 607
41.03618 604
41.05629 641
41.0764 632
41.09652 589
41.11663 609
41.13675 642
41.15686 604
41.17697 612
41.19709 609
41.2172 607
41.23731 583
41.25743 665
41.27754 570
41.29765 598
41.31777 566
41.33788 632
41.358 600
41.37811 582
41.39822 568
41.41834 573
41.43845 597
41.45856 624
41.47868 647
41.49879 586
41.51891 578
41.53902 627
41.55913 635
41.57925 620
41.59936 608
41.61947 660
41.63959 664
41.6597 613
41.67982 609
41.69993 649
41.72004 598
41.74016 639
41.76027 616
41.78038 597
41.8005 646
41.82061 641
41.84072 591
41.86084 607
41.88095 591
41.90107 606
41.92118 588
41.94129 582
41.96141 566
41.98152 590
42.00163 554
42.02175 557
42.04186 599
42.06198 580
42.08209 613
42.1022 551
42.12232 586
42.14243 598
42.16254 580
42.18266 607
42.20277 599
42.22289 610
42.243 676
42.26311 592
42.28323 636
42.30334 635
42.32345 628
42.34357 674
42.36368 630
42.38379 693
42.40391 691
42.42402 692
42.44414 683
42.46425 712
42.48436 679
42.50448 679
42.52459 675
42.5447 640
42.56482 663
42.58493 638
42.60505 651
42.62516 637
42.64527 663
42.66539 679
42.6855 706
42.70561 716
42.72573 667
42.74584 667
42.76595 717
42.78607 755
42.80618 739
42.8263 724
42.84641 687
42.86652 686
42.88664 717
42.90675 715
42.92686 669
42.94698 670
42.96709 657
42.98721 713
43.00732 699
43.02743 651
43.04755 580
43.06766 653
43.08777 601
43.10789 605
43.128 618
43.14812 565
43.16823 578
43.18834 606
43.20846 568
43.22857 595
43.24868 569
43.2688 591
43.28891 613
43.30902 546
43.32914 583
43.34925 562
43.36937 599
43.38948 578
43.40959 622
43.42971 595
43.44982 596
43.46993 550
43.49005 582
43.51016 579
43.53028 533
43.55039 577
43.5705 573
43.59062 557
43.61073 542
43.63084 602
43.65096 527
43.67107 589
43.69119 565
43.7113 529
43.73141 588
43.75153 627
43.77164 573
43.79175 541
43.81187 545
43.83198 540
43.85209 575
43.87221 561
43.89232 537
43.91244 540
43.93255 567
43.95266 531
43.97278 581
43.99289 588
44.013 541
44.03312 571
44.05323 587
44.07335 581
44.09346 573
44.11357 570
44.13369 610
44.1538 560
44.17391 609
44.19403 576
44.21414 558
44.23426 573
44.25437 578
44.27448 572
44.2946 544
44.31471 550
44.33482 513
44.35494 566
44.37505 565
44.39516 625
44.41528 579
44.43539 529
44.45551 587
44.47562 571
44.49573 573
44.51585 577
44.53596 569
44.55607 553
44.57619 590
44.5963 592
44.61642 557
44.63653 572
44.65664 556
44.67676 571
44.69687 578
44.71698 595
44.7371 559
44.75721 610
44.77732 583
44.79744 579
44.81755 548
44.83767 566
44.85778 556
44.87789 554
44.89801 582
44.91812 580
44.93823 582
44.95835 543
44.97846 595
44.99858 565
45.01869 567
45.0388 558
45.05892 562
45.07903 572
45.09914 580
45.11926 615
45.13937 591
45.15949 604
45.1796 573
45.19971 587
45.21983 513
45.23994 572
45.26005 583
45.28017 545
45.30028 568
45.32039 591
45.34051 564
45.36062 570
45.38074 573
45.40085 569
45.42096 564
45.44108 589
45.46119 558
45.4813 578
45.50142 585
45.52153 596
45.54165 554
45.56176 565
45.58187 594
45.60199 616
45.6221 628
45.64221 595
45.66233 640
45.68244 621
45.70256 670
45.72267 649
45.74278 622
45.7629 602
45.78301 610
45.80312 593
45.82324 571
45.84335 643
45.86346 602
45.88358 590
45.90369 594
45.92381 635
45.94392 559
45.96403 580
45.98415 586
46.00426 557
46.02437 590
46.04449 587
46.0646 567
46.08472 554
46.10483 578
46.12494 582
46.14506 577
46.16517 546
46.18528 589
46.2054 547
46.22551 575
46.24563 582
46.26574 570
46.28585 598
46.30597 566
46.32608 576
46.34619 539
46.36631 542
46.38642 610
46.40653 580
46.42665 563
46.44676 617
46.46688 566
46.48699 586
46.5071 571
46.52722 532
46.54733 550
46.56744 548
46.58756 532
46.60767 547
46.62779 603
46.6479 549
46.66801 555
46.68813 532
46.70824 527
46.72835 564
46.74847 506
46.76858 541
46.78869 532
46.80881 555
46.82892 555
46.84904 581
46.86915 557
46.88926 587
46.90938 561
46.92949 586
46.9496 577
46.96972 554
46.98983 579
47.00995 566
47.03006 650
47.05017 609
47.07029 557
47.0904 520
47.11051 584
47.13063 539
47.15074 574
47.17086 588
47.19097 566
47.21108 617
47.2312 547
47.25131 575
47.27142 579
47.29154 553
47.31165 578
47.33176 594
47.35188 617
47.37199 577
47.39211 602
47.41222 540
47.43233 585
47.45245 571
47.47256 575
47.49267 584
47.51279 635
47.5329 577
47.55302 564
47.57313 606
47.59324 521
47.61336 576
47.63347 553
47.65358 569
47.6737 572
47.69381 586
47.71393 608
47.73404 558
47.75415 549
47.77427 589
47.79438 567
47.81449 576
47.83461 543
47.85472 570
47.87483 581
47.89495 545
47.91506 552
47.93518 599
47.95529 570
47.9754 617
47.99552 582
48.01563 538
48.03574 506
48.05586 567
48.07597 516
48.09609 547
48.1162 581
48.13631 565
48.15643 573
48.17654 569
48.19665 568
48.21677 604
48.23688 526
48.257 538
48.27711 587
48.29722 552
48.31734 585
48.33745 577
48.35756 566
48.37768 524
48.39779 568
48.4179 512
48.43802 554
48.45813 584
48.47825 578
48.49836 542
48.51847 591
48.53859 522
48.5587 618
48.57881 551
48.59893 561
48.61904 513
48.63916 542
48.65927 510
48.67938 564
48.6995 554
48.71961 584
48.73972 545
48.75984 518
48.77995 561
48.80006 552
48.82018 569
48.84029 534
48.86041 567
48.88052 528
48.90063 600
48.92075 579
48.94086 530
48.96097 608
48.98109 582
49.0012 532
49.02132 528
49.04143 567
49.06154 577
49.08166 568
49.10177 628
49.12188 577
49.142 554
49.16211 520
49.18223 552
49.20234 581
49.22245 569
49.24257 566
49.26268 568
49.28279 609
49.30291 558
49.32302 527
49.34313 586
49.36325 520
49.38336 586
49.40348 538
49.42359 570
49.4437 557
49.46382 537
49.48393 565
49.50404 588
49.52416 568
49.54427 587
49.56439 568
49.5845 563
49.60461 563
49.62473 549
49.64484 557
49.66495 602
49.68507 573
49.70518 593
49.7253 565
49.74541 544
49.76552 543
49.78564 592
49.80575 581
49.82586 627
49.84598 583
49.86609 585
49.8862 576
49.90632 586
49.92643 591
49.94655 617
49.96666 685
49.98677 718
50.00689 731
50.027 768
50.04711 791
50.06723 860
50.08734 779
50.10746 752
50.12757 748
50.14768 690
50.1678 740
50.18791 723
50.20802 732
50.22814 689
50.24825 693
50.26837 633
50.28848 616
50.30859 575
50.32871 553
50.34882 555
50.36893 533
50.38905 576
50.40916 574
50.42927 587
50.44939 517
50.4695 576
50.48962 559
50.50973 647
50.52984 595
50.54996 588
50.57007 585
50.59018 567
50.6103 592
50.63041 546
50.65053 561
50.67064 591
50.69075 572
50.71087 601
50.73098 590
50.75109 555
50.77121 595
50.79132 550
50.81143 570
50.83155 546
50.85166 554
50.87178 541
50.89189 583
50.912 578
50.93212 541
50.95223 564
50.97234 614
50.99246 556
51.01257 513
51.03269 538
51.0528 553
51.07291 550
51.09303 561
51.11314 597
51.13325 584
51.15337 528
51.17348 541
51.1936 583
51.21371 542
51.23382 540
51.25394 580
51.27405 535
51.29416 593
51.31428 585
51.33439 565
51.3545 544
51.37462 564
51.39473 531
51.41485 580
51.43496 567
51.45507 580
51.47519 543
51.4953 560
51.51541 592
51.53553 553
51.55564 549
51.57576 546
51.59587 571
51.61598 571
51.6361 572
51.65621 573
51.67632 540
51.69644 552
51.71655 565
51.73667 564
51.75678 540
51.77689 549
51.79701 544
51.81712 522
51.83723 513
51.85735 522
51.87746 523
51.89757 550
51.91769 552
51.9378 542
51.95792 562
51.97803 520
51.99814 601
52.01826 570
52.03837 576
52.05848 584
52.0786 533
52.09871 522
52.11883 559
52.13894 557
52.15905 558
52.17917 553
52.19928 585
52.21939 589
52.23951 553
52.25962 586
52.27974 550
52.29985 529
52.31996 545
52.34008 533
52.36019 557
52.3803 553
52.40042 555
52.42053 543
52.44064 596
52.46076 573
52.48087 554
52.50099 565
52.5211 532
52.54121 552
52.56133 557
52.58144 603
52.60155 548
52.62167 553
52.64178 537
52.6619 562
52.68201 584
52.70212 554
52.72224 566
52.74235 557
52.76246 623
52.78258 588
52.80269 547
52.8228 569
52.84292 603
52.86303 599
52.88315 558
52.90326 550
52.92337 595
52.94349 610
52.9636 671
52.98371 592
53.00383 603
53.02394 605
53.04406 670
53.06417 654
53.08428 653
53.1044 618
53.12451 612
53.14462 650
53.16474 635
53.18485 622
53.20497 627
53.22508 638
53.24519 619
53.26531 577
53.28542 609
53.30553 630
53.32565 618
53.34576 647
53.36587 618
53.38599 636
53.4061 588
53.42622 615
53.44633 662
53.46644 587
53.48656 593
53.50667 593
53.52678 607
53.5469 595
53.56701 600
53.58713 613
53.60724 605
53.62735 608
53.64747 630
53.66758 596
53.68769 621
53.70781 636
53.72792 663
53.74804 605
53.76815 645
53.78826 605
53.80838 615
53.82849 647
53.8486 628
53.86872 642
53.88883 638
53.90894 609
53.92906 608
53.94917 652
53.96929 621
53.9894 644
54.00951 658
54.02963 587
54.04974 625
54.06985 617
54.08997 637
54.11008 636
54.1302 643
54.15031 643
54.17042 595
54.19054 620
54.21065 583
54.23076 630
54.25088 615
54.27099 632
54.29111 641
54.31122 629
54.33133 666
54.35145 649
54.37156 627
54.39167 616
54.41179 665
54.4319 609
54.45201 663
54.47213 577
54.49224 614
54.51236 683
54.53247 626
54.55258 642
54.5727 635
54.59281 617
54.61292 672
54.63304 664
54.65315 618
54.67327 639
54.69338 633
54.71349 683
54.73361 664
54.75372 681
54.77383 692
54.79395 679
54.81406 729
54.83417 696
54.85429 701
54.8744 677
54.89452 703
54.91463 670
54.93474 639
54.95486 671
54.97497 622
54.99508 571
55.0152 612
55.03531 652
55.05543 647
55.07554 612
55.09565 602
55.11577 643
55.13588 617
55.15599 635
55.17611 643
55.19622 624
55.21634 636
55.23645 659
55.25656 650
55.27668 624
55.29679 595
55.3169 667
55.33702 587
55.35713 624
55.37724 636
55.39736 615
55.41747 650
55.43759 613
55.4577 629
55.47781 629
55.49793 604
55.51804 673
55.53815 624
55.55827 600
55.57838 669
55.5985 595
55.61861 619
55.63872 626
55.65884 595
55.67895 628
55.69906 601
55.71918 593
55.73929 612
55.75941 642
55.77952 617
55.79963 609
55.81975 602
55.83986 551
55.85997 625
55.88009 593
55.9002 585
55.92031 554
55.94043 589
55.96054 626
55.98066 618
56.00077 615
56.02088 584
56.041 579
56.06111 594
56.08122 570
56.10134 588
56.12145 601
56.14157 571
56.16168 610
56.18179 566
56.20191 583
56.22202 571
56.24213 570
56.26225 631
56.28236 669
56.30248 620
56.32259 589
56.3427 641
56.36282 585
56.38293 665
56.40304 629
56.42316 623
56.44327 647
56.46338 635
56.4835 703
56.50361 706
56.52373 720
56.54384 742
56.56395 707
56.58407 732
56.60418 765
56.62429 726
56.64441 739
56.66452 718
56.68464 723
56.70475 744
56.72486 693
56.74498 703
56.76509 751
56.7852 748
56.80532 706
56.82543 693
56.84554 640
56.86566 653
56.88577 688
56.90589 646
56.926 653
56.94611 632
56.96623 636
56.98634 616
57.00645 605
57.02657 596
57.04668 588
57.0668 658
57.08691 602
57.10702 570
57.12714 654
57.14725 642
57.16736 638
57.18748 594
57.20759 623
57.22771 551
57.24782 625
57.26793 586
57.28805 598
57.30816 611
57.32827 599
57.34839 564
57.3685 633
57.38861 624
57.40873 583
57.42884 545
57.44896 635
57.46907 575
57.48918 578
57.5093 602
57.52941 560
57.54952 558
57.56964 584
57.58975 575
57.60987 573
57.62998 600
57.65009 589
57.67021 578
57.69032 520
57.71043 578
57.73055 558
57.75066 565
57.77078 562
57.79089 593
57.811 557
57.83112 577
57.85123 574
57.87134 545
57.89146 589
57.91157 561
57.93168 570
57.9518 575
57.97191 575
57.99203 553
58.01214 588
58.03225 591
58.05237 532
58.07248 554
58.09259 556
58.11271 554
58.13282 589
58.15294 574
58.17305 590
58.19316 600
58.21328 567
58.23339 594
58.2535 548
58.27362 526
58.29373 519
58.31385 532
58.33396 601
58.35407 567
58.37419 580
58.3943 565
58.41441 593
58.43453 556
58.45464 588
58.47475 550
58.49487 571
58.51498 597
58.5351 556
58.55521 573
58.57532 564
58.59544 586
58.61555 550
58.63566 610
58.65578 554
58.67589 563
58.69601 580
58.71612 535
58.73623 534
58.75635 592
58.77646 592
58.79657 587
58.81669 582
58.8368 611
58.85691 585
58.87703 556
58.89714 523
58.91726 555
58.93737 554
58.95748 587
58.9776 574
58.99771 551
59.01782 565
59.03794 558
59.05805 539
59.07817 562
59.09828 545
59.11839 550
59.13851 571
59.15862 569
59.17873 528
59.19885 533
59.21896 560
59.23908 583
59.25919 559
59.2793 562
59.29942 595
59.31953 567
59.33964 609
59.35976 573
59.37987 536
59.39998 581
59.4201 568
59.44021 593
59.46033 571
59.48044 539
59.50055 570
59.52067 536
59.54078 534
59.56089 581
59.58101 585
59.60112 582
59.62124 624
59.64135 594
59.66146 572
59.68158 573
59.70169 591
59.7218 579
59.74192 580
59.76203 591
59.78215 590
59.80226 669
59.82237 657
59.84249 696
59.8626 703
59.88271 754
59.90283 734
59.92294 734
59.94305 718
59.96317 640
59.98328 668
60.0034 688
60.02351 623
60.04362 691
60.06374 695
60.08385 710
60.10396 630
60.12408 629
60.14419 608
60.16431 572
60.18442 576
60.20453 621
60.22465 622
60.24476 641
60.26487 598
60.28499 601
60.3051 584
60.32522 571
60.34533 575
60.36544 545
60.38556 568
60.40567 571
60.42578 542
60.4459 571
60.46601 600
60.48612 593
60.50624 530
60.52635 567
60.54647 599
60.56658 557
60.58669 564
60.60681 597
60.62692 589
60.64703 555
60.66715 563
60.68726 603
60.70738 589
60.72749 581
60.7476 572
60.76772 571
60.78783 599
60.80794 619
60.82806 552
60.84817 545
60.86828 591
60.8884 570
60.90851 546
60.92863 556
60.94874 584
60.96885 577
60.98897 547
61.00908 575
61.02919 547
61.04931 574
61.06942 597
61.08954 546
61.10965 587
61.12976 586
61.14988 570
61.16999 569
61.1901 588
61.21022 584
61.23033 575
61.25045 627
61.27056 536
61.29067 571
61.31079 574
61.3309 605
61.35101 575
61.37113 572
61.39124 521
61.41135 574
61.43147 587
61.45158 584
61.4717 560
61.49181 540
61.51192 566
61.53204 623
61.55215 616
61.57226 603
61.59238 565
61.61249 566
61.63261 628
61.65272 603
61.67283 605
61.69295 608
61.71306 620
61.73317 640
61.75329 603
61.7734 620
61.79352 623
61.81363 647
61.83374 674
61.85386 635
61.87397 655
61.89408 689
61.9142 728
61.93431 694
61.95442 715
61.97454 728
61.99465 716
62.01477 777
62.03488 743
62.05499 833
62.07511 806
62.09522 886
62.11533 838
62.13545 890
62.15556 884
62.17568 892
62.19579 850
62.2159 852
62.23602 851
62.25613 951
62.27624 891
62.29636 858
62.31647 828
62.33659 807
62.3567 771
62.37681 784
62.39693 771
62.41704 760
62.43715 751
62.45727 795
62.47738 754
62.49749 685
62.51761 749
62.53772 734
62.55784 697
62.57795 717
62.59806 720
62.61818 683
62.63829 698
62.6584 657
62.67852 667
62.69863 665
62.71875 656
62.73886 695
62.75897 715
62.77909 637
62.7992 687
62.81931 628
62.83943 706
62.85954 674
62.87965 700
62.89977 634
62.91988 658
62.94 621
62.96011 627
62.98022 662
63.00034 672
63.02045 594
63.04056 626
63.06068 620
63.08079 641
63.10091 637
63.12102 629
63.14113 643
63.16125 627
63.18136 634
63.20147 622
63.22159 689
63.2417 646
63.26182 595
63.28193 565
63.30204 610
63.32216 617
63.34227 619
63.36238 586
63.3825 628
63.40261 603
63.42272 586
63.44284 554
63.46295 607
63.48307 603
63.50318 623
63.52329 619
63.54341 612
63.56352 608
63.58363 611
63.60375 647
63.62386 605
63.64398 636
63.66409 599
63.6842 648
63.70432 636
63.72443 629
63.74454 600
63.76466 584
63.78477 631
63.80489 572
63.825 610
63.84511 627
63.86523 649
63.88534 638
63.90545 607
63.92557 615
63.94568 616
63.96579 671
63.98591 655
64.00602 621
64.02614 650
64.04625 640
64.06636 569
64.08648 624
64.10659 604
64.1267 596
64.14682 642
64.16693 606
64.18705 605
64.20716 622
64.22727 570
64.24739 636
64.2675 582
64.28761 582
64.30773 550
64.32784 575
64.34796 613
64.36807 552
64.38818 592
64.4083 573
64.42841 499
64.44852 531
64.46864 562
64.48875 594
64.50886 561
64.52898 523
64.54909 580
64.56921 537
64.58932 591
64.60943 550
64.62955 625
64.64966 568
64.66977 578
64.68989 549
64.71 566
64.73012 589
64.75023 553
64.77034 574
64.79046 570
64.81057 600
64.83068 565
64.8508 603
64.87091 616
64.89102 532
64.91114 530
64.93125 565
64.95137 576
64.97148 530
64.99159 595
65.01171 553
65.03182 530
65.05193 526
65.07205 522
65.09216 566
65.11228 574
65.13239 572
65.1525 556
65.17262 573
65.19273 553
65.21284 501
65.23296 558
65.25307 520
65.27319 547
65.2933 547
65.31341 537
65.33353 530
65.35364 565
65.37375 561
65.39387 536
65.41398 600
65.43409 536
65.45421 565
65.47432 563
65.49444 537
65.51455 578
65.53466 543
65.55478 562
65.57489 535
65.595 530
65.61512 567
65.63523 556
65.65535 566
65.67546 549
65.69557 594
65.71569 548
65.7358 538
65.75591 544
65.77603 537
65.79614 515
65.81626 551
65.83637 550
65.85648 560
65.8766 522
65.89671 537
65.91682 571
65.93694 532
65.95705 569
65.97716 518
65.99728 580
66.01739 569
66.03751 556
66.05762 572
66.07773 529
66.09785 551
66.11796 563
66.13807 557
66.15819 540
66.1783 532
66.19842 529
66.21853 545
66.23864 494
66.25876 533
66.27887 567
66.29898 537
66.3191 549
66.33921 528
66.35933 525
66.37944 544
66.39955 580
66.41967 528
66.43978 551
66.45989 577
66.48001 517
66.50012 513
66.52023 560
66.54035 520
66.56046 527
66.58058 528
66.60069 541
66.6208 561
66.64092 540
66.66103 526
66.68114 498
66.70126 494
66.72137 505
66.74149 571
66.7616 517
66.78171 530
66.80183 540
66.82194 575
66.84205 560
66.86217 527
66.88228 577
66.90239 516
66.92251 575
66.94262 535
66.96274 526
66.98285 565
67.00296 564
67.02308 553
67.04319 571
67.0633 538
67.08342 551
67.10353 520
67.12365 541
67.14376 528
67.16387 567
67.18399 569
67.2041 551
67.22421 569
67.24433 574
67.26444 552
67.28456 531
67.30467 558
67.32478 557
67.3449 510
67.36501 550
67.38512 571
67.40524 585
67.42535 606
67.44546 544
67.46558 584
67.48569 575
67.50581 584
67.52592 542
67.54603 582
67.56615 575
67.58626 608
67.60637 599
67.62649 649
67.6466 645
67.66672 622
67.68683 654
67.70694 673
67.72706 641
67.74717 580
67.76728 595
67.7874 649
67.80751 527
67.82763 628
67.84774 591
67.86785 642
67.88797 615
67.90808 648
67.92819 628
67.94831 632
67.96842 617
67.98853 621
68.00865 642
68.02876 661
68.04888 643
68.06899 653
68.0891 681
68.10922 668
68.12933 670
68.14944 637
68.16956 690
68.18967 645
68.20979 659
68.2299 639
68.25001 661
68.27013 686
68.29024 672
68.31035 632
68.33047 615
68.35058 601
68.3707 612
68.39081 565
68.41092 614
68.43104 601
68.45115 569
68.47126 589
68.49138 569
68.51149 534
68.5316 574
68.55172 510
68.57183 561
68.59195 559
68.61206 529
68.63217 584
68.65229 528
68.6724 517
68.69251 530
68.71263 571
68.73274 586
68.75286 526
68.77297 526
68.79308 517
68.8132 567
68.83331 576
68.85342 549
68.87354 552
68.89365 544
68.91376 517
68.93388 541
68.95399 591
68.97411 512
68.99422 539
69.01433 547
69.03445 529
69.05456 561
69.07467 544
69.09479 542
69.1149 516
69.13502 541
69.15513 527
69.17524 535
69.19536 528
69.21547 518
69.23558 525
69.2557 505
69.27581 520
69.29593 560
69.31604 566
69.33615 593
69.35627 550
69.37638 514
69.39649 552
69.41661 549
69.43672 563
69.45683 546
69.47695 563
69.49706 519
69.51718 530
69.53729 506
69.5574 547
69.57752 511
69.59763 512
69.61774 545
69.63786 537
69.65797 539
69.67809 557
69.6982 530
69.71831 563
69.73843 547
69.75854 547
69.77865 489
69.79877 533
69.81888 522
69.839 509
69.85911 542
69.87922 559
69.89934 531
69.91945 518
69.93956 529
69.95968 529
69.97979 530
69.9999 513
70.02002 577
70.04013 561
70.06025 577
70.08036 552
70.10047 550
70.12059 517
70.1407 534
70.16081 501
70.18093 550
70.20104 495
70.22116 522
70.24127 564
70.26138 581
70.2815 488
70.30161 519
70.32172 570
70.34184 541
70.36195 517
70.38207 576
70.40218 541
70.42229 543
70.44241 540
70.46252 529
70.48263 531
70.50275 521
70.52286 551
70.54297 506
70.56309 514
70.5832 537
70.60332 569
70.62343 502
70.64354 558
70.66366 534
70.68377 591
70.70388 544
70.724 511
70.74411 532
70.76423 524
70.78434 526
70.80445 533
70.82457 542
70.84468 532
70.86479 573
70.88491 499
70.90502 566
70.92513 528
70.94525 503
70.96536 533
70.98548 525
71.00559 560
71.0257 521
71.04582 485
71.06593 542
71.08604 531
71.10616 555
71.12627 551
71.14639 536
71.1665 500
71.18661 522
71.20673 544
71.22684 537
71.24695 536
71.26707 506
71.28718 542
71.3073 525
71.32741 541
71.34752 560
71.36764 514
71.38775 487
71.40786 498
71.42798 534
71.44809 531
71.4682 562
71.48832 538
71.50843 505
71.52855 537
71.54866 534
71.56877 554
71.58889 550
71.609 562
71.62911 483
71.64923 530
71.66934 566
71.68946 511
71.70957 517
71.72968 513
71.7498 511
71.76991 560
71.79002 524
71.81014 493
71.83025 546
71.85037 542
71.87048 527
71.89059 558
71.91071 543
71.93082 529
71.95093 527
71.97105 526
71.99116 513
72.01127 533
72.03139 549
72.0515 528
72.07162 516
72.09173 526
72.11184 567
72.13196 519
72.15207 555
72.17218 540
72.1923 576
72.21241 551
72.23253 543
72.25264 518
72.27275 491
72.29287 589
72.31298 505
72.33309 538
72.35321 575
72.37332 561
72.39344 516
72.41355 534
72.43366 516
72.45378 530
72.47389 538
72.494 524
72.51412 563
72.53423 541
72.55434 506
72.57446 528
72.59457 544
72.61469 518
72.6348 513
72.65491 539
72.67503 531
72.69514 520
72.71525 488
72.73537 593
72.75548 546
72.7756 546
72.79571 516
72.81582 591
72.83594 549
72.85605 495
72.87616 556
72.89628 535
72.91639 548
72.9365 507
72.95662 559
72.97673 544
72.99685 554
73.01696 580
73.03707 510
73.05719 538
73.0773 543
73.09741 527
73.11753 582
73.13764 550
73.15776 621
73.17787 534
73.19798 526
73.2181 539
73.23821 554
73.25832 523
73.27844 613
73.29855 560
73.31867 563
73.33878 585
73.35889 621
73.37901 572
73.39912 629
73.41923 586
73.43935 633
73.45946 561
73.47957 595
73.49969 627
73.5198 601
73.53992 559
73.56003 570
73.58014 587
73.60026 585
73.62037 596
73.64048 607
73.6606 627
73.68071 564
73.70083 538
73.72094 554
73.74105 564
73.76117 558
73.78128 578
73.80139 563
73.82151 552
73.84162 610
73.86174 566
73.88185 550
73.90196 596
73.92208 556
73.94219 548
73.9623 575
73.98242 545
74.00253 565
74.02264 547
74.04276 530
74.06287 529
74.08299 521
74.1031 522
74.12321 557
74.14333 519
74.16344 554
74.18355 573
74.20367 524
74.22378 566
74.2439 559
74.26401 552
74.28412 547
74.30424 562
74.32435 564
74.34446 496
74.36458 529
74.38469 509
74.40481 555
74.42492 546
74.44503 570
74.46515 605
74.48526 559
74.50537 547
74.52549 541
74.5456 534
74.56571 530
74.58583 556
74.60594 570
74.62606 548
74.64617 560
74.66628 571
74.6864 536
74.70651 504
74.72662 498
74.74674 556
74.76685 551
74.78697 526
74.80708 563
74.82719 533
74.84731 523
74.86742 499
74.88753 520
74.90765 523
74.92776 493
74.94787 540
74.96799 514
74.9881 595
75.00822 506
