3.00117 21433
3.02128 20930
3.0414 20302
3.06151 19923
3.08162 19224
3.10174 18761
3.12185 18517
3.14197 17512
3.16208 17314
3.18219 16754
3.20231 16398
3.22242 15803
3.24253 14924
3.26265 14718
3.28276 14218
3.30288 14078
3.32299 13251
3.3431 12811
3.36322 12820
3.38333 12041
3.40344 12001
3.42356 11509
3.44367 11008
3.46379 10793
3.4839 10471
3.50401 10176
3.52413 9748
3.54424 9127
3.56435 9160
3.58447 8768
3.60458 8358
3.62469 8138
3.64481 7584
3.66492 7631
3.68504 7055
3.70515 7012
3.72526 6833
3.74538 6142
3.76549 6278
3.7856 6002
3.80572 5738
3.82583 5660
3.84595 5048
3.86606 5105
3.88617 4766
3.90629 4711
3.9264 4326
3.94651 4161
3.96663 3946
3.98674 3926
4.00686 3782
4.02697 3705
4.04708 3268
4.0672 3223
4.08731 3152
4.10742 2952
4.12754 3056
4.14765 2587
4.16776 2588
4.18788 2500
4.20799 2366
4.22811 2501
4.24822 2114
4.26833 2112
4.28845 2064
4.30856 1955
4.32867 1935
4.34879 1763
4.3689 1826
4.38902 1744
4.40913 1708
4.42924 1748
4.44936 1458
4.46947 1486
4.48958 1469
4.5097 1465
4.52981 1482
4.54992 1286
4.57004 1427
4.59015 1337
4.61027 1293
4.63038 1255
4.65049 1174
4.67061 1206
4.69072 1170
4.71083 1177
4.73095 1175
4.75106 1047
4.77118 1052
4.79129 1045
4.8114 1038
4.83152 989
4.85163 896
4.87174 904
4.89186 946
4.91197 891
4.93209 959
4.9522 801
4.97231 819
4.99243 892
5.01254 856
5.03265 805
5.05277 742
5.07288 800
5.09299 783
5.11311 745
5.13322 752
5.15334 648
5.17345 687
5.19356 685
5.21368 697
5.23379 575
5.2539 590
5.27402 594
5.29413 640
5.31425 603
5.33436 585
5.35447 526
5.37459 532
5.3947 572
5.41481 506
5.43493 528
5.45504 528
5.47516 490
5.49527 474
5.51538 444
5.5355 407
5.55561 473
5.57572 421
5.59584 412
5.61595 431
5.63606 440
5.65618 421
5.67629 398
5.69641 394
5.71652 404
5.73663 366
5.75675 411
5.77686 380
5.79697 367
5.81709 372
5.8372 354
5.85732 311
5.87743 349
5.89754 352
5.91766 314
5.93777 342
5.95788 322
5.978 312
5.99811 319
6.01823 345
6.03834 349
6.05845 356
6.07857 344
6.09868 319
6.11879 291
6.13891 287
6.15902 330
6.17913 304
6.19925 303
6.21936 300
6.23948 295
6.25959 291
6.2797 339
6.29982 264
6.31993 329
6.34004 332
6.36016 282
6.38027 323
6.40039 260
6.4205 306
6.44061 294
6.46073 285
6.48084 256
6.50095 257
6.52107 278
6.54118 278
6.56129 284
6.58141 295
6.60152 332
6.62164 273
6.64175 272
6.66186 271
6.68198 250
6.70209 254
6.7222 310
6.74232 276
6.76243 260
6.78255 281
6.80266 286
6.82277 247
6.84289 267
6.863 280
6.88311 314
6.90323 286
6.92334 249
6.94346 244
6.96357 236
6.98368 242
7.0038 265
7.02391 258
7.04402 273
7.06414 266
7.08425 250
7.10436 293
7.12448 269
7.14459 291
7.16471 274
7.18482 290
7.20493 258
7.22505 263
7.24516 248
7.26527 289
7.28539 272
7.3055 262
7.32562 261
7.34573 279
7.36584 254
7.38596 295
7.40607 260
7.42618 266
7.4463 249
7.46641 260
7.48653 255
7.50664 275
7.52675 278
7.54687 242
7.56698 279
7.58709 258
7.60721 252
7.62732 287
7.64743 281
7.66755 268
7.68766 247
7.70778 293
7.72789 270
7.748 279
7.76812 263
7.78823 248
7.80834 270
7.82846 274
7.84857 251
7.86869 260
7.8888 290
7.90891 251
7.92903 251
7.94914 237
7.96925 270
7.98937 268
8.00948 277
8.0296 279
8.04971 276
8.06982 263
8.08994 297
8.11005 260
8.13016 249
8.15028 267
8.17039 270
8.1905 280
8.21062 249
8.23073 240
8.25085 282
8.27096 275
8.29107 276
8.31119 273
8.3313 290
8.35141 256
8.37153 275
8.39164 305
8.41176 258
8.43187 272
8.45198 264
8.4721 282
8.49221 274
8.51232 246
8.53244 274
8.55255 290
8.57266 285
8.59278 270
8.61289 248
8.63301 292
8.65312 277
8.67323 261
8.69335 280
8.71346 254
8.73357 270
8.75369 286
8.7738 272
8.79392 249
8.81403 274
8.83414 299
8.85426 292
8.87437 297
8.89448 285
8.9146 288
8.93471 259
8.95483 245
8.97494 280
8.99505 276
9.01517 288
9.03528 263
9.05539 266
9.07551 279
9.09562 282
9.11573 268
9.13585 278
9.15596 277
9.17608 274
9.19619 280
9.2163 283
9.23642 251
9.25653 263
9.27664 277
9.29676 275
9.31687 289
9.33699 270
9.3571 298
9.37721 290
9.39733 295
9.41744 288
9.43755 321
9.45767 243
9.47778 276
9.4979 244
9.51801 264
9.53812 258
9.55824 286
9.57835 270
9.59846 275
9.61858 279
9.63869 267
9.6588 260
9.67892 275
9.69903 263
9.71915 260
9.73926 305
9.75937 290
9.77949 255
9.7996 285
9.81971 288
9.83983 297
9.85994 282
9.88006 273
9.90017 269
9.92028 252
9.9404 250
9.96051 268
9.98062 273
10.00074 254
10.02085 262
10.04097 248
10.06108 305
10.08119 282
10.10131 263
10.12142 262
10.14153 287
10.16165 285
10.18176 301
10.20187 257
10.22199 289
10.2421 279
10.26222 303
10.28233 276
10.30244 271
10.32256 264
10.34267 285
10.36278 288
10.3829 301
10.40301 295
10.42313 281
10.44324 263
10.46335 262
10.48347 288
10.50358 258
10.52369 259
10.54381 281
10.56392 282
10.58403 263
10.60415 314
10.62426 288
10.64438 306
10.66449 272
10.6846 248
10.70472 273
10.72483 276
10.74494 302
10.76506 284
10.78517 284
10.80529 272
10.8254 291
10.84551 290
10.86563 278
10.88574 265
10.90585 293
10.92597 279
10.94608 310
10.9662 268
10.98631 260
11.00642 282
11.02654 272
11.04665 266
11.06676 281
11.08688 283
11.10699 272
11.1271 242
11.14722 272
11.16733 266
11.18745 327
11.20756 300
11.22767 297
11.24779 304
11.2679 289
11.28801 270
11.30813 293
11.32824 296
11.34836 298
11.36847 308
11.38858 320
11.4087 295
11.42881 280
11.44892 285
11.46904 307
11.48915 269
11.50927 323
11.52938 341
11.54949 312
11.56961 327
11.58972 305
11.60983 294
11.62995 310
11.65006 311
11.67017 305
11.69029 318
11.7104 308
11.73052 301
11.75063 295
11.77074 362
11.79086 286
11.81097 361
11.83108 325
11.8512 335
11.87131 326
11.89143 338
11.91154 353
11.93165 353
11.95177 356
11.97188 374
11.99199 339
12.01211 378
12.03222 350
12.05234 376
12.07245 422
12.09256 417
12.11268 418
12.13279 420
12.1529 454
12.17302 509
12.19313 469
12.21324 481
12.23336 528
12.25347 524
12.27359 602
12.2937 563
12.31381 597
12.33393 613
12.35404 633
12.37415 619
12.39427 654
12.41438 521
12.4345 518
12.45461 482
12.47472 429
12.49484 443
12.51495 365
12.53506 374
12.55518 382
12.57529 360
12.5954 367
12.61552 336
12.63563 337
12.65575 299
12.67586 305
12.69597 309
12.71609 308
12.7362 285
12.75631 301
12.77643 284
12.79654 290
12.81666 285
12.83677 280
12.85688 295
12.877 276
12.89711 266
12.91722 284
12.93734 270
12.95745 279
12.97757 295
12.99768 284
13.01779 260
13.03791 254
13.05802 285
13.07813 237
13.09825 265
13.11836 262
13.13847 260
13.15859 258
13.1787 251
13.19882 262
13.21893 269
13.23904 258
13.25916 264
13.27927 272
13.29938 263
13.3195 266
13.33961 273
13.35973 293
13.37984 251
13.39995 261
13.42007 262
13.44018 218
13.46029 270
13.48041 241
13.50052 250
13.52064 269
13.54075 251
13.56086 265
13.58098 238
13.60109 264
13.6212 259
13.64132 226
13.66143 241
13.68154 242
13.70166 243
13.72177 231
13.74189 269
13.762 231
13.78211 253
13.80223 258
13.82234 258
13.84245 258
13.86257 255
13.88268 236
13.9028 238
13.92291 271
13.94302 238
13.96314 249
13.98325 227
14.00336 241
14.02348 234
14.04359 244
14.06371 257
14.08382 242
14.10393 228
14.12405 254
14.14416 229
14.16427 252
14.18439 251
14.2045 262
14.22461 210
14.24473 248
14.26484 258
14.28496 244
14.30507 250
14.32518 230
14.3453 261
14.36541 228
14.38552 209
14.40564 222
14.42575 213
14.44587 232
14.46598 256
14.48609 219
14.50621 215
14.52632 244
14.54643 227
14.56655 238
14.58666 226
14.60677 258
14.62689 254
14.647 228
14.66712 227
14.68723 217
14.70734 227
14.72746 204
14.74757 239
14.76768 222
14.7878 244
14.80791 227
14.82803 256
14.84814 220
14.86825 199
14.88837 239
14.90848 265
14.92859 252
14.94871 232
14.96882 220
14.98894 216
15.00905 239
15.02916 239
15.04928 208
15.06939 234
15.0895 217
15.10962 243
15.12973 239
15.14984 255
15.16996 224
15.19007 247
15.21019 215
15.2303 212
15.25041 201
15.27053 228
15.29064 204
15.31075 252
15.33087 218
15.35098 251
15.3711 210
15.39121 247
15.41132 230
15.43144 220
15.45155 236
15.47166 225
15.49178 214
15.51189 197
15.53201 237
15.55212 211
15.57223 251
15.59235 236
15.61246 245
15.63257 215
15.65269 237
15.6728 199
15.69291 239
15.71303 227
15.73314 208
15.75326 218
15.77337 220
15.79348 231
15.8136 218
15.83371 212
15.85382 195
15.87394 234
15.89405 196
15.91417 234
15.93428 237
15.95439 204
15.97451 249
15.99462 225
16.01473 224
16.03485 224
16.05496 220
16.07508 183
16.09519 231
16.1153 216
16.13542 229
16.15553 236
16.17564 227
16.19576 196
16.21587 209
16.23598 191
16.2561 200
16.27621 211
16.29633 216
16.31644 234
16.33655 239
16.35667 215
16.37678 226
16.39689 205
16.41701 241
16.43712 228
16.45724 211
16.47735 211
16.49746 200
16.51758 219
16.53769 220
16.5578 214
16.57792 226
16.59803 215
16.61814 253
16.63826 234
16.65837 231
16.67849 204
16.6986 207
16.71871 232
16.73883 217
16.75894 228
16.77905 203
16.79917 231
16.81928 229
16.8394 195
16.85951 209
16.87962 197
16.89974 222
16.91985 217
16.93996 246
16.96008 234
16.98019 236
17.00031 230
17.02042 239
17.04053 214
17.06065 240
17.08076 252
17.10087 207
17.12099 214
17.1411 204
17.16121 223
17.18133 200
17.20144 216
17.22156 225
17.24167 243
17.26178 224
17.2819 217
17.30201 244
17.32212 183
17.34224 247
17.36235 226
17.38247 193
17.40258 233
17.42269 230
17.44281 219
17.46292 211
17.48303 223
17.50315 192
17.52326 200
17.54338 205
17.56349 213
17.5836 234
17.60372 198
17.62383 238
17.64394 212
17.66406 228
17.68417 211
17.70428 227
17.7244 217
17.74451 270
17.76463 232
17.78474 222
17.80485 215
17.82497 210
17.84508 245
17.86519 215
17.88531 213
17.90542 210
17.92554 206
17.94565 234
17.96576 197
17.98588 226
18.00599 225
18.0261 243
18.04622 226
18.06633 228
18.08645 211
18.10656 192
18.12667 252
18.14679 220
18.1669 254
18.18701 208
18.20713 229
18.22724 211
18.24735 213
18.26747 230
18.28758 234
18.3077 200
18.32781 218
18.34792 234
18.36804 210
18.38815 238
18.40826 230
18.42838 225
18.44849 225
18.46861 228
18.48872 230
18.50883 238
18.52895 251
18.54906 254
18.56917 213
18.58929 232
18.6094 237
18.62951 206
18.64963 238
18.66974 219
18.68986 240
18.70997 213
18.73008 206
18.7502 243
18.77031 223
18.79042 245
18.81054 251
18.83065 242
18.85077 217
18.87088 228
18.89099 237
18.91111 225
18.93122 212
18.95133 226
18.97145 224
18.99156 226
19.01168 224
19.03179 256
19.0519 218
19.07202 220
19.09213 215
19.11224 194
19.13236 235
19.15247 206
19.17258 209
19.1927 229
19.21281 209
19.23293 258
19.25304 228
19.27315 234
19.29327 217
19.31338 240
19.33349 222
19.35361 236
19.37372 217
19.39384 240
19.41395 240
19.43406 222
19.45418 242
19.47429 278
19.4944 229
19.51452 232
19.53463 268
19.55475 239
19.57486 242
19.59497 285
19.61509 331
19.6352 274
19.65531 307
19.67543 347
19.69554 333
19.71565 394
19.73577 363
19.75588 362
19.776 420
19.79611 380
19.81622 461
19.83634 519
19.85645 531
19.87656 524
19.89668 505
19.91679 463
19.93691 558
19.95702 486
19.97713 478
19.99725 458
20.01736 493
20.03747 521
20.05759 479
20.0777 512
20.09782 462
20.11793 465
20.13804 450
20.15816 461
20.17827 491
20.19838 500
20.2185 460
20.23861 550
20.25872 472
20.27884 465
20.29895 499
20.31907 466
20.33918 439
20.35929 483
20.37941 504
20.39952 444
20.41963 491
20.43975 512
20.45986 503
20.47998 500
20.50009 537
20.5202 552
20.54032 548
20.56043 559
20.58054 541
20.60066 610
20.62077 734
20.64088 735
20.661 851
20.68111 1083
20.70123 1323
20.72134 1715
20.74145 2264
20.76157 3156
20.78168 4109
20.80179 5216
20.82191 6110
20.84202 6602
20.86214 6565
20.88225 5695
20.90236 4389
20.92248 3045
20.94259 2038
20.9627 1282
20.98282 892
21.00293 754
21.02305 678
21.04316 574
21.06327 528
21.08339 561
21.1035 542
21.12361 529
21.14373 449
21.16384 484
21.18395 469
21.20407 469
21.22418 454
21.2443 441
21.26441 450
21.28452 436
21.30464 450
21.32475 442
21.34486 431
21.36498 437
21.38509 428
21.40521 469
21.42532 422
21.44543 445
21.46555 413
21.48566 390
21.50577 396
21.52589 367
21.546 412
21.56612 407
21.58623 390
21.60634 405
21.62646 400
21.64657 407
21.66668 355
21.6868 366
21.70691 374
21.72702 381
21.74714 351
21.76725 348
21.78737 347
21.80748 343
21.82759 337
21.84771 352
21.86782 335
21.88793 347
21.90805 388
21.92816 374
21.94828 348
21.96839 367
21.9885 313
22.00862 301
22.02873 300
22.04884 356
22.06896 308
22.08907 320
22.10919 295
22.1293 329
22.14941 340
22.16953 337
22.18964 361
22.20975 349
22.22987 357
22.24998 329
22.27009 339
22.29021 339
22.31032 310
22.33044 290
22.35055 324
22.37066 328
22.39078 349
22.41089 317
22.431 337
22.45112 291
22.47123 283
22.49135 286
22.51146 305
22.53157 325
22.55169 311
22.5718 339
22.59191 331
22.61203 318
22.63214 279
22.65225 327
22.67237 308
22.69248 288
22.7126 272
22.73271 285
22.75282 294
22.77294 305
22.79305 293
22.81316 297
22.83328 273
22.85339 295
22.87351 295
22.89362 298
22.91373 275
22.93385 268
22.95396 284
22.97407 287
22.99419 306
23.0143 318
23.03442 279
23.05453 305
23.07464 329
23.09476 304
23.11487 305
23.13498 305
23.1551 316
23.17521 278
23.19532 283
23.21544 336
23.23555 300
23.25567 297
23.27578 287
23.29589 289
23.31601 304
23.33612 301
23.35623 330
23.37635 321
23.39646 304
23.41658 287
23.43669 280
23.4568 303
23.47692 294
23.49703 308
23.51714 325
23.53726 284
23.55737 325
23.57749 271
23.5976 285
23.61771 285
23.63783 297
23.65794 309
23.67805 308
23.69817 286
23.71828 308
23.73839 315
23.75851 284
23.77862 310
23.79874 326
23.81885 291
23.83896 342
23.85908 324
23.87919 348
23.8993 351
23.91942 327
23.93953 335
23.95965 346
23.97976 401
23.99987 333
24.01999 382
24.0401 343
24.06021 366
24.08033 340
24.10044 306
24.12056 324
24.14067 322
24.16078 347
24.1809 351
24.20101 322
24.22112 307
24.24124 359
24.26135 347
24.28146 349
24.30158 328
24.32169 296
24.34181 338
24.36192 305
24.38203 343
24.40215 324
24.42226 347
24.44237 339
24.46249 345
24.4826 351
24.50272 369
24.52283 341
24.54294 334
24.56306 358
24.58317 337
24.60328 371
24.6234 372
24.64351 389
24.66362 354
24.68374 444
24.70385 403
24.72397 410
24.74408 419
24.76419 497
24.78431 507
24.80442 507
24.82453 524
24.84465 544
24.86476 503
24.88488 541
24.90499 507
24.9251 446
24.94522 491
24.96533 479
24.98544 435
25.00556 430
25.02567 381
25.04579 422
25.0659 399
25.08601 407
25.10613 396
25.12624 404
25.14635 407
25.16647 414
25.18658 411
25.20669 396
25.22681 398
25.24692 389
25.26704 430
25.28715 401
25.30726 400
25.32738 393
25.34749 367
25.3676 367
25.38772 331
25.40783 330
25.42795 342
25.44806 342
25.46817 374
25.48829 316
25.5084 317
25.52851 332
25.54863 282
25.56874 356
25.58886 361
25.60897 362
25.62908 400
25.6492 407
25.66931 399
25.68942 403
25.70954 433
25.72965 461
25.74976 473
25.76988 461
25.78999 489
25.81011 507
25.83022 455
25.85033 487
25.87045 518
25.89056 507
25.91067 475
25.93079 471
25.9509 535
25.97102 485
25.99113 529
26.01124 527
26.03136 521
26.05147 545
26.07158 535
26.0917 582
26.11181 633
26.13193 661
26.15204 693
26.17215 721
26.19227 772
26.21238 842
26.23249 899
26.25261 897
26.27272 999
26.29283 1101
26.31295 1124
26.33306 1317
26.35318 1441
26.37329 1646
26.3934 1952
26.41352 2440
26.43363 3182
26.45374 4006
26.47386 5513
26.49397 7733
26.51409 10513
26.5342 14198
26.55431 18799
26.57443 22981
26.59454 27058
26.61465 29437
26.63477 29100
26.65488 25414
26.67499 19742
26.69511 15010
26.71522 10814
26.73534 7318
26.75545 4185
26.77556 2571
26.79568 1853
26.81579 1525
26.8359 1346
26.85602 1190
26.87613 1153
26.89625 1023
26.91636 943
26.93647 892
26.95659 839
26.9767 700
26.99681 668
27.01693 576
27.03704 605
27.05716 562
27.07727 542
27.09738 537
27.1175 519
27.13761 473
27.15772 444
27.17784 470
27.19795 435
27.21806 443
27.23818 377
27.25829 429
27.27841 408
27.29852 394
27.31863 432
27.33875 402
27.35886 441
27.37897 428
27.39909 469
27.4192 445
27.43932 436
27.45943 395
27.47954 379
27.49966 389
27.51977 377
27.53988 403
27.56 366
27.58011 352
27.60023 376
27.62034 329
27.64045 370
27.66057 378
27.68068 313
27.70079 360
27.72091 354
27.74102 401
27.76113 357
27.78125 353
27.80136 364
27.82148 328
27.84159 313
27.8617 303
27.88182 323
27.90193 307
27.92204 316
27.94216 324
27.96227 323
27.98239 328
28.0025 295
28.02261 314
28.04273 347
28.06284 353
28.08295 315
28.10307 328
28.12318 300
28.1433 312
28.16341 309
28.18352 335
28.20364 294
28.22375 309
28.24386 279
28.26398 325
28.28409 349
28.3042 301
28.32432 341
28.34443 322
28.36455 321
28.38466 328
28.40477 314
28.42489 319
28.445 272
28.46511 296
28.48523 248
28.50534 314
28.52546 287
28.54557 299
28.56568 292
28.5858 271
28.60591 299
28.62602 267
28.64614 266
28.66625 328
28.68636 294
28.70648 292
28.72659 283
28.74671 263
28.76682 263
28.78693 296
28.80705 256
28.82716 272
28.84727 256
28.86739 259
28.8875 259
28.90762 296
28.92773 286
28.94784 262
28.96796 303
28.98807 278
29.00818 297
29.0283 299
29.04841 286
29.06853 261
29.08864 300
29.10875 258
29.12887 273
29.14898 314
29.16909 281
29.18921 259
29.20932 246
29.22943 268
29.24955 291
29.26966 251
29.28978 270
29.30989 270
29.33 270
29.35012 270
29.37023 259
29.39034 281
29.41046 255
29.43057 309
29.45069 268
29.4708 239
29.49091 266
29.51103 265
29.53114 276
29.55125 260
29.57137 252
29.59148 266
29.6116 253
29.63171 281
29.65182 285
29.67194 243
29.69205 247
29.71216 263
29.73228 234
29.75239 263
29.7725 271
29.79262 270
29.81273 277
29.83285 267
29.85296 264
29.87307 247
29.89319 287
29.9133 235
29.93341 251
29.95353 263
29.97364 237
29.99376 258
30.01387 267
30.03398 277
30.0541 256
30.07421 275
30.09432 261
30.11444 233
30.13455 266
30.15467 275
30.17478 311
30.19489 255
30.21501 274
30.23512 241
30.25523 260
30.27535 260
30.29546 290
30.31557 283
30.33569 281
30.3558 273
30.37592 289
30.39603 272
30.41614 267
30.43626 275
30.45637 269
30.47648 252
30.4966 271
30.51671 258
30.53683 281
30.55694 244
30.57705 268
30.59717 283
30.61728 278
30.63739 251
30.65751 258
30.67762 245
30.69773 288
30.71785 237
30.73796 249
30.75808 247
30.77819 273
30.7983 265
30.81842 256
30.83853 260
30.85864 250
30.87876 255
30.89887 255
30.91899 246
30.9391 250
30.95921 253
30.97933 265
30.99944 241
31.01955 252
31.03967 241
31.05978 252
31.0799 274
31.10001 220
31.12012 250
31.14024 261
31.16035 253
31.18046 256
31.20058 255
31.22069 263
31.2408 225
31.26092 259
31.28103 245
31.30115 254
31.32126 225
31.34137 249
31.36149 239
31.3816 238
31.40171 214
31.42183 224
31.44194 286
31.46206 221
31.48217 233
31.50228 228
31.5224 226
31.54251 245
31.56262 234
31.58274 247
31.60285 203
31.62297 233
31.64308 247
31.66319 263
31.68331 234
31.70342 234
31.72353 240
31.74365 204
31.76376 265
31.78387 253
31.80399 226
31.8241 237
31.84422 225
31.86433 221
31.88444 238
31.90456 215
31.92467 252
31.94478 229
31.9649 227
31.98501 228
32.00513 226
32.02524 224
32.04535 229
32.06547 261
32.08558 245
32.10569 273
32.12581 215
32.14592 239
32.16604 243
32.18615 241
32.20626 241
32.22638 205
32.24649 231
32.2666 238
32.28672 275
32.30683 212
32.32694 250
32.34706 257
32.36717 262
32.38729 225
32.4074 255
32.42751 220
32.44763 253
32.46774 232
32.48785 230
32.50797 245
32.52808 276
32.5482 259
32.56831 263
32.58842 224
32.60854 232
32.62865 248
32.64876 238
32.66888 254
32.68899 278
32.7091 223
32.72922 249
32.74933 236
32.76945 255
32.78956 254
32.80967 273
32.82979 255
32.8499 266
32.87001 265
32.89013 268
32.91024 293
32.93036 272
32.95047 277
32.97058 258
32.9907 285
33.01081 325
33.03092 294
33.05104 319
33.07115 297
33.09127 288
33.11138 294
33.13149 313
33.15161 333
33.17172 322
33.19183 317
33.21195 280
33.23206 315
33.25217 320
33.27229 304
33.2924 280
33.31252 310
33.33263 292
33.35274 301
33.37286 285
33.39297 240
33.41308 273
33.4332 261
33.45331 272
33.47343 229
33.49354 249
33.51365 251
33.53377 261
33.55388 250
33.57399 258
33.59411 257
33.61422 234
33.63434 250
33.65445 225
33.67456 251
33.69468 222
33.71479 264
33.7349 260
33.75502 228
33.77513 225
33.79524 248
33.81536 246
33.83547 231
33.85559 233
33.8757 211
33.89581 236
33.91593 220
33.93604 232
33.95615 221
33.97627 207
33.99638 208
34.0165 213
34.03661 221
34.05672 229
34.07684 211
34.09695 241
34.11706 236
34.13718 228
34.15729 204
34.17741 252
34.19752 236
34.21763 226
34.23775 240
34.25786 225
34.27797 182
34.29809 207
34.3182 223
34.33831 243
34.35843 233
34.37854 228
34.39866 252
34.41877 254
34.43888 234
34.459 261
34.47911 232
34.49922 226
34.51934 254
34.53945 250
34.55957 237
34.57968 250
34.59979 297
34.61991 272
34.64002 306
34.66013 291
34.68025 288
34.70036 270
34.72047 289
34.74059 291
34.7607 302
34.78082 325
34.80093 318
34.82104 300
34.84116 318
34.86127 364
34.88138 355
34.9015 382
34.92161 336
34.94173 388
34.96184 364
34.98195 390
35.00207 369
35.02218 354
35.04229 332
35.06241 352
35.08252 360
35.10264 305
35.12275 305
35.14286 315
35.16298 288
35.18309 323
35.2032 297
35.22332 318
35.24343 337
35.26354 317
35.28366 260
35.30377 299
35.32389 339
35.344 316
35.36411 338
35.38423 334
35.40434 319
35.42445 379
35.44457 354
35.46468 358
35.4848 334
35.50491 379
35.52502 369
35.54514 425
35.56525 364
35.58536 370
35.60548 393
35.62559 383
35.64571 417
35.66582 423
35.68593 432
35.70605 392
35.72616 403
35.74627 372
35.76639 410
35.7865 389
35.80661 391
35.82673 446
35.84684 416
35.86696 381
35.88707 392
35.90718 392
35.9273 392
35.94741 402
35.96752 361
35.98764 374
36.00775 403
36.02787 383
36.04798 354
36.06809 404
36.08821 363
36.10832 360
36.12843 340
36.14855 360
36.16866 326
36.18878 324
36.20889 342
36.229 402
36.24912 392
36.26923 357
36.28934 432
36.30946 461
36.32957 577
36.34968 684
36.3698 741
36.38991 884
36.41003 1126
36.43014 1249
36.45025 1573
36.47037 1779
36.49048 1971
36.51059 2126
36.53071 2094
36.55082 1934
36.57094 1693
36.59105 1398
36.61116 1175
36.63128 1060
36.65139 846
36.6715 618
36.69162 446
36.71173 428
36.73184 386
36.75196 333
36.77207 339
36.79219 311
36.8123 305
36.83241 333
36.85253 300
36.87264 305
36.89275 278
36.91287 285
36.93298 309
36.9531 267
36.97321 324
36.99332 287
37.01344 309
37.03355 319
37.05366 331
37.07378 287
37.09389 303
37.11401 313
37.13412 284
37.15423 277
37.17435 344
37.19446 288
37.21457 298
37.23469 296
37.2548 302
37.27491 291
37.29503 285
37.31514 307
37.33526 277
37.35537 295
37.37548 266
37.3956 306
37.41571 267
37.43582 277
37.45594 303
37.47605 283
37.49617 295
37.51628 279
37.53639 267
37.55651 286
37.57662 247
37.59673 275
37.61685 305
37.63696 285
37.65708 271
37.67719 323
37.6973 321
37.71742 284
37.73753 271
37.75764 315
37.77776 300
37.79787 291
37.81798 313
37.8381 300
37.85821 322
37.87833 315
37.89844 296
37.91855 297
37.93867 272
37.95878 281
37.97889 284
37.99901 284
38.01912 298
38.03924 284
38.05935 299
38.07946 277
38.09958 320
38.11969 279
38.1398 288
38.15992 311
38.18003 301
38.20015 340
38.22026 350
38.24037 344
38.26049 349
38.2806 319
38.30071 334
38.32083 361
38.34094 349
38.36105 351
38.38117 384
38.40128 351
38.4214 365
38.44151 339
38.46162 357
38.48174 350
38.50185 357
38.52196 358
38.54208 331
38.56219 344
38.58231 340
38.60242 278
38.62253 331
38.64265 300
38.66276 330
38.68287 301
38.70299 321
38.7231 294
38.74321 306
38.76333 314
38.78344 328
38.80356 314
38.82367 304
38.84378 273
38.8639 294
38.88401 284
38.90412 295
38.92424 295
38.94435 290
38.96447 312
38.98458 306
39.00469 321
39.02481 335
39.04492 286
39.06503 338
39.08515 330
39.10526 363
39.12538 327
39.14549 369
39.1656 401
39.18572 396
39.20583 395
39.22594 469
39.24606 552
39.26617 649
39.28628 677
39.3064 857
39.32651 934
39.34663 1151
39.36674 1354
39.38685 1611
39.40697 1888
39.42708 1957
39.44719 2018
39.46731 1835
39.48742 1609
39.50754 1350
39.52765 1112
39.54776 1051
39.56788 890
39.58799 714
39.6081 504
39.62822 422
39.64833 370
39.66845 352
39.68856 313
39.70867 290
39.72879 289
39.7489 301
39.76901 244
39.78913 259
39.80924 283
39.82935 283
39.84947 266
39.86958 273
39.8897 269
39.90981 305
39.92992 294
39.95004 313
39.97015 277
39.99026 316
40.01038 351
40.03049 347
40.05061 349
40.07072 355
40.09083 406
40.11095 445
40.13106 511
40.15117 597
40.17129 678
40.1914 816
40.21152 953
40.23163 968
40.25174 1018
40.27186 1090
40.29197 1016
40.31208 863
40.3322 732
40.35231 683
40.37242 610
40.39254 561
40.41265 509
40.43277 384
40.45288 327
40.47299 341
40.49311 291
40.51322 273
40.53333 281
40.55345 318
40.57356 267
40.59368 261
40.61379 263
40.6339 276
40.65402 264
40.67413 255
40.69424 258
40.71436 274
40.73447 250
40.75458 288
40.7747 263
40.79481 257
40.81493 284
40.83504 268
40.85515 270
40.87527 254
40.89538 299
40.91549 274
40.93561 292
40.95572 265
40.97584 248
40.99595 260
41.01606 279
41.03618 266
41.05629 263
41.0764 288
41.09652 257
41.11663 260
41.13675 290
41.15686 256
41.17697 262
41.19709 243
41.2172 278
41.23731 273
41.25743 241
41.27754 243
41.29765 232
41.31777 236
41.33788 241
41.358 273
41.37811 272
41.39822 232
41.41834 255
41.43845 250
41.45856 240
41.47868 242
41.49879 213
41.51891 239
41.53902 259
41.55913 243
41.57925 258
41.59936 251
41.61947 231
41.63959 235
41.6597 240
41.67982 239
41.69993 224
41.72004 257
41.74016 252
41.76027 249
41.78038 278
41.8005 248
41.82061 232
41.84072 252
41.86084 224
41.88095 234
41.90107 257
41.92118 254
41.94129 231
41.96141 257
41.98152 224
42.00163 248
42.02175 270
42.04186 244
42.06198 263
42.08209 245
42.1022 262
42.12232 279
42.14243 307
42.16254 325
42.18266 338
42.20277 387
42.22289 420
42.243 470
42.26311 524
42.28323 614
42.30334 759
42.32345 890
42.34357 1015
42.36368 1185
42.38379 1278
42.40391 1351
42.42402 1468
42.44414 1383
42.46425 1170
42.48436 1000
42.50448 929
42.52459 789
42.5447 749
42.56482 614
42.58493 481
42.60505 424
42.62516 309
42.64527 296
42.66539 261
42.6855 267
42.70561 249
42.72573 248
42.74584 254
42.76595 247
42.78607 223
42.80618 237
42.8263 255
42.84641 260
42.86652 233
42.88664 268
42.90675 230
42.92686 232
42.94698 207
42.96709 236
42.98721 213
43.00732 240
43.02743 210
43.04755 215
43.06766 223
43.08777 237
43.10789 253
43.128 221
43.14812 210
43.16823 217
43.18834 208
43.20846 199
43.22857 204
43.24868 220
43.2688 211
43.28891 231
43.30902 216
43.32914 203
43.34925 225
43.36937 211
43.38948 198
43.40959 230
43.42971 220
43.44982 213
43.46993 221
43.49005 209
43.51016 221
43.53028 202
43.55039 229
43.5705 198
43.59062 215
43.61073 192
43.63084 221
43.65096 227
43.67107 203
43.69119 214
43.7113 216
43.73141 222
43.75153 202
43.77164 210
43.79175 209
43.81187 200
43.83198 214
43.85209 225
43.87221 224
43.89232 234
43.91244 204
43.93255 215
43.95266 201
43.97278 224
43.99289 198
44.013 222
44.03312 197
44.05323 227
44.07335 190
44.09346 213
44.11357 200
44.13369 216
44.1538 228
44.17391 196
44.19403 198
44.21414 215
44.23426 204
44.25437 188
44.27448 202
44.2946 195
44.31471 205
44.33482 204
44.35494 218
44.37505 199
44.39516 199
44.41528 230
44.43539 225
44.45551 211
44.47562 202
44.49573 199
44.51585 206
44.53596 172
44.55607 187
44.57619 220
44.5963 194
44.61642 223
44.63653 201
44.65664 191
44.67676 214
44.69687 210
44.71698 224
44.7371 214
44.75721 197
44.77732 232
44.79744 220
44.81755 215
44.83767 231
44.85778 215
44.87789 195
44.89801 234
44.91812 216
44.93823 205
44.95835 205
44.97846 252
44.99858 214
45.01869 248
45.0388 223
45.05892 204
45.07903 204
45.09914 243
45.11926 210
45.13937 229
45.15949 241
45.1796 224
45.19971 251
45.21983 211
45.23994 261
45.26005 244
45.28017 241
45.30028 229
45.32039 246
45.34051 246
45.36062 226
45.38074 247
45.40085 234
45.42096 279
45.44108 240
45.46119 275
45.4813 288
45.50142 306
45.52153 308
45.54165 349
45.56176 347
45.58187 408
45.60199 451
45.6221 488
45.64221 601
45.66233 636
45.68244 760
45.70256 842
45.72267 915
45.74278 973
45.7629 984
45.78301 956
45.80312 825
45.82324 750
45.84335 689
45.86346 646
45.88358 564
45.90369 533
45.92381 487
45.94392 377
45.96403 285
45.98415 281
46.00426 238
46.02437 250
46.04449 248
46.0646 233
46.08472 250
46.10483 221
46.12494 231
46.14506 229
46.16517 233
46.18528 207
46.2054 249
46.22551 224
46.24563 241
46.26574 214
46.28585 214
46.30597 226
46.32608 207
46.34619 216
46.36631 216
46.38642 234
46.40653 239
46.42665 230
46.44676 239
46.46688 212
46.48699 201
46.5071 207
46.52722 219
46.54733 239
46.56744 216
46.58756 195
46.60767 243
46.62779 205
46.6479 228
46.66801 224
46.68813 216
46.70824 225
46.72835 199
46.74847 201
46.76858 260
46.78869 227
46.80881 192
46.82892 194
46.84904 209
46.86915 211
46.88926 219
46.90938 229
46.92949 226
46.9496 238
46.96972 211
46.98983 228
47.00995 206
47.03006 227
47.05017 203
47.07029 218
47.0904 221
47.11051 222
47.13063 201
47.15074 206
47.17086 205
47.19097 190
47.21108 253
47.2312 224
47.25131 208
47.27142 201
47.29154 225
47.31165 212
47.33176 236
47.35188 207
47.37199 215
47.39211 215
47.41222 220
47.43233 205
47.45245 208
47.47256 220
47.49267 198
47.51279 222
47.5329 194
47.55302 201
47.57313 235
47.59324 222
47.61336 211
47.63347 225
47.65358 209
47.6737 223
47.69381 247
47.71393 233
47.73404 196
47.75415 198
47.77427 204
47.79438 221
47.81449 214
47.83461 224
47.85472 227
47.87483 225
47.89495 195
47.91506 209
47.93518 224
47.95529 218
47.9754 250
47.99552 217
48.01563 225
48.03574 194
48.05586 211
48.07597 213
48.09609 208
48.1162 192
48.13631 210
48.15643 231
48.17654 237
48.19665 179
48.21677 190
48.23688 210
48.257 192
48.27711 208
48.29722 203
48.31734 203
48.33745 215
48.35756 209
48.37768 231
48.39779 245
48.4179 242
48.43802 223
48.45813 230
48.47825 210
48.49836 222
48.51847 225
48.53859 205
48.5587 229
48.57881 242
48.59893 214
48.61904 201
48.63916 253
48.65927 245
48.67938 223
48.6995 198
48.71961 252
48.73972 221
48.75984 227
48.77995 223
48.80006 222
48.82018 243
48.84029 210
48.86041 208
48.88052 203
48.90063 224
48.92075 207
48.94086 229
48.96097 220
48.98109 237
49.0012 223
49.02132 210
49.04143 210
49.06154 222
49.08166 219
49.10177 205
49.12188 230
49.142 221
49.16211 237
49.18223 255
49.20234 210
49.22245 223
49.24257 256
49.26268 238
49.28279 237
49.30291 247
49.32302 248
49.34313 281
49.36325 250
49.38336 271
49.40348 250
49.42359 274
49.4437 272
49.46382 267
49.48393 264
49.50404 295
49.52416 250
49.54427 242
49.56439 283
49.5845 276
49.60461 286
49.62473 269
49.64484 282
49.66495 302
49.68507 296
49.70518 344
49.7253 362
49.74541 355
49.76552 343
49.78564 401
49.80575 434
49.82586 430
49.84598 500
49.86609 548
49.8862 633
49.90632 721
49.92643 815
49.94655 975
49.96666 1254
49.98677 1424
50.00689 1766
50.027 2093
50.04711 2550
50.06723 2829
50.08734 3024
50.10746 3072
50.12757 2903
50.14768 2596
50.1678 2072
50.18791 1794
50.20802 1678
50.22814 1616
50.24825 1480
50.26837 1250
50.28848 952
50.30859 664
50.32871 486
50.34882 420
50.36893 392
50.38905 317
50.40916 342
50.42927 322
50.44939 318
50.4695 311
50.48962 277
50.50973 301
50.52984 297
50.54996 300
50.57007 311
50.59018 315
50.6103 287
50.63041 305
50.65053 293
50.67064 257
50.69075 248
50.71087 258
50.73098 261
50.75109 238
50.77121 236
50.79132 258
50.81143 249
50.83155 227
50.85166 251
50.87178 229
50.89189 242
50.912 198
50.93212 235
50.95223 233
50.97234 247
50.99246 209
51.01257 224
51.03269 227
51.0528 233
51.07291 228
51.09303 199
51.11314 223
51.13325 217
51.15337 191
51.17348 201
51.1936 220
51.21371 214
51.23382 221
51.25394 199
51.27405 202
51.29416 211
51.31428 212
51.33439 221
51.3545 195
51.37462 194
51.39473 155
51.41485 247
51.43496 203
51.45507 212
51.47519 177
51.4953 219
51.51541 206
51.53553 187
51.55564 213
51.57576 222
51.59587 198
51.61598 214
51.6361 172
51.65621 200
51.67632 206
51.69644 193
51.71655 198
51.73667 206
51.75678 210
51.77689 194
51.79701 207
51.81712 200
51.83723 194
51.85735 214
51.87746 175
51.89757 206
51.91769 200
51.9378 208
51.95792 185
51.97803 200
51.99814 190
52.01826 230
52.03837 225
52.05848 192
52.0786 208
52.09871 199
52.11883 188
52.13894 222
52.15905 212
52.17917 202
52.19928 205
52.21939 220
52.23951 186
52.25962 206
52.27974 201
52.29985 213
52.31996 216
52.34008 214
52.36019 194
52.3803 202
52.40042 210
52.42053 218
52.44064 209
52.46076 198
52.48087 198
52.50099 212
52.5211 193
52.54121 200
52.56133 204
52.58144 199
52.60155 204
52.62167 231
52.64178 180
52.6619 203
52.68201 223
52.70212 202
52.72224 196
52.74235 203
52.76246 208
52.78258 199
52.80269 180
52.8228 225
52.84292 224
52.86303 212
52.88315 208
52.90326 207
52.92337 181
52.94349 212
52.9636 194
52.98371 218
53.00383 219
53.02394 175
53.04406 217
53.06417 222
53.08428 214
53.1044 189
53.12451 209
53.14462 204
53.16474 220
53.18485 219
53.20497 199
53.22508 228
53.24519 239
53.26531 246
53.28542 224
53.30553 231
53.32565 231
53.34576 218
53.36587 230
53.38599 243
53.4061 242
53.42622 236
53.44633 222
53.46644 253
53.48656 236
53.50667 262
53.52678 217
53.5469 253
53.56701 266
53.58713 241
53.60724 246
53.62735 246
53.64747 234
53.66758 250
53.68769 229
53.70781 246
53.72792 265
53.74804 217
53.76815 239
53.78826 257
53.80838 271
53.82849 243
53.8486 233
53.86872 268
53.88883 261
53.90894 252
53.92906 229
53.94917 246
53.96929 264
53.9894 290
54.00951 279
54.02963 257
54.04974 274
54.06985 283
54.08997 290
54.11008 257
54.1302 308
54.15031 285
54.17042 301
54.19054 288
54.21065 275
54.23076 307
54.25088 290
54.27099 281
54.29111 285
54.31122 267
54.33133 265
54.35145 293
54.37156 301
54.39167 279
54.41179 281
54.4319 318
54.45201 316
54.47213 287
54.49224 277
54.51236 327
54.53247 326
54.55258 329
54.5727 344
54.59281 320
54.61292 358
54.63304 394
54.65315 411
54.67327 491
54.69338 535
54.71349 593
54.73361 709
54.75372 781
54.77383 894
54.79395 988
54.81406 999
54.83417 1032
54.85429 1058
54.8744 927
54.89452 820
54.91463 744
54.93474 698
54.95486 687
54.97497 714
54.99508 624
55.0152 618
55.03531 550
55.05543 430
55.07554 367
55.09565 411
55.11577 396
55.13588 384
55.15599 428
55.17611 451
55.19622 513
55.21634 521
55.23645 564
55.25656 578
55.27668 615
55.29679 605
55.3169 615
55.33702 514
55.35713 441
55.37724 434
55.39736 468
55.41747 410
55.43759 440
55.4577 402
55.47781 347
55.49793 370
55.51804 329
55.53815 287
55.55827 286
55.57838 261
55.5985 256
55.61861 274
55.63872 258
55.65884 256
55.67895 235
55.69906 237
55.71918 251
55.73929 259
55.75941 243
55.77952 219
55.79963 242
55.81975 231
55.83986 237
55.85997 202
55.88009 235
55.9002 262
55.92031 231
55.94043 214
55.96054 220
55.98066 233
56.00077 230
56.02088 202
56.041 221
56.06111 218
56.08122 212
56.10134 235
56.12145 216
56.14157 205
56.16168 212
56.18179 228
56.20191 245
56.22202 261
56.24213 228
56.26225 221
56.28236 225
56.30248 223
56.32259 192
56.3427 227
56.36282 221
56.38293 246
56.40304 216
56.42316 240
56.44327 210
56.46338 201
56.4835 232
56.50361 212
56.52373 196
56.54384 229
56.56395 245
56.58407 208
56.60418 222
56.62429 226
56.64441 250
56.66452 252
56.68464 201
56.70475 252
56.72486 228
56.74498 246
56.76509 204
56.7852 213
56.80532 221
56.82543 233
56.84554 234
56.86566 205
56.88577 229
56.90589 214
56.926 213
56.94611 216
56.96623 202
56.98634 226
57.00645 228
57.02657 223
57.04668 250
57.0668 234
57.08691 203
57.10702 240
57.12714 259
57.14725 245
57.16736 277
57.18748 249
57.20759 216
57.22771 237
57.24782 277
57.26793 250
57.28805 228
57.30816 224
57.32827 232
57.34839 210
57.3685 240
57.38861 212
57.40873 231
57.42884 248
57.44896 241
57.46907 231
57.48918 201
57.5093 205
57.52941 209
57.54952 211
57.56964 225
57.58975 208
57.60987 203
57.62998 229
57.65009 218
57.67021 196
57.69032 202
57.71043 228
57.73055 210
57.75066 217
57.77078 227
57.79089 219
57.811 201
57.83112 221
57.85123 234
57.87134 223
57.89146 216
57.91157 207
57.93168 207
57.9518 224
57.97191 215
57.99203 225
58.01214 222
58.03225 198
58.05237 203
58.07248 175
58.09259 210
58.11271 200
58.13282 215
58.15294 230
58.17305 196
58.19316 215
58.21328 196
58.23339 207
58.2535 237
58.27362 217
58.29373 226
58.31385 202
58.33396 220
58.35407 216
58.37419 201
58.3943 217
58.41441 221
58.43453 214
58.45464 218
58.47475 212
58.49487 246
58.51498 214
58.5351 203
58.55521 197
58.57532 199
58.59544 207
58.61555 226
58.63566 215
58.65578 197
58.67589 216
58.69601 211
58.71612 233
58.73623 216
58.75635 198
58.77646 220
58.79657 203
58.81669 183
58.8368 187
58.85691 199
58.87703 232
58.89714 200
58.91726 207
58.93737 210
58.95748 208
58.9776 224
58.99771 208
59.01782 187
59.03794 222
59.05805 219
59.07817 212
59.09828 217
59.11839 222
59.13851 207
59.15862 201
59.17873 228
59.19885 239
59.21896 234
59.23908 232
59.25919 248
59.2793 206
59.29942 245
59.31953 234
59.33964 251
59.35976 266
59.37987 240
59.39998 223
59.4201 251
59.44021 277
59.46033 270
59.48044 261
59.50055 283
59.52067 304
59.54078 257
59.56089 326
59.58101 323
59.60112 351
59.62124 363
59.64135 402
59.66146 431
59.68158 478
59.70169 549
59.7218 602
59.74192 677
59.76203 762
59.78215 961
59.80226 1133
59.82237 1369
59.84249 1532
59.8626 1636
59.88271 1882
59.90283 2034
59.92294 2030
59.94305 1791
59.96317 1565
59.98328 1368
60.0034 1184
60.02351 1125
60.04362 1123
60.06374 1098
60.08385 1045
60.10396 974
60.12408 828
60.14419 638
60.16431 497
60.18442 418
60.20453 340
60.22465 326
60.24476 285
60.26487 283
60.28499 249
60.3051 244
60.32522 240
60.34533 278
60.36544 259
60.38556 218
60.40567 229
60.42578 242
60.4459 242
60.46601 236
60.48612 200
60.50624 229
60.52635 207
60.54647 219
60.56658 210
60.58669 172
60.60681 201
60.62692 241
60.64703 234
60.66715 213
60.68726 217
60.70738 226
60.72749 208
60.7476 211
60.76772 193
60.78783 209
60.80794 205
60.82806 218
60.84817 228
60.86828 221
60.8884 213
60.90851 225
60.92863 188
60.94874 206
60.96885 194
60.98897 202
61.00908 208
61.02919 201
61.04931 201
61.06942 204
61.08954 198
61.10965 204
61.12976 195
61.14988 195
61.16999 203
61.1901 202
61.21022 212
61.23033 193
61.25045 210
61.27056 207
61.29067 195
61.31079 193
61.3309 194
61.35101 197
61.37113 221
61.39124 203
61.41135 223
61.43147 209
61.45158 205
61.4717 218
61.49181 222
61.51192 247
61.53204 208
61.55215 220
61.57226 246
61.59238 207
61.61249 225
61.63261 224
61.65272 193
61.67283 201
61.69295 241
61.71306 225
61.73317 201
61.75329 212
61.7734 260
61.79352 238
61.81363 243
61.83374 231
61.85386 229
61.87397 234
61.89408 271
61.9142 240
61.93431 258
61.95442 238
61.97454 266
61.99465 263
62.01477 235
62.03488 269
62.05499 273
62.07511 294
62.09522 279
62.11533 316
62.13545 289
62.15556 307
62.17568 278
62.19579 300
62.2159 350
62.23602 346
62.25613 323
62.27624 308
62.29636 302
62.31647 338
62.33659 289
62.3567 311
62.37681 285
62.39693 291
62.41704 289
62.43715 272
62.45727 274
62.47738 279
62.49749 260
62.51761 268
62.53772 264
62.55784 259
62.57795 249
62.59806 260
62.61818 238
62.63829 261
62.6584 258
62.67852 233
62.69863 229
62.71875 235
62.73886 215
62.75897 226
62.77909 223
62.7992 228
62.81931 242
62.83943 239
62.85954 225
62.87965 173
62.89977 202
62.91988 242
62.94 215
62.96011 219
62.98022 197
63.00034 226
63.02045 209
63.04056 221
63.06068 234
63.08079 228
63.10091 205
63.12102 201
63.14113 210
63.16125 192
63.18136 231
63.20147 219
63.22159 219
63.2417 205
63.26182 243
63.28193 213
63.30204 225
63.32216 215
63.34227 199
63.36238 232
63.3825 215
63.40261 208
63.42272 193
63.44284 253
63.46295 241
63.48307 231
63.50318 215
63.52329 219
63.54341 224
63.56352 194
63.58363 215
63.60375 252
63.62386 239
63.64398 226
63.66409 226
63.6842 250
63.70432 271
63.72443 258
63.74454 266
63.76466 288
63.78477 291
63.80489 312
63.825 336
63.84511 347
63.86523 338
63.88534 410
63.90545 406
63.92557 474
63.94568 508
63.96579 539
63.98591 559
64.00602 556
64.02614 537
64.04625 451
64.06636 442
64.08648 395
64.10659 372
64.1267 377
64.14682 403
64.16693 401
64.18705 398
64.20716 350
64.22727 309
64.24739 290
64.2675 243
64.28761 225
64.30773 254
64.32784 245
64.34796 217
64.36807 249
64.38818 242
64.4083 226
64.42841 242
64.44852 210
64.46864 203
64.48875 206
64.50886 197
64.52898 227
64.54909 213
64.56921 201
64.58932 193
64.60943 205
64.62955 202
64.64966 187
64.66977 216
64.68989 195
64.71 200
64.73012 199
64.75023 201
64.77034 199
64.79046 211
64.81057 178
64.83068 173
64.8508 193
64.87091 205
64.89102 221
64.91114 213
64.93125 188
64.95137 215
64.97148 196
64.99159 185
65.01171 183
65.03182 201
65.05193 207
65.07205 173
65.09216 248
65.11228 229
65.13239 185
65.1525 218
65.17262 202
65.19273 200
65.21284 194
65.23296 187
65.25307 209
65.27319 198
65.2933 208
65.31341 176
65.33353 196
65.35364 211
65.37375 221
65.39387 202
65.41398 207
65.43409 205
65.45421 197
65.47432 190
65.49444 190
65.51455 204
65.53466 214
65.55478 197
65.57489 210
65.595 260
65.61512 235
65.63523 259
65.65535 242
65.67546 264
65.69557 274
65.71569 258
65.7358 256
65.75591 288
65.77603 243
65.79614 273
65.81626 244
65.83637 248
65.85648 239
65.8766 251
65.89671 246
65.91682 250
65.93694 259
65.95705 232
65.97716 221
65.99728 209
66.01739 169
66.03751 233
66.05762 213
66.07773 201
66.09785 203
66.11796 193
66.13807 205
66.15819 177
66.1783 190
66.19842 174
66.21853 183
66.23864 203
66.25876 198
66.27887 196
66.29898 182
66.3191 206
66.33921 178
66.35933 185
66.37944 200
66.39955 184
66.41967 220
66.43978 214
66.45989 195
66.48001 206
66.50012 209
66.52023 203
66.54035 196
66.56046 181
66.58058 235
66.60069 177
66.6208 219
66.64092 207
66.66103 203
66.68114 204
66.70126 223
66.72137 230
66.74149 209
66.7616 204
66.78171 185
66.80183 204
66.82194 212
66.84205 216
66.86217 197
66.88228 204
66.90239 239
66.92251 201
66.94262 205
66.96274 209
66.98285 207
67.00296 215
67.02308 196
67.04319 213
67.0633 213
67.08342 209
67.10353 212
67.12365 254
67.14376 209
67.16387 209
67.18399 223
67.2041 237
67.22421 240
67.24433 270
67.26444 241
67.28456 259
67.30467 269
67.32478 286
67.3449 270
67.36501 293
67.38512 299
67.40524 315
67.42535 326
67.44546 361
67.46558 402
67.48569 414
67.50581 481
67.52592 501
67.54603 592
67.56615 681
67.58626 769
67.60637 902
67.62649 1077
67.6466 1114
67.66672 1211
67.68683 1276
67.70694 1293
67.72706 1257
67.74717 1083
67.76728 1019
67.7874 871
67.80751 877
67.82763 891
67.84774 901
67.86785 966
67.88797 1009
67.90808 1004
67.92819 1019
67.94831 957
67.96842 974
67.98853 1174
68.00865 1227
68.02876 1296
68.04888 1439
68.06899 1619
68.0891 1699
68.10922 1716
68.12933 1649
68.14944 1512
68.16956 1444
68.18967 1410
68.20979 1423
68.2299 1450
68.25001 1496
68.27013 1544
68.29024 1551
68.31035 1341
68.33047 1113
68.35058 987
68.3707 819
68.39081 701
68.41092 705
68.43104 626
68.45115 657
68.47126 609
68.49138 561
68.51149 486
68.5316 410
68.55172 362
68.57183 338
68.59195 307
68.61206 254
68.63217 274
68.65229 266
68.6724 253
68.69251 253
68.71263 228
68.73274 264
68.75286 210
68.77297 238
68.79308 232
68.8132 233
68.83331 200
68.85342 228
68.87354 218
68.89365 219
68.91376 217
68.93388 215
68.95399 213
68.97411 235
68.99422 223
69.01433 230
69.03445 215
69.05456 201
69.07467 199
69.09479 206
69.1149 231
69.13502 206
69.15513 208
69.17524 195
69.19536 210
69.21547 209
69.23558 206
69.2557 198
69.27581 211
69.29593 186
69.31604 197
69.33615 206
69.35627 187
69.37638 210
69.39649 202
69.41661 184
69.43672 189
69.45683 208
69.47695 202
69.49706 213
69.51718 197
69.53729 215
69.5574 225
69.57752 181
69.59763 192
69.61774 191
69.63786 185
69.65797 207
69.67809 192
69.6982 175
69.71831 179
69.73843 195
69.75854 188
69.77865 194
69.79877 208
69.81888 217
69.839 179
69.85911 200
69.87922 206
69.89934 183
69.91945 217
69.93956 211
69.95968 204
69.97979 217
69.9999 217
70.02002 191
70.04013 205
70.06025 185
70.08036 195
70.10047 184
70.12059 212
70.1407 207
70.16081 190
70.18093 201
70.20104 197
70.22116 192
70.24127 204
70.26138 206
70.2815 192
70.30161 202
70.32172 168
70.34184 182
70.36195 191
70.38207 166
70.40218 187
70.42229 212
70.44241 181
70.46252 185
70.48263 206
70.50275 176
70.52286 210
70.54297 169
70.56309 224
70.5832 200
70.60332 206
70.62343 215
70.64354 203
70.66366 184
70.68377 195
70.70388 227
70.724 190
70.74411 197
70.76423 196
70.78434 208
70.80445 201
70.82457 210
70.84468 204
70.86479 160
70.88491 183
70.90502 191
70.92513 199
70.94525 207
70.96536 190
70.98548 181
71.00559 185
71.0257 187
71.04582 205
71.06593 183
71.08604 176
71.10616 181
71.12627 204
71.14639 190
71.1665 170
71.18661 200
71.20673 193
71.22684 155
71.24695 199
71.26707 183
71.28718 205
71.3073 174
71.32741 178
71.34752 205
71.36764 184
71.38775 181
71.40786 213
71.42798 181
71.44809 181
71.4682 204
71.48832 180
71.50843 190
71.52855 196
71.54866 214
71.56877 193
71.58889 198
71.609 174
71.62911 194
71.64923 189
71.66934 199
71.68946 205
71.70957 197
71.72968 181
71.7498 163
71.76991 197
71.79002 187
71.81014 202
71.83025 203
71.85037 199
71.87048 177
71.89059 183
71.91071 213
71.93082 187
71.95093 220
71.97105 210
71.99116 212
72.01127 191
72.03139 215
72.0515 185
72.07162 179
72.09173 194
72.11184 198
72.13196 185
72.15207 184
72.17218 198
72.1923 229
72.21241 185
72.23253 188
72.25264 189
72.27275 188
72.29287 194
72.31298 203
72.33309 204
72.35321 186
72.37332 179
72.39344 201
72.41355 192
72.43366 204
72.45378 190
72.47389 201
72.494 199
72.51412 188
72.53423 195
72.55434 192
72.57446 177
72.59457 181
72.61469 187
72.6348 204
72.65491 190
72.67503 187
72.69514 201
72.71525 199
72.73537 204
72.75548 200
72.7756 175
72.79571 199
72.81582 184
72.83594 210
72.85605 202
72.87616 215
72.89628 190
72.91639 183
72.9365 199
72.95662 198
72.97673 206
72.99685 226
73.01696 202
73.03707 210
73.05719 233
73.0773 246
73.09741 202
73.11753 233
73.13764 241
73.15776 246
73.17787 265
73.19798 276
73.2181 298
73.23821 285
73.25832 351
73.27844 351
73.29855 400
73.31867 435
73.33878 457
73.35889 518
73.37901 525
73.39912 594
73.41923 575
73.43935 585
73.45946 517
73.47957 451
73.49969 439
73.5198 337
73.53992 374
73.56003 376
73.58014 412
73.60026 417
73.62037 373
73.64048 345
73.6606 411
73.68071 352
73.70083 314
73.72094 259
73.74105 249
73.76117 210
73.78128 231
73.80139 215
73.82151 218
73.84162 203
73.86174 220
73.88185 227
73.90196 212
73.92208 198
73.94219 225
73.9623 206
73.98242 195
74.00253 204
74.02264 195
74.04276 167
74.06287 192
74.08299 169
74.1031 165
74.12321 189
74.14333 196
74.16344 183
74.18355 201
74.20367 194
74.22378 173
74.2439 241
74.26401 173
74.28412 178
74.30424 196
74.32435 191
74.34446 189
74.36458 183
74.38469 192
74.40481 213
74.42492 184
74.44503 186
74.46515 178
74.48526 190
74.50537 216
74.52549 176
74.5456 182
74.56571 179
74.58583 185
74.60594 177
74.62606 190
74.64617 191
74.66628 188
74.6864 193
74.70651 195
74.72662 174
74.74674 195
74.76685 199
74.78697 195
74.80708 182
74.82719 189
74.84731 208
74.86742 176
74.88753 194
74.90765 185
74.92776 220
74.94787 198
74.96799 174
74.9881 192
75.00822 183
