3.00117 22397
3.02128 21837
3.0414 20987
3.06151 20797
3.08162 19915
3.10174 19631
3.12185 18906
3.14197 18559
3.16208 18091
3.18219 17119
3.20231 17188
3.22242 16509
3.24253 15705
3.26265 15294
3.28276 14801
3.30288 14738
3.32299 13910
3.3431 13833
3.36322 13206
3.38333 12729
3.40344 12358
3.42356 12122
3.44367 11542
3.46379 11283
3.4839 10394
3.50401 10692
3.52413 10005
3.54424 9913
3.56435 9354
3.58447 8874
3.60458 8617
3.62469 8418
3.64481 8055
3.66492 7636
3.68504 7167
3.70515 7129
3.72526 6873
3.74538 6763
3.76549 6475
3.7856 5817
3.80572 5805
3.82583 5616
3.84595 5380
3.86606 5005
3.88617 4928
3.90629 4777
3.9264 4547
3.94651 4435
3.96663 4057
3.98674 3925
4.00686 3980
4.02697 3572
4.04708 3408
4.0672 3378
4.08731 3087
4.10742 3087
4.12754 2987
4.14765 2742
4.16776 2735
4.18788 2548
4.20799 2473
4.22811 2527
4.24822 2343
4.26833 2217
4.28845 1997
4.30856 2135
4.32867 2033
4.34879 1964
4.3689 1894
4.38902 1855
4.40913 1823
4.42924 1815
4.44936 1635
4.46947 1715
4.48958 1577
4.5097 1586
4.52981 1624
4.54992 1399
4.57004 1473
4.59015 1476
4.61027 1415
4.63038 1432
4.65049 1311
4.67061 1287
4.69072 1318
4.71083 1193
4.73095 1281
4.75106 1157
4.77118 1130
4.79129 1133
4.8114 1103
4.83152 1143
4.85163 1081
4.87174 1041
4.89186 1094
4.91197 1030
4.93209 1065
4.9522 981
4.97231 925
4.99243 935
5.01254 928
5.03265 928
5.05277 821
5.07288 888
5.09299 869
5.11311 814
5.13322 876
5.15334 820
5.17345 828
5.19356 839
5.21368 740
5.23379 703
5.2539 715
5.27402 742
5.29413 718
5.31425 674
5.33436 738
5.35447 620
5.37459 638
5.3947 604
5.41481 637
5.43493 597
5.45504 583
5.47516 598
5.49527 598
5.51538 571
5.5355 561
5.55561 580
5.57572 569
5.59584 526
5.61595 550
5.63606 542
5.65618 554
5.67629 531
5.69641 501
5.71652 489
5.73663 457
5.75675 492
5.77686 477
5.79697 493
5.81709 497
5.8372 442
5.85732 421
5.87743 455
5.89754 465
5.91766 455
5.93777 439
5.95788 429
5.978 428
5.99811 436
6.01823 430
6.03834 446
6.05845 428
6.07857 426
6.09868 423
6.11879 406
6.13891 422
6.15902 394
6.17913 410
6.19925 395
6.21936 433
6.23948 411
6.25959 429
6.2797 398
6.29982 418
6.31993 388
6.34004 388
6.36016 387
6.38027 410
6.40039 388
6.4205 378
6.44061 376
6.46073 412
6.48084 391
6.50095 399
6.52107 373
6.54118 387
6.56129 367
6.58141 383
6.60152 412
6.62164 386
6.64175 371
6.66186 368
6.68198 370
6.70209 355
6.7222 366
6.74232 368
6.76243 372
6.78255 381
6.80266 363
6.82277 362
6.84289 386
6.863 382
6.88311 398
6.90323 345
6.92334 364
6.94346 368
6.96357 364
6.98368 363
7.0038 368
7.02391 379
7.04402 349
7.06414 405
7.08425 397
7.10436 355
7.12448 371
7.14459 352
7.16471 317
7.18482 347
7.20493 382
7.22505 374
7.24516 360
7.26527 347
7.28539 388
7.3055 389
7.32562 353
7.34573 351
7.36584 403
7.38596 350
7.40607 351
7.42618 385
7.4463 352
7.46641 367
7.48653 351
7.50664 353
7.52675 411
7.54687 321
7.56698 345
7.58709 362
7.60721 368
7.62732 397
7.64743 366
7.66755 342
7.68766 350
7.70778 325
7.72789 366
7.748 391
7.76812 355
7.78823 347
7.80834 349
7.82846 349
7.84857 332
7.86869 373
7.8888 364
7.90891 368
7.92903 356
7.94914 328
7.96925 386
7.98937 334
8.00948 364
8.0296 383
8.04971 357
8.06982 365
8.08994 381
8.11005 322
8.13016 380
8.15028 344
8.17039 347
8.1905 332
8.21062 377
8.23073 344
8.25085 352
8.27096 350
8.29107 381
8.31119 345
8.3313 369
8.35141 322
8.37153 360
8.39164 356
8.41176 337
8.43187 379
8.45198 363
8.4721 391
8.49221 378
8.51232 386
8.53244 339
8.55255 345
8.57266 353
8.59278 338
8.61289 365
8.63301 397
8.65312 338
8.67323 324
8.69335 343
8.71346 375
8.73357 363
8.75369 353
8.7738 360
8.79392 332
8.81403 392
8.83414 379
8.85426 366
8.87437 334
8.89448 397
8.9146 392
8.93471 376
8.95483 386
8.97494 357
8.99505 417
9.01517 321
9.03528 401
9.05539 357
9.07551 351
9.09562 318
9.11573 357
9.13585 398
9.15596 350
9.17608 318
9.19619 319
9.2163 340
9.23642 324
9.25653 346
9.27664 370
9.29676 370
9.31687 336
9.33699 338
9.3571 327
9.37721 342
9.39733 320
9.41744 383
9.43755 317
9.45767 358
9.47778 319
9.4979 357
9.51801 357
9.53812 365
9.55824 364
9.57835 313
9.59846 355
9.61858 350
9.63869 324
9.6588 308
9.67892 329
9.69903 328
9.71915 311
9.73926 322
9.75937 348
9.77949 312
9.7996 350
9.81971 359
9.83983 334
9.85994 320
9.88006 342
9.90017 334
9.92028 345
9.9404 315
9.96051 334
9.98062 326
10.00074 340
10.02085 326
10.04097 319
10.06108 301
10.08119 309
10.10131 367
10.12142 343
10.14153 341
10.16165 338
10.18176 332
10.20187 313
10.22199 331
10.2421 345
10.26222 358
10.28233 369
10.30244 356
10.32256 373
10.34267 336
10.36278 349
10.3829 336
10.40301 375
10.42313 328
10.44324 324
10.46335 346
10.48347 324
10.50358 310
10.52369 331
10.54381 356
10.56392 339
10.58403 320
10.60415 346
10.62426 360
10.64438 348
10.66449 330
10.6846 344
10.70472 328
10.72483 352
10.74494 317
10.76506 294
10.78517 353
10.80529 358
10.8254 302
10.84551 325
10.86563 312
10.88574 334
10.90585 322
10.92597 342
10.94608 340
10.9662 361
10.98631 290
11.00642 346
11.02654 350
11.04665 353
11.06676 340
11.08688 349
11.10699 318
11.1271 337
11.14722 285
11.16733 315
11.18745 330
11.20756 288
11.22767 348
11.24779 324
11.2679 341
11.28801 322
11.30813 295
11.32824 357
11.34836 329
11.36847 329
11.38858 330
11.4087 320
11.42881 359
11.44892 318
11.46904 326
11.48915 366
11.50927 331
11.52938 308
11.54949 346
11.56961 358
11.58972 293
11.60983 358
11.62995 355
11.65006 361
11.67017 334
11.69029 308
11.7104 305
11.73052 338
11.75063 329
11.77074 322
11.79086 321
11.81097 321
11.83108 341
11.8512 317
11.87131 325
11.89143 309
11.91154 349
11.93165 348
11.95177 317
11.97188 358
11.99199 342
12.01211 306
12.03222 308
12.05234 301
12.07245 305
12.09256 376
12.11268 353
12.13279 328
12.1529 322
12.17302 342
12.19313 352
12.21324 325
12.23336 327
12.25347 334
12.27359 324
12.2937 329
12.31381 338
12.33393 309
12.35404 314
12.37415 363
12.39427 358
12.41438 346
12.4345 342
12.45461 309
12.47472 306
12.49484 312
12.51495 313
12.53506 333
12.55518 293
12.57529 291
12.5954 294
12.61552 297
12.63563 303
12.65575 302
12.67586 302
12.69597 347
12.71609 293
12.7362 301
12.75631 319
12.77643 320
12.79654 286
12.81666 299
12.83677 302
12.85688 311
12.877 300
12.89711 293
12.91722 306
12.93734 301
12.95745 293
12.97757 325
12.99768 286
13.01779 282
13.03791 332
13.05802 310
13.07813 317
13.09825 302
13.11836 288
13.13847 299
13.15859 276
13.1787 312
13.19882 275
13.21893 299
13.23904 262
13.25916 321
13.27927 305
13.29938 354
13.3195 305
13.33961 294
13.35973 289
13.37984 263
13.39995 302
13.42007 269
13.44018 324
13.46029 316
13.48041 299
13.50052 351
13.52064 323
13.54075 337
13.56086 312
13.58098 336
13.60109 371
13.6212 335
13.64132 433
13.66143 370
13.68154 433
13.70166 349
13.72177 394
13.74189 336
13.762 319
13.78211 333
13.80223 335
13.82234 344
13.84245 307
13.86257 351
13.88268 323
13.9028 331
13.92291 295
13.94302 297
13.96314 298
13.98325 291
14.00336 297
14.02348 307
14.04359 313
14.06371 271
14.08382 304
14.10393 312
14.12405 283
14.14416 265
14.16427 320
14.18439 291
14.2045 269
14.22461 281
14.24473 301
14.26484 285
14.28496 282
14.30507 279
14.32518 326
14.3453 285
14.36541 296
14.38552 270
14.40564 263
14.42575 295
14.44587 298
14.46598 287
14.48609 270
14.50621 295
14.52632 263
14.54643 281
14.56655 279
14.58666 310
14.60677 303
14.62689 303
14.647 296
14.66712 269
14.68723 303
14.70734 264
14.72746 266
14.74757 276
14.76768 272
14.7878 264
14.80791 284
14.82803 260
14.84814 302
14.86825 303
14.88837 317
14.90848 282
14.92859 295
14.94871 289
14.96882 282
14.98894 301
15.00905 285
15.02916 300
15.04928 300
15.06939 302
15.0895 313
15.10962 296
15.12973 275
15.14984 311
15.16996 329
15.19007 330
15.21019 330
15.2303 302
15.25041 328
15.27053 316
15.29064 295
15.31075 320
15.33087 308
15.35098 331
15.3711 304
15.39121 304
15.41132 276
15.43144 268
15.45155 274
15.47166 298
15.49178 312
15.51189 277
15.53201 292
15.55212 266
15.57223 318
15.59235 289
15.61246 295
15.63257 284
15.65269 293
15.6728 281
15.69291 278
15.71303 313
15.73314 287
15.75326 292
15.77337 310
15.79348 327
15.8136 282
15.83371 297
15.85382 289
15.87394 307
15.89405 301
15.91417 273
15.93428 277
15.95439 300
15.97451 287
15.99462 274
16.01473 258
16.03485 306
16.05496 293
16.07508 299
16.09519 257
16.1153 293
16.13542 280
16.15553 283
16.17564 317
16.19576 275
16.21587 310
16.23598 303
16.2561 296
16.27621 288
16.29633 270
16.31644 322
16.33655 303
16.35667 312
16.37678 287
16.39689 295
16.41701 285
16.43712 303
16.45724 312
16.47735 300
16.49746 312
16.51758 300
16.53769 282
16.5578 299
16.57792 259
16.59803 313
16.61814 275
16.63826 323
16.65837 294
16.67849 293
16.6986 293
16.71871 297
16.73883 296
16.75894 290
16.77905 278
16.79917 323
16.81928 287
16.8394 302
16.85951 324
16.87962 271
16.89974 297
16.91985 300
16.93996 268
16.96008 297
16.98019 334
17.00031 275
17.02042 312
17.04053 311
17.06065 306
17.08076 313
17.10087 302
17.12099 311
17.1411 279
17.16121 304
17.18133 302
17.20144 331
17.22156 312
17.24167 268
17.26178 307
17.2819 322
17.30201 334
17.32212 301
17.34224 333
17.36235 307
17.38247 334
17.40258 326
17.42269 281
17.44281 319
17.46292 349
17.48303 275
17.50315 313
17.52326 307
17.54338 323
17.56349 310
17.5836 310
17.60372 302
17.62383 331
17.64394 303
17.66406 317
17.68417 322
17.70428 313
17.7244 329
17.74451 300
17.76463 321
17.78474 332
17.80485 286
17.82497 331
17.84508 324
17.86519 341
17.88531 327
17.90542 318
17.92554 338
17.94565 290
17.96576 323
17.98588 331
18.00599 360
18.0261 327
18.04622 352
18.06633 337
18.08645 341
18.10656 347
18.12667 324
18.14679 349
18.1669 336
18.18701 325
18.20713 334
18.22724 330
18.24735 327
18.26747 341
18.28758 315
18.3077 347
18.32781 348
18.34792 333
18.36804 311
18.38815 327
18.40826 310
18.42838 354
18.44849 313
18.46861 323
18.48872 365
18.50883 355
18.52895 313
18.54906 329
18.56917 337
18.58929 315
18.6094 325
18.62951 316
18.64963 322
18.66974 317
18.68986 332
18.70997 334
18.73008 322
18.7502 319
18.77031 371
18.79042 358
18.81054 358
18.83065 354
18.85077 378
18.87088 343
18.89099 331
18.91111 347
18.93122 325
18.95133 353
18.97145 382
18.99156 297
19.01168 363
19.03179 373
19.0519 354
19.07202 335
19.09213 345
19.11224 354
19.13236 372
19.15247 336
19.17258 378
19.1927 379
19.21281 377
19.23293 374
19.25304 399
19.27315 379
19.29327 380
19.31338 390
19.33349 394
19.35361 396
19.37372 393
19.39384 417
19.41395 386
19.43406 431
19.45418 402
19.47429 419
19.4944 373
19.51452 441
19.53463 406
19.55475 480
19.57486 440
19.59497 489
19.61509 462
19.6352 462
19.65531 502
19.67543 506
19.69554 521
19.71565 542
19.73577 545
19.75588 564
19.776 577
19.79611 545
19.81622 571
19.83634 532
19.85645 574
19.87656 517
19.89668 607
19.91679 604
19.93691 535
19.95702 562
19.97713 538
19.99725 584
20.01736 566
20.03747 536
20.05759 565
20.0777 561
20.09782 561
20.11793 551
20.13804 553
20.15816 588
20.17827 528
20.19838 522
20.2185 552
20.23861 553
20.25872 536
20.27884 571
20.29895 574
20.31907 583
20.33918 573
20.35929 646
20.37941 579
20.39952 540
20.41963 560
20.43975 600
20.45986 607
20.47998 532
20.50009 573
20.5202 599
20.54032 594
20.56043 600
20.58054 656
20.60066 626
20.62077 650
20.64088 683
20.661 786
20.68111 813
20.70123 952
20.72134 1150
20.74145 1440
20.76157 1786
20.78168 2529
20.80179 3267
20.82191 4150
20.84202 4915
20.86214 5454
20.88225 5486
20.90236 4499
20.92248 3354
20.94259 2432
20.9627 1633
20.98282 1114
21.00293 898
21.02305 778
21.04316 691
21.06327 699
21.08339 670
21.1035 595
21.12361 646
21.14373 587
21.16384 623
21.18395 625
21.20407 550
21.22418 559
21.2443 548
21.26441 563
21.28452 529
21.30464 589
21.32475 514
21.34486 515
21.36498 592
21.38509 540
21.40521 525
21.42532 535
21.44543 522
21.46555 571
21.48566 576
21.50577 581
21.52589 607
21.546 662
21.56612 682
21.58623 733
21.60634 730
21.62646 746
21.64657 766
21.66668 739
21.6868 676
21.70691 610
21.72702 583
21.74714 516
21.76725 518
21.78737 509
21.80748 481
21.82759 517
21.84771 514
21.86782 534
21.88793 522
21.90805 547
21.92816 518
21.94828 518
21.96839 552
21.9885 568
22.00862 575
22.02873 553
22.04884 523
22.06896 537
22.08907 520
22.10919 485
22.1293 518
22.14941 521
22.16953 495
22.18964 496
22.20975 442
22.22987 445
22.24998 465
22.27009 477
22.29021 467
22.31032 468
22.33044 467
22.35055 458
22.37066 466
22.39078 489
22.41089 480
22.431 481
22.45112 458
22.47123 486
22.49135 458
22.51146 469
22.53157 529
22.55169 481
22.5718 480
22.59191 498
22.61203 505
22.63214 485
22.65225 465
22.67237 488
22.69248 491
22.7126 447
22.73271 520
22.75282 537
22.77294 489
22.79305 501
22.81316 500
22.83328 521
22.85339 513
22.87351 552
22.89362 595
22.91373 539
22.93385 529
22.95396 590
22.97407 536
22.99419 494
23.0143 521
23.03442 511
23.05453 515
23.07464 465
23.09476 485
23.11487 521
23.13498 479
23.1551 485
23.17521 487
23.19532 439
23.21544 483
23.23555 463
23.25567 497
23.27578 451
23.29589 486
23.31601 507
23.33612 485
23.35623 483
23.37635 475
23.39646 495
23.41658 478
23.43669 535
23.4568 528
23.47692 527
23.49703 517
23.51714 517
23.53726 567
23.55737 560
23.57749 634
23.5976 607
23.61771 621
23.63783 643
23.65794 639
23.67805 718
23.69817 710
23.71828 664
23.73839 696
23.75851 688
23.77862 604
23.79874 620
23.81885 556
23.83896 572
23.85908 572
23.87919 545
23.8993 535
23.91942 506
23.93953 539
23.95965 521
23.97976 515
23.99987 552
24.01999 509
24.0401 494
24.06021 499
24.08033 479
24.10044 509
24.12056 521
24.14067 485
24.16078 494
24.1809 500
24.20101 472
24.22112 468
24.24124 500
24.26135 485
24.28146 524
24.30158 475
24.32169 454
24.34181 462
24.36192 477
24.38203 452
24.40215 454
24.42226 442
24.44237 457
24.46249 491
24.4826 442
24.50272 428
24.52283 440
24.54294 419
24.56306 454
24.58317 445
24.60328 482
24.6234 446
24.64351 489
24.66362 468
24.68374 447
24.70385 495
24.72397 463
24.74408 477
24.76419 417
24.78431 463
24.80442 473
24.82453 477
24.84465 463
24.86476 435
24.88488 454
24.90499 479
24.9251 461
24.94522 458
24.96533 438
24.98544 467
25.00556 464
25.02567 485
25.04579 475
25.0659 472
25.08601 461
25.10613 449
25.12624 465
25.14635 447
25.16647 487
25.18658 396
25.20669 449
25.22681 465
25.24692 446
25.26704 444
25.28715 451
25.30726 453
25.32738 483
25.34749 499
25.3676 500
25.38772 434
25.40783 442
25.42795 497
25.44806 452
25.46817 486
25.48829 498
25.5084 490
25.52851 480
25.54863 515
25.56874 506
25.58886 512
25.60897 466
25.62908 561
25.6492 559
25.66931 520
25.68942 606
25.70954 616
25.72965 622
25.74976 625
25.76988 708
25.78999 695
25.81011 711
25.83022 660
25.85033 625
25.87045 624
25.89056 605
25.91067 615
25.93079 652
25.9509 603
25.97102 614
25.99113 611
26.01124 639
26.03136 644
26.05147 590
26.07158 651
26.0917 625
26.11181 654
26.13193 649
26.15204 718
26.17215 724
26.19227 750
26.21238 734
26.23249 801
26.25261 899
26.27272 895
26.29283 870
26.31295 941
26.33306 1052
26.35318 1183
26.37329 1282
26.3934 1453
26.41352 1590
26.43363 1919
26.45374 2459
26.47386 3123
26.49397 4070
26.51409 5282
26.5342 7288
26.55431 10154
26.57443 13348
26.59454 16867
26.61465 20815
26.63477 23543
26.65488 22400
26.67499 18994
26.69511 14441
26.71522 11304
26.73534 8029
26.75545 4816
26.77556 2689
26.79568 1821
26.81579 1479
26.8359 1338
26.85602 1225
26.87613 1173
26.89625 1086
26.91636 1046
26.93647 928
26.95659 880
26.9767 799
26.99681 774
27.01693 800
27.03704 744
27.05716 704
27.07727 691
27.09738 685
27.1175 692
27.13761 621
27.15772 663
27.17784 640
27.19795 595
27.21806 587
27.23818 617
27.25829 635
27.27841 639
27.29852 622
27.31863 704
27.33875 762
27.35886 756
27.37897 850
27.39909 912
27.4192 973
27.43932 1090
27.45943 1196
27.47954 1212
27.49966 1222
27.51977 1169
27.53988 1047
27.56 1049
27.58011 953
27.60023 852
27.62034 834
27.64045 842
27.66057 793
27.68068 810
27.70079 891
27.72091 896
27.74102 1003
27.76113 944
27.78125 906
27.80136 943
27.82148 820
27.84159 769
27.8617 730
27.88182 683
27.90193 697
27.92204 622
27.94216 637
27.96227 571
27.98239 519
28.0025 545
28.02261 517
28.04273 493
28.06284 471
28.08295 515
28.10307 462
28.12318 456
28.1433 392
28.16341 450
28.18352 415
28.20364 432
28.22375 427
28.24386 471
28.26398 425
28.28409 444
28.3042 419
28.32432 450
28.34443 395
28.36455 430
28.38466 411
28.40477 395
28.42489 376
28.445 388
28.46511 419
28.48523 384
28.50534 390
28.52546 392
28.54557 388
28.56568 373
28.5858 347
28.60591 413
28.62602 386
28.64614 357
28.66625 402
28.68636 376
28.70648 370
28.72659 326
28.74671 368
28.76682 385
28.78693 325
28.80705 350
28.82716 373
28.84727 404
28.86739 391
28.8875 392
28.90762 387
28.92773 324
28.94784 376
28.96796 388
28.98807 405
29.00818 370
29.0283 394
29.04841 341
29.06853 364
29.08864 379
29.10875 353
29.12887 371
29.14898 331
29.16909 354
29.18921 376
29.20932 359
29.22943 356
29.24955 393
29.26966 339
29.28978 364
29.30989 327
29.33 334
29.35012 366
29.37023 344
29.39034 339
29.41046 358
29.43057 366
29.45069 383
29.4708 392
29.49091 397
29.51103 391
29.53114 368
29.55125 355
29.57137 384
29.59148 380
29.6116 401
29.63171 378
29.65182 380
29.67194 388
29.69205 401
29.71216 378
29.73228 432
29.75239 426
29.7725 410
29.79262 450
29.81273 388
29.83285 457
29.85296 478
29.87307 444
29.89319 452
29.9133 416
29.93341 436
29.95353 420
29.97364 403
29.99376 425
30.01387 416
30.03398 426
30.0541 487
30.07421 428
30.09432 467
30.11444 428
30.13455 438
30.15467 446
30.17478 409
30.19489 402
30.21501 443
30.23512 427
30.25523 406
30.27535 382
30.29546 422
30.31557 375
30.33569 358
30.3558 393
30.37592 416
30.39603 438
30.41614 359
30.43626 396
30.45637 388
30.47648 360
30.4966 429
30.51671 405
30.53683 411
30.55694 402
30.57705 414
30.59717 393
30.61728 391
30.63739 405
30.65751 441
30.67762 453
30.69773 431
30.71785 433
30.73796 417
30.75808 442
30.77819 459
30.7983 444
30.81842 439
30.83853 400
30.85864 407
30.87876 402
30.89887 411
30.91899 418
30.9391 405
30.95921 372
30.97933 397
30.99944 398
31.01955 332
31.03967 368
31.05978 327
31.0799 404
31.10001 373
31.12012 346
31.14024 336
31.16035 354
31.18046 350
31.20058 350
31.22069 356
31.2408 344
31.26092 340
31.28103 341
31.30115 312
31.32126 308
31.34137 357
31.36149 336
31.3816 320
31.40171 344
31.42183 328
31.44194 331
31.46206 318
31.48217 292
31.50228 318
31.5224 316
31.54251 302
31.56262 304
31.58274 284
31.60285 337
31.62297 314
31.64308 344
31.66319 330
31.68331 300
31.70342 335
31.72353 324
31.74365 322
31.76376 318
31.78387 348
31.80399 292
31.8241 306
31.84422 326
31.86433 335
31.88444 351
31.90456 288
31.92467 296
31.94478 338
31.9649 296
31.98501 305
32.00513 289
32.02524 355
32.04535 316
32.06547 317
32.08558 333
32.10569 311
32.12581 319
32.14592 319
32.16604 306
32.18615 316
32.20626 331
32.22638 339
32.24649 361
32.2666 354
32.28672 349
32.30683 333
32.32694 380
32.34706 348
32.36717 316
32.38729 327
32.4074 335
32.42751 344
32.44763 349
32.46774 356
32.48785 325
32.50797 356
32.52808 271
32.5482 335
32.56831 355
32.58842 336
32.60854 339
32.62865 326
32.64876 320
32.66888 326
32.68899 322
32.7091 326
32.72922 332
32.74933 303
32.76945 316
32.78956 303
32.80967 338
32.82979 332
32.8499 305
32.87001 334
32.89013 301
32.91024 322
32.93036 299
32.95047 331
32.97058 343
32.9907 341
33.01081 328
33.03092 311
33.05104 355
33.07115 334
33.09127 362
33.11138 321
33.13149 318
33.15161 335
33.17172 324
33.19183 330
33.21195 337
33.23206 305
33.25217 334
33.27229 329
33.2924 291
33.31252 294
33.33263 310
33.35274 328
33.37286 294
33.39297 327
33.41308 327
33.4332 265
33.45331 299
33.47343 292
33.49354 284
33.51365 315
33.53377 320
33.55388 298
33.57399 292
33.59411 338
33.61422 318
33.63434 276
33.65445 306
33.67456 310
33.69468 300
33.71479 259
33.7349 279
33.75502 302
33.77513 319
33.79524 298
33.81536 307
33.83547 304
33.85559 301
33.8757 321
33.89581 337
33.91593 296
33.93604 317
33.95615 295
33.97627 257
33.99638 309
34.0165 298
34.03661 286
34.05672 300
34.07684 303
34.09695 286
34.11706 300
34.13718 326
34.15729 332
34.17741 300
34.19752 297
34.21763 321
34.23775 330
34.25786 330
34.27797 312
34.29809 337
34.3182 339
34.33831 325
34.35843 359
34.37854 353
34.39866 362
34.41877 341
34.43888 360
34.459 365
34.47911 331
34.49922 345
34.51934 325
34.53945 363
34.55957 329
34.57968 382
34.59979 344
34.61991 399
34.64002 402
34.66013 394
34.68025 381
34.70036 399
34.72047 358
34.74059 381
34.7607 407
34.78082 400
34.80093 417
34.82104 422
34.84116 411
34.86127 380
34.88138 450
34.9015 400
34.92161 420
34.94173 442
34.96184 417
34.98195 424
35.00207 446
35.02218 434
35.04229 431
35.06241 422
35.08252 425
35.10264 440
35.12275 479
35.14286 468
35.16298 467
35.18309 498
35.2032 532
35.22332 495
35.24343 449
35.26354 479
35.28366 450
35.30377 472
35.32389 437
35.344 448
35.36411 467
35.38423 425
35.40434 407
35.42445 421
35.44457 440
35.46468 437
35.4848 412
35.50491 426
35.52502 469
35.54514 420
35.56525 412
35.58536 449
35.60548 397
35.62559 388
35.64571 411
35.66582 368
35.68593 373
35.70605 366
35.72616 385
35.74627 403
35.76639 343
35.7865 373
35.80661 375
35.82673 373
35.84684 359
35.86696 348
35.88707 382
35.90718 345
35.9273 381
35.94741 345
35.96752 384
35.98764 351
36.00775 361
36.02787 339
36.04798 372
36.06809 369
36.08821 368
36.10832 373
36.12843 351
36.14855 401
36.16866 365
36.18878 371
36.20889 417
36.229 424
36.24912 386
36.26923 408
36.28934 433
36.30946 425
36.32957 499
36.34968 510
36.3698 582
36.38991 685
36.41003 728
36.43014 903
36.45025 1095
36.47037 1292
36.49048 1545
36.51059 1740
36.53071 1805
36.55082 1806
36.57094 1542
36.59105 1353
36.61116 1139
36.63128 1053
36.65139 904
36.6715 741
36.69162 549
36.71173 504
36.73184 444
36.75196 446
36.77207 406
36.79219 395
36.8123 384
36.83241 339
36.85253 383
36.87264 353
36.89275 368
36.91287 341
36.93298 372
36.9531 322
36.97321 305
36.99332 353
37.01344 348
37.03355 367
37.05366 349
37.07378 344
37.09389 332
37.11401 361
37.13412 412
37.15423 377
37.17435 342
37.19446 331
37.21457 321
37.23469 360
37.2548 328
37.27491 342
37.29503 341
37.31514 344
37.33526 352
37.35537 367
37.37548 321
37.3956 333
37.41571 357
37.43582 359
37.45594 343
37.47605 340
37.49617 313
37.51628 344
37.53639 305
37.55651 302
37.57662 357
37.59673 326
37.61685 303
37.63696 301
37.65708 353
37.67719 333
37.6973 360
37.71742 316
37.73753 302
37.75764 342
37.77776 299
37.79787 306
37.81798 327
37.8381 292
37.85821 307
37.87833 324
37.89844 312
37.91855 304
37.93867 300
37.95878 307
37.97889 304
37.99901 327
38.01912 291
38.03924 338
38.05935 312
38.07946 299
38.09958 308
38.11969 331
38.1398 348
38.15992 315
38.18003 317
38.20015 301
38.22026 327
38.24037 341
38.26049 315
38.2806 330
38.30071 304
38.32083 319
38.34094 312
38.36105 316
38.38117 313
38.40128 324
38.4214 357
38.44151 329
38.46162 331
38.48174 317
38.50185 342
38.52196 336
38.54208 323
38.56219 299
38.58231 351
38.60242 321
38.62253 379
38.64265 332
38.66276 298
38.68287 294
38.70299 339
38.7231 309
38.74321 352
38.76333 315
38.78344 333
38.80356 303
38.82367 327
38.84378 326
38.8639 303
38.88401 276
38.90412 355
38.92424 330
38.94435 336
38.96447 327
38.98458 292
39.00469 318
39.02481 319
39.04492 322
39.06503 331
39.08515 355
39.10526 350
39.12538 331
39.14549 350
39.1656 352
39.18572 387
39.20583 388
39.22594 404
39.24606 440
39.26617 431
39.28628 523
39.3064 594
39.32651 667
39.34663 775
39.36674 934
39.38685 1052
39.40697 1273
39.42708 1518
39.44719 1631
39.46731 1599
39.48742 1368
39.50754 1175
39.52765 1016
39.54776 921
39.56788 900
39.58799 744
39.6081 577
39.62822 462
39.64833 388
39.66845 338
39.68856 341
39.70867 349
39.72879 342
39.7489 343
39.76901 337
39.78913 338
39.80924 321
39.82935 326
39.84947 295
39.86958 331
39.8897 315
39.90981 349
39.92992 313
39.95004 334
39.97015 291
39.99026 282
40.01038 357
40.03049 330
40.05061 351
40.07072 374
40.09083 375
40.11095 399
40.13106 424
40.15117 493
40.17129 525
40.1914 621
40.21152 678
40.23163 777
40.25174 882
40.27186 913
40.29197 891
40.31208 764
40.3322 699
40.35231 606
40.37242 596
40.39254 572
40.41265 504
40.43277 405
40.45288 363
40.47299 345
40.49311 319
40.51322 314
40.53333 311
40.55345 319
40.57356 345
40.59368 288
40.61379 329
40.6339 327
40.65402 291
40.67413 318
40.69424 316
40.71436 294
40.73447 323
40.75458 295
40.7747 269
40.79481 316
40.81493 307
40.83504 324
40.85515 327
40.87527 317
40.89538 285
40.91549 307
40.93561 289
40.95572 343
40.97584 304
40.99595 313
41.01606 300
41.03618 287
41.05629 291
41.0764 280
41.09652 292
41.11663 327
41.13675 302
41.15686 322
41.17697 306
41.19709 276
41.2172 325
41.23731 313
41.25743 322
41.27754 282
41.29765 328
41.31777 322
41.33788 300
41.358 293
41.37811 288
41.39822 314
41.41834 324
41.43845 300
41.45856 282
41.47868 280
41.49879 294
41.51891 317
41.53902 330
41.55913 305
41.57925 287
41.59936 338
41.61947 341
41.63959 346
41.6597 357
41.67982 368
41.69993 348
41.72004 386
41.74016 327
41.76027 333
41.78038 318
41.8005 320
41.82061 333
41.84072 323
41.86084 302
41.88095 293
41.90107 297
41.92118 317
41.94129 284
41.96141 291
41.98152 299
42.00163 306
42.02175 300
42.04186 293
42.06198 308
42.08209 315
42.1022 288
42.12232 329
42.14243 337
42.16254 338
42.18266 341
42.20277 361
42.22289 392
42.243 432
42.26311 426
42.28323 456
42.30334 535
42.32345 648
42.34357 680
42.36368 893
42.38379 956
42.40391 1080
42.42402 1176
42.44414 1232
42.46425 1183
42.48436 923
42.50448 814
42.52459 744
42.5447 714
42.56482 681
42.58493 522
42.60505 464
42.62516 344
42.64527 330
42.66539 331
42.6855 337
42.70561 313
42.72573 328
42.74584 264
42.76595 303
42.78607 300
42.80618 301
42.8263 301
42.84641 295
42.86652 282
42.88664 298
42.90675 275
42.92686 286
42.94698 292
42.96709 260
42.98721 301
43.00732 272
43.02743 294
43.04755 289
43.06766 266
43.08777 264
43.10789 277
43.128 265
43.14812 243
43.16823 277
43.18834 249
43.20846 276
43.22857 266
43.24868 262
43.2688 284
43.28891 308
43.30902 274
43.32914 273
43.34925 271
43.36937 281
43.38948 274
43.40959 258
43.42971 285
43.44982 265
43.46993 276
43.49005 260
43.51016 247
43.53028 261
43.55039 286
43.5705 281
43.59062 274
43.61073 244
43.63084 244
43.65096 273
43.67107 286
43.69119 252
43.7113 265
43.73141 277
43.75153 264
43.77164 250
43.79175 294
43.81187 272
43.83198 272
43.85209 279
43.87221 271
43.89232 264
43.91244 267
43.93255 273
43.95266 277
43.97278 263
43.99289 267
44.013 265
44.03312 264
44.05323 236
44.07335 284
44.09346 289
44.11357 282
44.13369 292
44.1538 271
44.17391 282
44.19403 253
44.21414 272
44.23426 275
44.25437 266
44.27448 266
44.2946 295
44.31471 257
44.33482 266
44.35494 287
44.37505 290
44.39516 238
44.41528 265
44.43539 250
44.45551 261
44.47562 276
44.49573 274
44.51585 245
44.53596 257
44.55607 249
44.57619 271
44.5963 271
44.61642 295
44.63653 278
44.65664 295
44.67676 298
44.69687 256
44.71698 243
44.7371 289
44.75721 248
44.77732 253
44.79744 264
44.81755 232
44.83767 250
44.85778 268
44.87789 274
44.89801 267
44.91812 283
44.93823 290
44.95835 278
44.97846 244
44.99858 270
45.01869 257
45.0388 261
45.05892 286
45.07903 266
45.09914 275
45.11926 290
45.13937 273
45.15949 276
45.1796 302
45.19971 256
45.21983 245
45.23994 267
45.26005 278
45.28017 306
45.30028 242
45.32039 248
45.34051 274
45.36062 265
45.38074 262
45.40085 284
45.42096 298
45.44108 311
45.46119 297
45.4813 302
45.50142 325
45.52153 337
45.54165 331
45.56176 357
45.58187 370
45.60199 376
45.6221 385
45.64221 445
45.66233 504
45.68244 531
45.70256 632
45.72267 705
45.74278 788
45.7629 807
45.78301 880
45.80312 801
45.82324 668
45.84335 589
45.86346 549
45.88358 571
45.90369 518
45.92381 487
45.94392 402
45.96403 332
45.98415 295
46.00426 300
46.02437 297
46.04449 300
46.0646 288
46.08472 295
46.10483 265
46.12494 255
46.14506 266
46.16517 251
46.18528 286
46.2054 286
46.22551 272
46.24563 273
46.26574 259
46.28585 265
46.30597 241
46.32608 275
46.34619 268
46.36631 274
46.38642 274
46.40653 250
46.42665 256
46.44676 274
46.46688 272
46.48699 301
46.5071 261
46.52722 268
46.54733 261
46.56744 231
46.58756 216
46.60767 266
46.62779 258
46.6479 249
46.66801 260
46.68813 270
46.70824 264
46.72835 285
46.74847 263
46.76858 242
46.78869 278
46.80881 253
46.82892 241
46.84904 250
46.86915 259
46.88926 286
46.90938 250
46.92949 277
46.9496 260
46.96972 247
46.98983 237
47.00995 282
47.03006 238
47.05017 256
47.07029 257
47.0904 271
47.11051 275
47.13063 251
47.15074 269
47.17086 277
47.19097 280
47.21108 254
47.2312 287
47.25131 275
47.27142 282
47.29154 235
47.31165 240
47.33176 242
47.35188 258
47.37199 265
47.39211 238
47.41222 232
47.43233 239
47.45245 270
47.47256 272
47.49267 231
47.51279 277
47.5329 262
47.55302 241
47.57313 243
47.59324 263
47.61336 268
47.63347 238
47.65358 221
47.6737 237
47.69381 265
47.71393 243
47.73404 244
47.75415 252
47.77427 239
47.79438 241
47.81449 226
47.83461 232
47.85472 264
47.87483 222
47.89495 274
47.91506 248
47.93518 255
47.95529 275
47.9754 246
47.99552 236
48.01563 265
48.03574 265
48.05586 251
48.07597 233
48.09609 245
48.1162 267
48.13631 234
48.15643 256
48.17654 237
48.19665 241
48.21677 287
48.23688 272
48.257 264
48.27711 275
48.29722 293
48.31734 252
48.33745 270
48.35756 267
48.37768 259
48.39779 265
48.4179 275
48.43802 295
48.45813 288
48.47825 284
48.49836 271
48.51847 239
48.53859 281
48.5587 309
48.57881 256
48.59893 250
48.61904 244
48.63916 267
48.65927 273
48.67938 269
48.6995 256
48.71961 276
48.73972 280
48.75984 266
48.77995 290
48.80006 294
48.82018 260
48.84029 277
48.86041 249
48.88052 270
48.90063 283
48.92075 257
48.94086 259
48.96097 248
48.98109 277
49.0012 251
49.02132 298
49.04143 267
49.06154 274
49.08166 269
49.10177 273
49.12188 256
49.142 302
49.16211 257
49.18223 262
49.20234 270
49.22245 286
49.24257 288
49.26268 263
49.28279 274
49.30291 270
49.32302 249
49.34313 272
49.36325 298
49.38336 271
49.40348 276
49.42359 274
49.4437 263
49.46382 265
49.48393 291
49.50404 297
49.52416 297
49.54427 285
49.56439 295
49.5845 292
49.60461 321
49.62473 301
49.64484 291
49.66495 320
49.68507 295
49.70518 293
49.7253 329
49.74541 360
49.76552 357
49.78564 375
49.80575 376
49.82586 387
49.84598 428
49.86609 490
49.8862 504
49.90632 553
49.92643 624
49.94655 717
49.96666 752
49.98677 964
50.00689 1122
50.027 1321
50.04711 1581
50.06723 1851
50.08734 2145
50.10746 2390
50.12757 2489
50.14768 2175
50.1678 1706
50.18791 1428
50.20802 1219
50.22814 1336
50.24825 1321
50.26837 1241
50.28848 1047
50.30859 672
50.32871 499
50.34882 438
50.36893 369
50.38905 352
50.40916 368
50.42927 325
50.44939 328
50.4695 323
50.48962 346
50.50973 341
50.52984 338
50.54996 353
50.57007 332
50.59018 316
50.6103 348
50.63041 305
50.65053 328
50.67064 319
50.69075 304
50.71087 358
50.73098 325
50.75109 310
50.77121 360
50.79132 336
50.81143 319
50.83155 289
50.85166 333
50.87178 335
50.89189 344
50.912 333
50.93212 309
50.95223 348
50.97234 347
50.99246 301
51.01257 329
51.03269 315
51.0528 316
51.07291 313
51.09303 295
51.11314 310
51.13325 289
51.15337 257
51.17348 292
51.1936 254
51.21371 284
51.23382 244
51.25394 303
51.27405 241
51.29416 263
51.31428 289
51.33439 253
51.3545 249
51.37462 255
51.39473 210
51.41485 272
51.43496 256
51.45507 234
51.47519 242
51.4953 211
51.51541 221
51.53553 236
51.55564 250
51.57576 233
51.59587 224
51.61598 251
51.6361 264
51.65621 262
51.67632 216
51.69644 208
51.71655 244
51.73667 256
51.75678 219
51.77689 214
51.79701 212
51.81712 242
51.83723 219
51.85735 258
51.87746 247
51.89757 222
51.91769 229
51.9378 235
51.95792 224
51.97803 259
51.99814 236
52.01826 227
52.03837 207
52.05848 202
52.0786 243
52.09871 259
52.11883 246
52.13894 233
52.15905 220
52.17917 260
52.19928 237
52.21939 219
52.23951 254
52.25962 268
52.27974 246
52.29985 235
52.31996 237
52.34008 271
52.36019 219
52.3803 247
52.40042 252
52.42053 263
52.44064 253
52.46076 255
52.48087 233
52.50099 216
52.5211 248
52.54121 227
52.56133 252
52.58144 267
52.60155 271
52.62167 253
52.64178 243
52.6619 261
52.68201 274
52.70212 224
52.72224 243
52.74235 277
52.76246 259
52.78258 242
52.80269 270
52.8228 245
52.84292 251
52.86303 269
52.88315 274
52.90326 253
52.92337 224
52.94349 247
52.9636 269
52.98371 251
53.00383 254
53.02394 253
53.04406 261
53.06417 262
53.08428 262
53.1044 243
53.12451 252
53.14462 264
53.16474 266
53.18485 260
53.20497 259
53.22508 243
53.24519 268
53.26531 259
53.28542 278
53.30553 264
53.32565 250
53.34576 252
53.36587 265
53.38599 253
53.4061 223
53.42622 275
53.44633 271
53.46644 272
53.48656 257
53.50667 273
53.52678 289
53.5469 253
53.56701 257
53.58713 291
53.60724 262
53.62735 259
53.64747 262
53.66758 265
53.68769 268
53.70781 298
53.72792 252
53.74804 256
53.76815 257
53.78826 227
53.80838 266
53.82849 270
53.8486 278
53.86872 273
53.88883 283
53.90894 272
53.92906 288
53.94917 276
53.96929 318
53.9894 288
54.00951 289
54.02963 280
54.04974 277
54.06985 266
54.08997 263
54.11008 277
54.1302 244
54.15031 276
54.17042 252
54.19054 259
54.21065 268
54.23076 300
54.25088 269
54.27099 265
54.29111 280
54.31122 279
54.33133 267
54.35145 251
54.37156 287
54.39167 295
54.41179 292
54.4319 293
54.45201 269
54.47213 278
54.49224 328
54.51236 307
54.53247 275
54.55258 317
54.5727 335
54.59281 346
54.61292 303
54.63304 366
54.65315 369
54.67327 348
54.69338 421
54.71349 459
54.73361 525
54.75372 536
54.77383 658
54.79395 705
54.81406 763
54.83417 828
54.85429 832
54.8744 788
54.89452 681
54.91463 598
54.93474 546
54.95486 594
54.97497 529
54.99508 559
55.0152 528
55.03531 459
55.05543 422
55.07554 389
55.09565 350
55.11577 376
55.13588 314
55.15599 344
55.17611 364
55.19622 388
55.21634 436
55.23645 444
55.25656 503
55.27668 491
55.29679 482
55.3169 503
55.33702 454
55.35713 396
55.37724 397
55.39736 400
55.41747 353
55.43759 371
55.4577 347
55.47781 327
55.49793 342
55.51804 299
55.53815 260
55.55827 299
55.57838 274
55.5985 266
55.61861 244
55.63872 278
55.65884 276
55.67895 265
55.69906 236
55.71918 258
55.73929 265
55.75941 287
55.77952 271
55.79963 261
55.81975 225
55.83986 225
55.85997 249
55.88009 267
55.9002 218
55.92031 220
55.94043 219
55.96054 236
55.98066 257
56.00077 241
56.02088 238
56.041 244
56.06111 186
56.08122 232
56.10134 209
56.12145 234
56.14157 228
56.16168 254
56.18179 246
56.20191 234
56.22202 248
56.24213 248
56.26225 232
56.28236 236
56.30248 234
56.32259 227
56.3427 264
56.36282 219
56.38293 230
56.40304 240
56.42316 203
56.44327 233
56.46338 238
56.4835 245
56.50361 220
56.52373 237
56.54384 227
56.56395 242
56.58407 268
56.60418 255
56.62429 211
56.64441 237
56.66452 259
56.68464 214
56.70475 200
56.72486 250
56.74498 272
56.76509 274
56.7852 251
56.80532 242
56.82543 229
56.84554 240
56.86566 229
56.88577 253
56.90589 230
56.926 222
56.94611 237
56.96623 242
56.98634 233
57.00645 243
57.02657 221
57.04668 249
57.0668 265
57.08691 244
57.10702 264
57.12714 271
57.14725 256
57.16736 302
57.18748 279
57.20759 284
57.22771 258
57.24782 283
57.26793 255
57.28805 237
57.30816 255
57.32827 247
57.34839 260
57.3685 265
57.38861 239
57.40873 242
57.42884 251
57.44896 228
57.46907 228
57.48918 220
57.5093 221
57.52941 229
57.54952 242
57.56964 223
57.58975 227
57.60987 234
57.62998 235
57.65009 261
57.67021 236
57.69032 243
57.71043 239
57.73055 233
57.75066 235
57.77078 236
57.79089 259
57.811 221
57.83112 250
57.85123 230
57.87134 217
57.89146 265
57.91157 248
57.93168 225
57.9518 274
57.97191 218
57.99203 218
58.01214 262
58.03225 216
58.05237 250
58.07248 255
58.09259 207
58.11271 252
58.13282 240
58.15294 227
58.17305 236
58.19316 231
58.21328 238
58.23339 232
58.2535 212
58.27362 249
58.29373 255
58.31385 249
58.33396 220
58.35407 223
58.37419 229
58.3943 254
58.41441 242
58.43453 231
58.45464 236
58.47475 262
58.49487 231
58.51498 244
58.5351 260
58.55521 256
58.57532 236
58.59544 270
58.61555 231
58.63566 221
58.65578 228
58.67589 263
58.69601 222
58.71612 241
58.73623 219
58.75635 250
58.77646 239
58.79657 236
58.81669 249
58.8368 263
58.85691 210
58.87703 256
58.89714 234
58.91726 238
58.93737 232
58.95748 257
58.9776 260
58.99771 244
59.01782 260
59.03794 225
59.05805 214
59.07817 242
59.09828 241
59.11839 231
59.13851 222
59.15862 262
59.17873 239
59.19885 246
59.21896 215
59.23908 246
59.25919 258
59.2793 246
59.29942 254
59.31953 221
59.33964 236
59.35976 227
59.37987 231
59.39998 270
59.4201 236
59.44021 229
59.46033 274
59.48044 264
59.50055 268
59.52067 267
59.54078 288
59.56089 265
59.58101 328
59.60112 317
59.62124 351
59.64135 332
59.66146 356
59.68158 367
59.70169 383
59.7218 478
59.74192 471
59.76203 550
59.78215 660
59.80226 709
59.82237 813
59.84249 962
59.8626 1143
59.88271 1250
59.90283 1401
59.92294 1435
59.94305 1441
59.96317 1350
59.98328 1024
60.0034 833
60.02351 780
60.04362 812
60.06374 875
60.08385 869
60.10396 817
60.12408 748
60.14419 602
60.16431 440
60.18442 354
60.20453 347
60.22465 289
60.24476 302
60.26487 298
60.28499 290
60.3051 300
60.32522 290
60.34533 261
60.36544 269
60.38556 255
60.40567 255
60.42578 246
60.4459 227
60.46601 237
60.48612 243
60.50624 259
60.52635 223
60.54647 252
60.56658 235
60.58669 251
60.60681 261
60.62692 252
60.64703 248
60.66715 252
60.68726 244
60.70738 232
60.72749 208
60.7476 231
60.76772 216
60.78783 254
60.80794 238
60.82806 245
60.84817 240
60.86828 231
60.8884 223
60.90851 266
60.92863 215
60.94874 236
60.96885 208
60.98897 231
61.00908 235
61.02919 239
61.04931 254
61.06942 249
61.08954 239
61.10965 243
61.12976 268
61.14988 252
61.16999 237
61.1901 269
61.21022 235
61.23033 246
61.25045 260
61.27056 259
61.29067 271
61.31079 268
61.3309 262
61.35101 239
61.37113 248
61.39124 244
61.41135 268
61.43147 250
61.45158 261
61.4717 258
61.49181 270
61.51192 295
61.53204 256
61.55215 248
61.57226 278
61.59238 258
61.61249 254
61.63261 273
61.65272 246
61.67283 280
61.69295 260
61.71306 251
61.73317 283
61.75329 289
61.7734 259
61.79352 264
61.81363 278
61.83374 257
61.85386 289
61.87397 262
61.89408 273
61.9142 308
61.93431 276
61.95442 259
61.97454 262
61.99465 264
62.01477 286
62.03488 245
62.05499 305
62.07511 265
62.09522 282
62.11533 255
62.13545 289
62.15556 295
62.17568 298
62.19579 270
62.2159 270
62.23602 297
62.25613 301
62.27624 304
62.29636 271
62.31647 298
62.33659 283
62.3567 311
62.37681 274
62.39693 300
62.41704 281
62.43715 280
62.45727 282
62.47738 260
62.49749 271
62.51761 241
62.53772 253
62.55784 278
62.57795 264
62.59806 226
62.61818 244
62.63829 259
62.6584 253
62.67852 252
62.69863 247
62.71875 248
62.73886 208
62.75897 251
62.77909 257
62.7992 217
62.81931 248
62.83943 230
62.85954 208
62.87965 228
62.89977 237
62.91988 244
62.94 222
62.96011 241
62.98022 248
63.00034 217
63.02045 228
63.04056 217
63.06068 235
63.08079 220
63.10091 217
63.12102 231
63.14113 224
63.16125 243
63.18136 224
63.20147 230
63.22159 197
63.2417 224
63.26182 222
63.28193 216
63.30204 272
63.32216 221
63.34227 244
63.36238 246
63.3825 238
63.40261 204
63.42272 242
63.44284 216
63.46295 232
63.48307 246
63.50318 245
63.52329 239
63.54341 226
63.56352 238
63.58363 261
63.60375 238
63.62386 238
63.64398 242
63.66409 242
63.6842 232
63.70432 250
63.72443 252
63.74454 277
63.76466 246
63.78477 291
63.80489 251
63.825 317
63.84511 311
63.86523 321
63.88534 337
63.90545 330
63.92557 365
63.94568 389
63.96579 382
63.98591 460
64.00602 412
64.02614 458
64.04625 439
64.06636 368
64.08648 331
64.10659 305
64.1267 328
64.14682 302
64.16693 329
64.18705 323
64.20716 314
64.22727 274
64.24739 265
64.2675 245
64.28761 235
64.30773 252
64.32784 268
64.34796 244
64.36807 258
64.38818 261
64.4083 241
64.42841 225
64.44852 208
64.46864 243
64.48875 234
64.50886 221
64.52898 209
64.54909 225
64.56921 226
64.58932 233
64.60943 210
64.62955 222
64.64966 247
64.66977 223
64.68989 213
64.71 232
64.73012 210
64.75023 227
64.77034 229
64.79046 224
64.81057 249
64.83068 234
64.8508 227
64.87091 217
64.89102 229
64.91114 208
64.93125 228
64.95137 218
64.97148 230
64.99159 226
65.01171 228
65.03182 189
65.05193 213
65.07205 237
65.09216 236
65.11228 216
65.13239 243
65.1525 215
65.17262 220
65.19273 226
65.21284 230
65.23296 196
65.25307 229
65.27319 207
65.2933 232
65.31341 225
65.33353 212
65.35364 242
65.37375 234
65.39387 221
65.41398 222
65.43409 221
65.45421 248
65.47432 240
65.49444 240
65.51455 202
65.53466 225
65.55478 259
65.57489 228
65.595 239
65.61512 243
65.63523 245
65.65535 260
65.67546 265
65.69557 238
65.71569 266
65.7358 269
65.75591 291
65.77603 280
65.79614 261
65.81626 269
65.83637 243
65.85648 266
65.8766 261
65.89671 233
65.91682 236
65.93694 252
65.95705 265
65.97716 253
65.99728 225
66.01739 233
66.03751 215
66.05762 230
66.07773 216
66.09785 218
66.11796 224
66.13807 223
66.15819 232
66.1783 207
66.19842 224
66.21853 229
66.23864 221
66.25876 218
66.27887 199
66.29898 216
66.3191 228
66.33921 232
66.35933 229
66.37944 220
66.39955 218
66.41967 212
66.43978 202
66.45989 229
66.48001 217
66.50012 202
66.52023 236
66.54035 202
66.56046 222
66.58058 195
66.60069 226
66.6208 213
66.64092 191
66.66103 203
66.68114 230
66.70126 201
66.72137 199
66.74149 216
66.7616 185
66.78171 235
66.80183 193
66.82194 204
66.84205 220
66.86217 230
66.88228 196
66.90239 213
66.92251 210
66.94262 220
66.96274 199
66.98285 226
67.00296 221
67.02308 248
67.04319 232
67.0633 228
67.08342 210
67.10353 222
67.12365 237
67.14376 230
67.16387 233
67.18399 218
67.2041 234
67.22421 248
67.24433 240
67.26444 241
67.28456 235
67.30467 245
67.32478 256
67.3449 244
67.36501 259
67.38512 304
67.40524 297
67.42535 298
67.44546 301
67.46558 319
67.48569 354
67.50581 360
67.52592 398
67.54603 427
67.56615 481
67.58626 506
67.60637 633
67.62649 683
67.6466 791
67.66672 810
67.68683 886
67.70694 930
67.72706 885
67.74717 881
67.76728 784
67.7874 637
67.80751 624
67.82763 648
67.84774 662
67.86785 650
67.88797 718
67.90808 752
67.92819 726
67.94831 731
67.96842 730
67.98853 720
68.00865 802
68.02876 822
68.04888 915
68.06899 1049
68.0891 1118
68.10922 1139
68.12933 1212
68.14944 1209
68.16956 1027
68.18967 930
68.20979 912
68.2299 999
68.25001 1011
68.27013 1082
68.29024 1087
68.31035 1069
68.33047 945
68.35058 737
68.3707 581
68.39081 526
68.41092 526
68.43104 471
68.45115 447
68.47126 466
68.49138 440
68.51149 407
68.5316 352
68.55172 322
68.57183 299
68.59195 255
68.61206 231
68.63217 257
68.65229 251
68.6724 241
68.69251 249
68.71263 225
68.73274 227
68.75286 240
68.77297 234
68.79308 257
68.8132 204
68.83331 207
68.85342 230
68.87354 238
68.89365 228
68.91376 219
68.93388 208
68.95399 234
68.97411 215
68.99422 209
69.01433 231
69.03445 214
69.05456 210
69.07467 194
69.09479 197
69.1149 242
69.13502 191
69.15513 192
69.17524 212
69.19536 182
69.21547 203
69.23558 203
69.2557 229
69.27581 213
69.29593 248
69.31604 214
69.33615 202
69.35627 223
69.37638 203
69.39649 202
69.41661 210
69.43672 202
69.45683 218
69.47695 220
69.49706 219
69.51718 214
69.53729 204
69.5574 213
69.57752 212
69.59763 200
69.61774 217
69.63786 210
69.65797 194
69.67809 200
69.6982 193
69.71831 231
69.73843 235
69.75854 195
69.77865 211
69.79877 196
69.81888 206
69.839 174
69.85911 197
69.87922 218
69.89934 205
69.91945 231
69.93956 245
69.95968 199
69.97979 197
69.9999 183
70.02002 200
70.04013 186
70.06025 216
70.08036 222
70.10047 203
70.12059 208
70.1407 204
70.16081 203
70.18093 220
70.20104 207
70.22116 201
70.24127 194
70.26138 222
70.2815 222
70.30161 193
70.32172 227
70.34184 198
70.36195 187
70.38207 216
70.40218 180
70.42229 212
70.44241 199
70.46252 218
70.48263 193
70.50275 204
70.52286 240
70.54297 203
70.56309 205
70.5832 180
70.60332 178
70.62343 193
70.64354 207
70.66366 206
70.68377 169
70.70388 178
70.724 191
70.74411 185
70.76423 197
70.78434 188
70.80445 203
70.82457 177
70.84468 208
70.86479 185
70.88491 210
70.90502 190
70.92513 183
70.94525 201
70.96536 201
70.98548 203
71.00559 190
71.0257 206
71.04582 210
71.06593 202
71.08604 200
71.10616 197
71.12627 213
71.14639 194
71.1665 191
71.18661 199
71.20673 215
71.22684 217
71.24695 188
71.26707 209
71.28718 222
71.3073 180
71.32741 178
71.34752 200
71.36764 182
71.38775 203
71.40786 197
71.42798 185
71.44809 207
71.4682 190
71.48832 183
71.50843 203
71.52855 210
71.54866 197
71.56877 216
71.58889 200
71.609 197
71.62911 193
71.64923 210
71.66934 188
71.68946 187
71.70957 194
71.72968 211
71.7498 194
71.76991 193
71.79002 213
71.81014 199
71.83025 190
71.85037 203
71.87048 194
71.89059 232
71.91071 219
71.93082 208
71.95093 197
71.97105 180
71.99116 200
72.01127 202
72.03139 203
72.0515 227
72.07162 220
72.09173 226
72.11184 183
72.13196 201
72.15207 208
72.17218 182
72.1923 201
72.21241 234
72.23253 208
72.25264 216
72.27275 210
72.29287 200
72.31298 197
72.33309 195
72.35321 209
72.37332 207
72.39344 212
72.41355 210
72.43366 204
72.45378 184
72.47389 201
72.494 215
72.51412 212
72.53423 217
72.55434 208
72.57446 220
72.59457 209
72.61469 229
72.6348 185
72.65491 176
72.67503 199
72.69514 206
72.71525 215
72.73537 184
72.75548 201
72.7756 202
72.79571 223
72.81582 210
72.83594 193
72.85605 188
72.87616 188
72.89628 195
72.91639 194
72.9365 203
72.95662 198
72.97673 219
72.99685 206
73.01696 196
73.03707 232
73.05719 228
73.0773 264
73.09741 228
73.11753 251
73.13764 249
73.15776 238
73.17787 245
73.19798 238
73.2181 261
73.23821 261
73.25832 278
73.27844 293
73.29855 292
73.31867 350
73.33878 351
73.35889 371
73.37901 374
73.39912 382
73.41923 414
73.43935 436
73.45946 441
73.47957 351
73.49969 351
73.5198 348
73.53992 289
73.56003 303
73.58014 316
73.60026 283
73.62037 316
73.64048 304
73.6606 306
73.68071 324
73.70083 260
73.72094 251
73.74105 218
73.76117 236
73.78128 231
73.80139 227
73.82151 208
73.84162 225
73.86174 210
73.88185 216
73.90196 184
73.92208 225
73.94219 207
73.9623 206
73.98242 213
74.00253 201
74.02264 213
74.04276 222
74.06287 196
74.08299 207
74.1031 210
74.12321 211
74.14333 234
74.16344 225
74.18355 213
74.20367 230
74.22378 232
74.2439 204
74.26401 223
74.28412 203
74.30424 225
74.32435 211
74.34446 186
74.36458 207
74.38469 212
74.40481 222
74.42492 221
74.44503 196
74.46515 209
74.48526 221
74.50537 233
74.52549 212
74.5456 214
74.56571 201
74.58583 185
74.60594 209
74.62606 214
74.64617 211
74.66628 225
74.6864 197
74.70651 220
74.72662 199
74.74674 209
74.76685 207
74.78697 198
74.80708 200
74.82719 179
74.84731 191
74.86742 191
74.88753 195
74.90765 205
74.92776 200
74.94787 221
74.96799 234
74.9881 183
75.00822 195
