3.00117 21786
3.02128 21168
3.0414 20685
3.06151 19897
3.08162 19836
3.10174 19025
3.12185 18548
3.14197 18348
3.16208 17189
3.18219 17090
3.20231 16270
3.22242 15975
3.24253 15704
3.26265 15108
3.28276 14750
3.30288 14232
3.32299 13912
3.3431 13424
3.36322 12842
3.38333 12416
3.40344 11988
3.42356 11750
3.44367 11465
3.46379 10878
3.4839 10767
3.50401 10184
3.52413 10001
3.54424 9353
3.56435 9106
3.58447 8914
3.60458 8483
3.62469 8313
3.64481 8085
3.66492 7577
3.68504 7398
3.70515 7062
3.72526 6754
3.74538 6383
3.76549 6241
3.7856 6131
3.80572 5936
3.82583 5609
3.84595 5438
3.86606 4982
3.88617 5089
3.90629 4734
3.9264 4635
3.94651 4461
3.96663 4033
3.98674 4097
4.00686 3964
4.02697 3630
4.04708 3618
4.0672 3331
4.08731 3388
4.10742 3206
4.12754 3002
4.14765 2897
4.16776 2781
4.18788 2740
4.20799 2662
4.22811 2387
4.24822 2344
4.26833 2274
4.28845 2278
4.30856 2181
4.32867 2034
4.34879 2049
4.3689 2007
4.38902 2047
4.40913 1910
4.42924 1889
4.44936 1767
4.46947 1698
4.48958 1703
4.5097 1701
4.52981 1509
4.54992 1518
4.57004 1561
4.59015 1493
4.61027 1543
4.63038 1357
4.65049 1386
4.67061 1434
4.69072 1345
4.71083 1408
4.73095 1287
4.75106 1294
4.77118 1226
4.79129 1260
4.8114 1313
4.83152 1145
4.85163 1204
4.87174 1135
4.89186 1064
4.91197 1189
4.93209 1059
4.9522 1059
4.97231 1062
4.99243 1014
5.01254 1101
5.03265 961
5.05277 962
5.07288 953
5.09299 922
5.11311 990
5.13322 872
5.15334 898
5.17345 894
5.19356 892
5.21368 911
5.23379 798
5.2539 829
5.27402 827
5.29413 747
5.31425 814
5.33436 786
5.35447 763
5.37459 783
5.3947 756
5.41481 771
5.43493 725
5.45504 666
5.47516 714
5.49527 714
5.51538 727
5.5355 677
5.55561 656
5.57572 728
5.59584 679
5.61595 659
5.63606 615
5.65618 620
5.67629 678
5.69641 625
5.71652 687
5.73663 608
5.75675 603
5.77686 621
5.79697 536
5.81709 621
5.8372 595
5.85732 589
5.87743 636
5.89754 604
5.91766 578
5.93777 571
5.95788 560
5.978 551
5.99811 586
6.01823 583
6.03834 570
6.05845 570
6.07857 563
6.09868 576
6.11879 515
6.13891 539
6.15902 564
6.17913 515
6.19925 516
6.21936 526
6.23948 548
6.25959 531
6.2797 527
6.29982 511
6.31993 525
6.34004 582
6.36016 503
6.38027 530
6.40039 533
6.4205 458
6.44061 467
6.46073 466
6.48084 512
6.50095 530
6.52107 508
6.54118 467
6.56129 488
6.58141 504
6.60152 490
6.62164 509
6.64175 465
6.66186 452
6.68198 463
6.70209 462
6.7222 454
6.74232 434
6.76243 450
6.78255 502
6.80266 481
6.82277 471
6.84289 463
6.863 453
6.88311 476
6.90323 443
6.92334 465
6.94346 454
6.96357 450
6.98368 424
7.0038 422
7.02391 461
7.04402 440
7.06414 440
7.08425 462
7.10436 468
7.12448 416
7.14459 459
7.16471 438
7.18482 437
7.20493 443
7.22505 473
7.24516 463
7.26527 455
7.28539 448
7.3055 476
7.32562 441
7.34573 467
7.36584 447
7.38596 461
7.40607 484
7.42618 455
7.4463 433
7.46641 472
7.48653 458
7.50664 445
7.52675 477
7.54687 519
7.56698 428
7.58709 449
7.60721 405
7.62732 512
7.64743 455
7.66755 502
7.68766 471
7.70778 487
7.72789 472
7.748 450
7.76812 420
7.78823 489
7.80834 453
7.82846 453
7.84857 482
7.86869 502
7.8888 467
7.90891 505
7.92903 501
7.94914 492
7.96925 466
7.98937 512
8.00948 511
8.0296 493
8.04971 528
8.06982 515
8.08994 497
8.11005 475
8.13016 540
8.15028 520
8.17039 532
8.1905 497
8.21062 557
8.23073 585
8.25085 579
8.27096 542
8.29107 585
8.31119 613
8.3313 603
8.35141 608
8.37153 666
8.39164 643
8.41176 735
8.43187 689
8.45198 752
8.4721 752
8.49221 756
8.51232 785
8.53244 842
8.55255 870
8.57266 880
8.59278 987
8.61289 1039
8.63301 1107
8.65312 1144
8.67323 1159
8.69335 1351
8.71346 1364
8.73357 1441
8.75369 1546
8.7738 1549
8.79392 1571
8.81403 1638
8.83414 1509
8.85426 1531
8.87437 1467
8.89448 1389
8.9146 1158
8.93471 1024
8.95483 809
8.97494 777
8.99505 728
9.01517 681
9.03528 640
9.05539 642
9.07551 550
9.09562 574
9.11573 539
9.13585 583
9.15596 516
9.17608 506
9.19619 489
9.2163 534
9.23642 484
9.25653 490
9.27664 472
9.29676 474
9.31687 446
9.33699 450
9.3571 446
9.37721 452
9.39733 467
9.41744 475
9.43755 426
9.45767 407
9.47778 411
9.4979 430
9.51801 434
9.53812 395
9.55824 448
9.57835 418
9.59846 411
9.61858 429
9.63869 431
9.6588 411
9.67892 397
9.69903 412
9.71915 402
9.73926 396
9.75937 401
9.77949 409
9.7996 422
9.81971 418
9.83983 433
9.85994 380
9.88006 424
9.90017 394
9.92028 414
9.9404 411
9.96051 409
9.98062 355
10.00074 393
10.02085 402
10.04097 372
10.06108 369
10.08119 413
10.10131 350
10.12142 396
10.14153 374
10.16165 381
10.18176 404
10.20187 417
10.22199 406
10.2421 377
10.26222 390
10.28233 374
10.30244 402
10.32256 411
10.34267 400
10.36278 400
10.3829 425
10.40301 378
10.42313 364
10.44324 414
10.46335 402
10.48347 410
10.50358 357
10.52369 386
10.54381 406
10.56392 384
10.58403 371
10.60415 394
10.62426 393
10.64438 378
10.66449 369
10.6846 378
10.70472 387
10.72483 398
10.74494 394
10.76506 381
10.78517 408
10.80529 383
10.8254 391
10.84551 424
10.86563 378
10.88574 375
10.90585 372
10.92597 386
10.94608 386
10.9662 420
10.98631 402
11.00642 419
11.02654 401
11.04665 353
11.06676 375
11.08688 398
11.10699 380
11.1271 384
11.14722 381
11.16733 409
11.18745 423
11.20756 424
11.22767 375
11.24779 369
11.2679 392
11.28801 409
11.30813 386
11.32824 439
11.34836 412
11.36847 402
11.38858 365
11.4087 375
11.42881 395
11.44892 405
11.46904 383
11.48915 325
11.50927 366
11.52938 415
11.54949 392
11.56961 432
11.58972 417
11.60983 376
11.62995 368
11.65006 383
11.67017 394
11.69029 409
11.7104 384
11.73052 402
11.75063 422
11.77074 454
11.79086 412
11.81097 376
11.83108 383
11.8512 404
11.87131 406
11.89143 387
11.91154 370
11.93165 440
11.95177 400
11.97188 442
11.99199 487
12.01211 414
12.03222 469
12.05234 405
12.07245 436
12.09256 490
12.11268 445
12.13279 474
12.1529 461
12.17302 466
12.19313 466
12.21324 456
12.23336 442
12.25347 481
12.27359 454
12.2937 453
12.31381 467
12.33393 456
12.35404 460
12.37415 468
12.39427 478
12.41438 429
12.4345 449
12.45461 462
12.47472 392
12.49484 419
12.51495 427
12.53506 413
12.55518 415
12.57529 421
12.5954 387
12.61552 393
12.63563 374
12.65575 388
12.67586 371
12.69597 386
12.71609 405
12.7362 364
12.75631 392
12.77643 398
12.79654 399
12.81666 401
12.83677 399
12.85688 383
12.877 364
12.89711 338
12.91722 365
12.93734 354
12.95745 359
12.97757 364
12.99768 376
13.01779 402
13.03791 396
13.05802 381
13.07813 376
13.09825 392
13.11836 351
13.13847 350
13.15859 362
13.1787 392
13.19882 342
13.21893 386
13.23904 390
13.25916 359
13.27927 349
13.29938 365
13.3195 349
13.33961 373
13.35973 332
13.37984 354
13.39995 360
13.42007 334
13.44018 369
13.46029 352
13.48041 382
13.50052 374
13.52064 351
13.54075 363
13.56086 369
13.58098 374
13.60109 398
13.6212 404
13.64132 380
13.66143 364
13.68154 327
13.70166 395
13.72177 397
13.74189 423
13.762 351
13.78211 413
13.80223 443
13.82234 351
13.84245 403
13.86257 458
13.88268 443
13.9028 416
13.92291 388
13.94302 399
13.96314 355
13.98325 379
14.00336 389
14.02348 383
14.04359 376
14.06371 380
14.08382 339
14.10393 415
14.12405 373
14.14416 372
14.16427 347
14.18439 380
14.2045 334
14.22461 355
14.24473 358
14.26484 361
14.28496 334
14.30507 369
14.32518 344
14.3453 361
14.36541 323
14.38552 363
14.40564 320
14.42575 309
14.44587 364
14.46598 338
14.48609 355
14.50621 378
14.52632 397
14.54643 335
14.56655 371
14.58666 338
14.60677 351
14.62689 387
14.647 368
14.66712 354
14.68723 383
14.70734 358
14.72746 368
14.74757 352
14.76768 360
14.7878 349
14.80791 371
14.82803 346
14.84814 335
14.86825 338
14.88837 378
14.90848 380
14.92859 368
14.94871 341
14.96882 369
14.98894 341
15.00905 374
15.02916 346
15.04928 356
15.06939 364
15.0895 381
15.10962 358
15.12973 340
15.14984 348
15.16996 347
15.19007 360
15.21019 358
15.2303 355
15.25041 327
15.27053 344
15.29064 370
15.31075 381
15.33087 350
15.35098 334
15.3711 342
15.39121 316
15.41132 333
15.43144 354
15.45155 322
15.47166 379
15.49178 338
15.51189 303
15.53201 350
15.55212 304
15.57223 388
15.59235 326
15.61246 355
15.63257 402
15.65269 315
15.6728 361
15.69291 367
15.71303 332
15.73314 359
15.75326 374
15.77337 322
15.79348 349
15.8136 330
15.83371 395
15.85382 350
15.87394 354
15.89405 347
15.91417 383
15.93428 350
15.95439 336
15.97451 364
15.99462 346
16.01473 316
16.03485 369
16.05496 341
16.07508 326
16.09519 314
16.1153 361
16.13542 335
16.15553 368
16.17564 357
16.19576 325
16.21587 361
16.23598 358
16.2561 362
16.27621 363
16.29633 328
16.31644 354
16.33655 350
16.35667 381
16.37678 322
16.39689 375
16.41701 346
16.43712 309
16.45724 359
16.47735 351
16.49746 367
16.51758 398
16.53769 358
16.5578 313
16.57792 373
16.59803 313
16.61814 336
16.63826 314
16.65837 334
16.67849 353
16.6986 347
16.71871 336
16.73883 353
16.75894 367
16.77905 355
16.79917 378
16.81928 353
16.8394 335
16.85951 342
16.87962 354
16.89974 341
16.91985 366
16.93996 326
16.96008 363
16.98019 349
17.00031 378
17.02042 367
17.04053 365
17.06065 361
17.08076 368
17.10087 338
17.12099 352
17.1411 363
17.16121 347
17.18133 359
17.20144 354
17.22156 358
17.24167 358
17.26178 358
17.2819 353
17.30201 357
17.32212 353
17.34224 406
17.36235 355
17.38247 352
17.40258 361
17.42269 376
17.44281 362
17.46292 371
17.48303 353
17.50315 353
17.52326 385
17.54338 371
17.56349 379
17.5836 393
17.60372 421
17.62383 405
17.64394 425
17.66406 425
17.68417 461
17.70428 450
17.7244 491
17.74451 509
17.76463 422
17.78474 527
17.80485 445
17.82497 407
17.84508 405
17.86519 402
17.88531 365
17.90542 389
17.92554 304
17.94565 347
17.96576 360
17.98588 380
18.00599 380
18.0261 328
18.04622 350
18.06633 407
18.08645 314
18.10656 349
18.12667 357
18.14679 372
18.1669 348
18.18701 385
18.20713 367
18.22724 355
18.24735 382
18.26747 369
18.28758 401
18.3077 337
18.32781 394
18.34792 349
18.36804 386
18.38815 344
18.40826 318
18.42838 353
18.44849 339
18.46861 387
18.48872 369
18.50883 387
18.52895 354
18.54906 361
18.56917 340
18.58929 369
18.6094 367
18.62951 370
18.64963 355
18.66974 377
18.68986 366
18.70997 365
18.73008 371
18.7502 363
18.77031 386
18.79042 359
18.81054 393
18.83065 379
18.85077 375
18.87088 357
18.89099 357
18.91111 368
18.93122 389
18.95133 396
18.97145 389
18.99156 372
19.01168 385
19.03179 358
19.0519 370
19.07202 395
19.09213 389
19.11224 418
19.13236 448
19.15247 439
19.17258 501
19.1927 495
19.21281 528
19.23293 545
19.25304 543
19.27315 566
19.29327 512
19.31338 512
19.33349 547
19.35361 525
19.37372 555
19.39384 469
19.41395 517
19.43406 507
19.45418 505
19.47429 511
19.4944 545
19.51452 528
19.53463 495
19.55475 537
19.57486 522
19.59497 558
19.61509 570
19.6352 587
19.65531 568
19.67543 578
19.69554 627
19.71565 726
19.73577 716
19.75588 709
19.776 754
19.79611 747
19.81622 770
19.83634 758
19.85645 765
19.87656 769
19.89668 778
19.91679 695
19.93691 718
19.95702 690
19.97713 639
19.99725 629
20.01736 606
20.03747 644
20.05759 609
20.0777 588
20.09782 578
20.11793 563
20.13804 549
20.15816 604
20.17827 603
20.19838 540
20.2185 555
20.23861 539
20.25872 524
20.27884 569
20.29895 531
20.31907 541
20.33918 530
20.35929 528
20.37941 521
20.39952 578
20.41963 525
20.43975 582
20.45986 534
20.47998 554
20.50009 559
20.5202 549
20.54032 584
20.56043 625
20.58054 621
20.60066 703
20.62077 673
20.64088 677
20.661 770
20.68111 801
20.70123 906
20.72134 1035
20.74145 1181
20.76157 1373
20.78168 1610
20.80179 1820
20.82191 1795
20.84202 2027
20.86214 1936
20.88225 1655
20.90236 1359
20.92248 1054
20.94259 861
20.9627 758
20.98282 629
21.00293 613
21.02305 536
21.04316 558
21.06327 539
21.08339 576
21.1035 534
21.12361 589
21.14373 543
21.16384 523
21.18395 502
21.20407 502
21.22418 495
21.2443 510
21.26441 442
21.28452 527
21.30464 584
21.32475 481
21.34486 484
21.36498 461
21.38509 502
21.40521 508
21.42532 497
21.44543 498
21.46555 494
21.48566 528
21.50577 502
21.52589 528
21.546 511
21.56612 535
21.58623 513
21.60634 525
21.62646 515
21.64657 501
21.66668 489
21.6868 528
21.70691 523
21.72702 516
21.74714 464
21.76725 509
21.78737 527
21.80748 497
21.82759 560
21.84771 550
21.86782 540
21.88793 612
21.90805 669
21.92816 672
21.94828 682
21.96839 780
21.9885 814
22.00862 805
22.02873 748
22.04884 714
22.06896 696
22.08907 589
22.10919 546
22.1293 526
22.14941 481
22.16953 512
22.18964 480
22.20975 485
22.22987 486
22.24998 509
22.27009 490
22.29021 523
22.31032 483
22.33044 527
22.35055 433
22.37066 462
22.39078 474
22.41089 492
22.431 509
22.45112 488
22.47123 506
22.49135 492
22.51146 481
22.53157 534
22.55169 471
22.5718 468
22.59191 479
22.61203 509
22.63214 440
22.65225 510
22.67237 513
22.69248 518
22.7126 498
22.73271 527
22.75282 524
22.77294 538
22.79305 529
22.81316 562
22.83328 546
22.85339 580
22.87351 573
22.89362 604
22.91373 519
22.93385 590
22.95396 598
22.97407 530
22.99419 510
23.0143 560
23.03442 535
23.05453 486
23.07464 472
23.09476 491
23.11487 469
23.13498 450
23.1551 480
23.17521 505
23.19532 483
23.21544 521
23.23555 475
23.25567 474
23.27578 502
23.29589 494
23.31601 498
23.33612 488
23.35623 503
23.37635 498
23.39646 485
23.41658 532
23.43669 486
23.4568 572
23.47692 592
23.49703 589
23.51714 607
23.53726 630
23.55737 592
23.57749 626
23.5976 592
23.61771 572
23.63783 595
23.65794 559
23.67805 543
23.69817 575
23.71828 579
23.73839 554
23.75851 592
23.77862 563
23.79874 546
23.81885 556
23.83896 629
23.85908 597
23.87919 571
23.8993 620
23.91942 572
23.93953 623
23.95965 589
23.97976 602
23.99987 609
24.01999 596
24.0401 603
24.06021 590
24.08033 646
24.10044 630
24.12056 665
24.14067 687
24.16078 679
24.1809 676
24.20101 708
24.22112 760
24.24124 722
24.26135 717
24.28146 785
24.30158 752
24.32169 693
24.34181 645
24.36192 654
24.38203 625
24.40215 582
24.42226 542
24.44237 590
24.46249 522
24.4826 541
24.50272 546
24.52283 535
24.54294 510
24.56306 495
24.58317 515
24.60328 521
24.6234 529
24.64351 528
24.66362 512
24.68374 491
24.70385 529
24.72397 465
24.74408 521
24.76419 514
24.78431 503
24.80442 506
24.82453 492
24.84465 569
24.86476 551
24.88488 534
24.90499 528
24.9251 542
24.94522 534
24.96533 511
24.98544 534
25.00556 554
25.02567 531
25.04579 521
25.0659 531
25.08601 543
25.10613 544
25.12624 523
25.14635 521
25.16647 593
25.18658 518
25.20669 526
25.22681 571
25.24692 511
25.26704 578
25.28715 580
25.30726 593
25.32738 609
25.34749 609
25.3676 633
25.38772 630
25.40783 641
25.42795 648
25.44806 691
25.46817 721
25.48829 678
25.5084 771
25.52851 665
25.54863 697
25.56874 668
25.58886 632
25.60897 713
25.62908 633
25.6492 677
25.66931 635
25.68942 660
25.70954 667
25.72965 596
25.74976 616
25.76988 632
25.78999 643
25.81011 579
25.83022 577
25.85033 585
25.87045 595
25.89056 646
25.91067 547
25.93079 664
25.9509 624
25.97102 649
25.99113 659
26.01124 663
26.03136 640
26.05147 739
26.07158 716
26.0917 744
26.11181 719
26.13193 721
26.15204 835
26.17215 817
26.19227 833
26.21238 900
26.23249 927
26.25261 966
26.27272 986
26.29283 1077
26.31295 1095
26.33306 1207
26.35318 1312
26.37329 1416
26.3934 1600
26.41352 1937
26.43363 2163
26.45374 2525
26.47386 2975
26.49397 3602
26.51409 4437
26.5342 5315
26.55431 6036
26.57443 7049
26.59454 7648
26.61465 7781
26.63477 7429
26.65488 6573
26.67499 5136
26.69511 4187
26.71522 3303
26.73534 2312
26.75545 1745
26.77556 1485
26.79568 1187
26.81579 1065
26.8359 950
26.85602 900
26.87613 842
26.89625 795
26.91636 828
26.93647 708
26.95659 682
26.9767 692
26.99681 668
27.01693 635
27.03704 638
27.05716 654
27.07727 533
27.09738 590
27.1175 597
27.13761 591
27.15772 562
27.17784 536
27.19795 593
27.21806 579
27.23818 569
27.25829 527
27.27841 546
27.29852 557
27.31863 575
27.33875 576
27.35886 597
27.37897 568
27.39909 604
27.4192 642
27.43932 570
27.45943 576
27.47954 632
27.49966 619
27.51977 636
27.53988 596
27.56 646
27.58011 669
27.60023 716
27.62034 708
27.64045 751
27.66057 838
27.68068 889
27.70079 1026
27.72091 1036
27.74102 1100
27.76113 1057
27.78125 1117
27.80136 1198
27.82148 1180
27.84159 1200
27.8617 1238
27.88182 1257
27.90193 1243
27.92204 1226
27.94216 1191
27.96227 1113
27.98239 1034
28.0025 993
28.02261 956
28.04273 842
28.06284 827
28.08295 708
28.10307 760
28.12318 726
28.1433 730
28.16341 786
28.18352 718
28.20364 700
28.22375 695
28.24386 725
28.26398 749
28.28409 697
28.3042 724
28.32432 691
28.34443 651
28.36455 662
28.38466 635
28.40477 617
28.42489 638
28.445 547
28.46511 518
28.48523 567
28.50534 546
28.52546 526
28.54557 523
28.56568 547
28.5858 561
28.60591 518
28.62602 483
28.64614 501
28.66625 495
28.68636 511
28.70648 496
28.72659 447
28.74671 480
28.76682 458
28.78693 488
28.80705 467
28.82716 474
28.84727 471
28.86739 461
28.8875 427
28.90762 459
28.92773 434
28.94784 457
28.96796 482
28.98807 423
29.00818 461
29.0283 488
29.04841 483
29.06853 489
29.08864 497
29.10875 502
29.12887 542
29.14898 495
29.16909 486
29.18921 446
29.20932 479
29.22943 457
29.24955 468
29.26966 438
29.28978 448
29.30989 459
29.33 457
29.35012 464
29.37023 480
29.39034 454
29.41046 525
29.43057 476
29.45069 456
29.4708 479
29.49091 473
29.51103 458
29.53114 503
29.55125 545
29.57137 512
29.59148 519
29.6116 506
29.63171 483
29.65182 529
29.67194 539
29.69205 533
29.71216 555
29.73228 579
29.75239 539
29.7725 605
29.79262 607
29.81273 551
29.83285 618
29.85296 571
29.87307 596
29.89319 615
29.9133 557
29.93341 564
29.95353 556
29.97364 530
29.99376 531
30.01387 544
30.03398 505
30.0541 524
30.07421 519
30.09432 495
30.11444 495
30.13455 496
30.15467 511
30.17478 532
30.19489 503
30.21501 464
30.23512 568
30.25523 548
30.27535 540
30.29546 553
30.31557 579
30.33569 610
30.3558 585
30.37592 624
30.39603 589
30.41614 577
30.43626 598
30.45637 579
30.47648 632
30.4966 557
30.51671 620
30.53683 576
30.55694 544
30.57705 522
30.59717 512
30.61728 525
30.63739 523
30.65751 493
30.67762 509
30.69773 470
30.71785 461
30.73796 466
30.75808 481
30.77819 504
30.7983 481
30.81842 430
30.83853 429
30.85864 441
30.87876 471
30.89887 432
30.91899 422
30.9391 413
30.95921 442
30.97933 443
30.99944 454
31.01955 447
31.03967 487
31.05978 450
31.0799 527
31.10001 483
31.12012 447
31.14024 490
31.16035 517
31.18046 525
31.20058 519
31.22069 541
31.2408 525
31.26092 554
31.28103 509
31.30115 525
31.32126 473
31.34137 447
31.36149 464
31.3816 483
31.40171 487
31.42183 450
31.44194 420
31.46206 456
31.48217 484
31.50228 416
31.5224 416
31.54251 430
31.56262 405
31.58274 396
31.60285 375
31.62297 402
31.64308 402
31.66319 435
31.68331 434
31.70342 404
31.72353 406
31.74365 389
31.76376 398
31.78387 410
31.80399 419
31.8241 411
31.84422 447
31.86433 452
31.88444 428
31.90456 468
31.92467 450
31.94478 454
31.9649 430
31.98501 436
32.00513 467
32.02524 437
32.04535 414
32.06547 473
32.08558 452
32.10569 450
32.12581 395
32.14592 409
32.16604 435
32.18615 406
32.20626 387
32.22638 385
32.24649 392
32.2666 357
32.28672 407
32.30683 404
32.32694 407
32.34706 419
32.36717 393
32.38729 367
32.4074 407
32.42751 405
32.44763 400
32.46774 386
32.48785 382
32.50797 417
32.52808 386
32.5482 393
32.56831 404
32.58842 390
32.60854 467
32.62865 418
32.64876 426
32.66888 442
32.68899 428
32.7091 434
32.72922 416
32.74933 400
32.76945 425
32.78956 473
32.80967 436
32.82979 435
32.8499 399
32.87001 432
32.89013 459
32.91024 459
32.93036 441
32.95047 452
32.97058 440
32.9907 463
33.01081 437
33.03092 491
33.05104 473
33.07115 447
33.09127 453
33.11138 487
33.13149 497
33.15161 447
33.17172 440
33.19183 453
33.21195 476
33.23206 458
33.25217 461
33.27229 478
33.2924 429
33.31252 453
33.33263 446
33.35274 438
33.37286 426
33.39297 420
33.41308 433
33.4332 413
33.45331 461
33.47343 427
33.49354 425
33.51365 428
33.53377 415
33.55388 421
33.57399 449
33.59411 471
33.61422 449
33.63434 465
33.65445 497
33.67456 536
33.69468 496
33.71479 518
33.7349 524
33.75502 569
33.77513 591
33.79524 604
33.81536 621
33.83547 580
33.85559 612
33.8757 599
33.89581 636
33.91593 687
33.93604 672
33.95615 674
33.97627 668
33.99638 762
34.0165 817
34.03661 807
34.05672 873
34.07684 929
34.09695 949
34.11706 1034
34.13718 997
34.15729 1015
34.17741 1056
34.19752 1065
34.21763 964
34.23775 928
34.25786 877
34.27797 860
34.29809 817
34.3182 771
34.33831 708
34.35843 682
34.37854 664
34.39866 627
34.41877 622
34.43888 599
34.459 595
34.47911 571
34.49922 637
34.51934 592
34.53945 586
34.55957 586
34.57968 629
34.59979 586
34.61991 569
34.64002 590
34.66013 621
34.68025 590
34.70036 611
34.72047 587
34.74059 659
34.7607 588
34.78082 656
34.80093 678
34.82104 688
34.84116 670
34.86127 707
34.88138 683
34.9015 703
34.92161 679
34.94173 739
34.96184 773
34.98195 735
35.00207 750
35.02218 677
35.04229 630
35.06241 730
35.08252 611
35.10264 626
35.12275 657
35.14286 602
35.16298 565
35.18309 571
35.2032 571
35.22332 558
35.24343 549
35.26354 533
35.28366 557
35.30377 571
35.32389 519
35.344 527
35.36411 555
35.38423 501
35.40434 501
35.42445 516
35.44457 563
35.46468 554
35.4848 521
35.50491 556
35.52502 578
35.54514 535
35.56525 572
35.58536 532
35.60548 558
35.62559 573
35.64571 560
35.66582 607
35.68593 555
35.70605 592
35.72616 552
35.74627 562
35.76639 581
35.7865 542
35.80661 579
35.82673 554
35.84684 512
35.86696 530
35.88707 517
35.90718 525
35.9273 554
35.94741 504
35.96752 515
35.98764 506
36.00775 506
36.02787 492
36.04798 494
36.06809 509
36.08821 511
36.10832 477
36.12843 495
36.14855 559
36.16866 488
36.18878 507
36.20889 482
36.229 487
36.24912 541
36.26923 486
36.28934 573
36.30946 567
36.32957 572
36.34968 657
36.3698 706
36.38991 716
36.41003 730
36.43014 865
36.45025 831
36.47037 938
36.49048 1038
36.51059 991
36.53071 1019
36.55082 996
36.57094 952
36.59105 812
36.61116 803
36.63128 743
36.65139 740
36.6715 759
36.69162 679
36.71173 687
36.73184 675
36.75196 747
36.77207 741
36.79219 721
36.8123 752
36.83241 732
36.85253 739
36.87264 734
36.89275 767
36.91287 698
36.93298 721
36.9531 709
36.97321 722
36.99332 699
37.01344 633
37.03355 616
37.05366 554
37.07378 560
37.09389 556
37.11401 541
37.13412 539
37.15423 529
37.17435 546
37.19446 502
37.21457 488
37.23469 478
37.2548 467
37.27491 444
37.29503 473
37.31514 510
37.33526 458
37.35537 476
37.37548 483
37.3956 492
37.41571 480
37.43582 487
37.45594 483
37.47605 433
37.49617 491
37.51628 461
37.53639 503
37.55651 468
37.57662 466
37.59673 491
37.61685 482
37.63696 456
37.65708 500
37.67719 443
37.6973 468
37.71742 486
37.73753 484
37.75764 494
37.77776 509
37.79787 501
37.81798 444
37.8381 447
37.85821 461
37.87833 465
37.89844 470
37.91855 428
37.93867 407
37.95878 421
37.97889 419
37.99901 412
38.01912 472
38.03924 435
38.05935 428
38.07946 435
38.09958 462
38.11969 429
38.1398 495
38.15992 456
38.18003 463
38.20015 441
38.22026 477
38.24037 469
38.26049 438
38.2806 449
38.30071 461
38.32083 431
38.34094 427
38.36105 445
38.38117 427
38.40128 429
38.4214 448
38.44151 448
38.46162 444
38.48174 416
38.50185 449
38.52196 406
38.54208 411
38.56219 427
38.58231 407
38.60242 448
38.62253 435
38.64265 435
38.66276 419
38.68287 423
38.70299 409
38.7231 433
38.74321 402
38.76333 432
38.78344 400
38.80356 427
38.82367 414
38.84378 461
38.8639 452
38.88401 451
38.90412 450
38.92424 459
38.94435 477
38.96447 460
38.98458 513
39.00469 449
39.02481 465
39.04492 469
39.06503 528
39.08515 524
39.10526 517
39.12538 491
39.14549 527
39.1656 479
39.18572 523
39.20583 531
39.22594 524
39.24606 536
39.26617 561
39.28628 578
39.3064 631
39.32651 662
39.34663 721
39.36674 721
39.38685 824
39.40697 805
39.42708 880
39.44719 798
39.46731 826
39.48742 749
39.50754 682
39.52765 689
39.54776 664
39.56788 629
39.58799 562
39.6081 505
39.62822 532
39.64833 466
39.66845 480
39.68856 496
39.70867 480
39.72879 480
39.7489 494
39.76901 489
39.78913 478
39.80924 473
39.82935 462
39.84947 473
39.86958 491
39.8897 467
39.90981 502
39.92992 507
39.95004 491
39.97015 499
39.99026 527
40.01038 512
40.03049 473
40.05061 530
40.07072 538
40.09083 533
40.11095 516
40.13106 512
40.15117 526
40.17129 545
40.1914 554
40.21152 572
40.23163 635
40.25174 680
40.27186 603
40.29197 595
40.31208 582
40.3322 551
40.35231 538
40.37242 554
40.39254 477
40.41265 500
40.43277 472
40.45288 463
40.47299 426
40.49311 432
40.51322 384
40.53333 418
40.55345 401
40.57356 412
40.59368 409
40.61379 450
40.6339 441
40.65402 414
40.67413 406
40.69424 450
40.71436 435
40.73447 452
40.75458 457
40.7747 450
40.79481 406
40.81493 452
40.83504 452
40.85515 444
40.87527 454
40.89538 438
40.91549 444
40.93561 457
40.95572 455
40.97584 455
40.99595 434
41.01606 475
41.03618 453
41.05629 489
41.0764 459
41.09652 476
41.11663 513
41.13675 476
41.15686 467
41.17697 508
41.19709 499
41.2172 524
41.23731 565
41.25743 545
41.27754 579
41.29765 548
41.31777 576
41.33788 593
41.358 598
41.37811 595
41.39822 585
41.41834 542
41.43845 618
41.45856 584
41.47868 564
41.49879 576
41.51891 606
41.53902 528
41.55913 579
41.57925 531
41.59936 521
41.61947 558
41.63959 573
41.6597 512
41.67982 500
41.69993 484
41.72004 509
41.74016 486
41.76027 471
41.78038 488
41.8005 472
41.82061 466
41.84072 481
41.86084 469
41.88095 444
41.90107 485
41.92118 471
41.94129 454
41.96141 446
41.98152 468
42.00163 475
42.02175 442
42.04186 460
42.06198 456
42.08209 474
42.1022 466
42.12232 419
42.14243 503
42.16254 447
42.18266 498
42.20277 544
42.22289 506
42.243 575
42.26311 530
42.28323 622
42.30334 629
42.32345 613
42.34357 644
42.36368 700
42.38379 737
42.40391 784
42.42402 735
42.44414 703
42.46425 669
42.48436 632
42.50448 576
42.52459 520
42.5447 534
42.56482 483
42.58493 443
42.60505 462
42.62516 373
42.64527 420
42.66539 419
42.6855 425
42.70561 396
42.72573 395
42.74584 409
42.76595 398
42.78607 351
42.80618 413
42.8263 444
42.84641 369
42.86652 381
42.88664 391
42.90675 352
42.92686 370
42.94698 392
42.96709 400
42.98721 397
43.00732 386
43.02743 344
43.04755 321
43.06766 357
43.08777 396
43.10789 384
43.128 349
43.14812 399
43.16823 410
43.18834 394
43.20846 353
43.22857 382
43.24868 380
43.2688 329
43.28891 370
43.30902 344
43.32914 357
43.34925 359
43.36937 381
43.38948 373
43.40959 349
43.42971 348
43.44982 370
43.46993 349
43.49005 352
43.51016 317
43.53028 319
43.55039 414
43.5705 351
43.59062 336
43.61073 359
43.63084 355
43.65096 351
43.67107 340
43.69119 352
43.7113 369
43.73141 376
43.75153 333
43.77164 353
43.79175 365
43.81187 367
43.83198 325
43.85209 326
43.87221 418
43.89232 347
43.91244 383
43.93255 353
43.95266 349
43.97278 394
43.99289 354
44.013 370
44.03312 323
44.05323 343
44.07335 366
44.09346 366
44.11357 346
44.13369 386
44.1538 377
44.17391 379
44.19403 341
44.21414 380
44.23426 376
44.25437 352
44.27448 356
44.2946 395
44.31471 361
44.33482 397
44.35494 366
44.37505 362
44.39516 416
44.41528 353
44.43539 356
44.45551 393
44.47562 352
44.49573 386
44.51585 377
44.53596 372
44.55607 395
44.57619 411
44.5963 410
44.61642 386
44.63653 401
44.65664 417
44.67676 398
44.69687 450
44.71698 401
44.7371 393
44.75721 403
44.77732 445
44.79744 449
44.81755 424
44.83767 431
44.85778 386
44.87789 442
44.89801 462
44.91812 426
44.93823 474
44.95835 472
44.97846 474
44.99858 422
45.01869 458
45.0388 465
45.05892 483
45.07903 501
45.09914 466
45.11926 479
45.13937 505
45.15949 546
45.1796 508
45.19971 509
45.21983 512
45.23994 499
45.26005 513
45.28017 526
45.30028 572
45.32039 553
45.34051 528
45.36062 550
45.38074 514
45.40085 577
45.42096 534
45.44108 545
45.46119 528
45.4813 487
45.50142 521
45.52153 514
45.54165 490
45.56176 501
45.58187 522
45.60199 521
45.6221 524
45.64221 519
45.66233 533
45.68244 503
45.70256 585
45.72267 601
45.74278 603
45.7629 593
45.78301 598
45.80312 564
45.82324 507
45.84335 502
45.86346 500
45.88358 513
45.90369 473
45.92381 463
45.94392 434
45.96403 411
45.98415 383
46.00426 405
46.02437 421
46.04449 427
46.0646 401
46.08472 414
46.10483 401
46.12494 409
46.14506 396
46.16517 412
46.18528 380
46.2054 408
46.22551 411
46.24563 373
46.26574 366
46.28585 376
46.30597 391
46.32608 375
46.34619 405
46.36631 365
46.38642 355
46.40653 378
46.42665 402
46.44676 408
46.46688 380
46.48699 365
46.5071 371
46.52722 360
46.54733 383
46.56744 375
46.58756 370
46.60767 366
46.62779 384
46.6479 388
46.66801 348
46.68813 338
46.70824 370
46.72835 373
46.74847 353
46.76858 364
46.78869 396
46.80881 369
46.82892 404
46.84904 398
46.86915 367
46.88926 341
46.90938 389
46.92949 380
46.9496 372
46.96972 369
46.98983 409
47.00995 387
47.03006 371
47.05017 376
47.07029 399
47.0904 343
47.11051 395
47.13063 383
47.15074 368
47.17086 338
47.19097 379
47.21108 380
47.2312 387
47.25131 338
47.27142 386
47.29154 363
47.31165 357
47.33176 367
47.35188 398
47.37199 393
47.39211 372
47.41222 397
47.43233 377
47.45245 419
47.47256 400
47.49267 390
47.51279 394
47.5329 404
47.55302 380
47.57313 388
47.59324 374
47.61336 387
47.63347 397
47.65358 401
47.6737 376
47.69381 360
47.71393 375
47.73404 352
47.75415 364
47.77427 343
47.79438 357
47.81449 357
47.83461 353
47.85472 402
47.87483 377
47.89495 376
47.91506 360
47.93518 354
47.95529 380
47.9754 365
47.99552 370
48.01563 395
48.03574 354
48.05586 372
48.07597 363
48.09609 342
48.1162 369
48.13631 368
48.15643 358
48.17654 347
48.19665 345
48.21677 370
48.23688 388
48.257 363
48.27711 359
48.29722 387
48.31734 322
48.33745 374
48.35756 367
48.37768 321
48.39779 360
48.4179 341
48.43802 364
48.45813 325
48.47825 373
48.49836 354
48.51847 348
48.53859 325
48.5587 369
48.57881 363
48.59893 334
48.61904 352
48.63916 356
48.65927 329
48.67938 355
48.6995 373
48.71961 348
48.73972 347
48.75984 350
48.77995 341
48.80006 327
48.82018 364
48.84029 343
48.86041 345
48.88052 368
48.90063 323
48.92075 332
48.94086 347
48.96097 372
48.98109 342
49.0012 368
49.02132 389
49.04143 384
49.06154 325
49.08166 362
49.10177 354
49.12188 372
49.142 373
49.16211 401
49.18223 372
49.20234 383
49.22245 372
49.24257 422
49.26268 383
49.28279 394
49.30291 353
49.32302 373
49.34313 378
49.36325 329
49.38336 365
49.40348 353
49.42359 372
49.4437 365
49.46382 353
49.48393 331
49.50404 399
49.52416 364
49.54427 364
49.56439 418
49.5845 379
49.60461 380
49.62473 406
49.64484 392
49.66495 393
49.68507 416
49.70518 433
49.7253 426
49.74541 423
49.76552 448
49.78564 420
49.80575 463
49.82586 517
49.84598 500
49.86609 554
49.8862 528
49.90632 571
49.92643 628
49.94655 711
49.96666 682
49.98677 756
50.00689 840
50.027 867
50.04711 949
50.06723 957
50.08734 1007
50.10746 1061
50.12757 934
50.14768 795
50.1678 764
50.18791 687
50.20802 699
50.22814 650
50.24825 558
50.26837 546
50.28848 525
50.30859 410
50.32871 429
50.34882 393
50.36893 367
50.38905 360
50.40916 382
50.42927 398
50.44939 384
50.4695 326
50.48962 370
50.50973 344
50.52984 382
50.54996 367
50.57007 384
50.59018 396
50.6103 387
50.63041 402
50.65053 349
50.67064 390
50.69075 390
50.71087 376
50.73098 338
50.75109 370
50.77121 342
50.79132 330
50.81143 348
50.83155 346
50.85166 326
50.87178 367
50.89189 339
50.912 355
50.93212 341
50.95223 343
50.97234 366
50.99246 329
51.01257 351
51.03269 376
51.0528 355
51.07291 394
51.09303 368
51.11314 394
51.13325 360
51.15337 359
51.17348 351
51.1936 396
51.21371 376
51.23382 362
51.25394 378
51.27405 364
51.29416 368
51.31428 380
51.33439 324
51.3545 352
51.37462 347
51.39473 342
51.41485 348
51.43496 342
51.45507 337
51.47519 316
51.4953 323
51.51541 325
51.53553 348
51.55564 342
51.57576 339
51.59587 306
51.61598 355
51.6361 330
51.65621 356
51.67632 349
51.69644 351
51.71655 311
51.73667 343
51.75678 353
51.77689 339
51.79701 327
51.81712 357
51.83723 334
51.85735 321
51.87746 315
51.89757 330
51.91769 330
51.9378 350
51.95792 315
51.97803 303
51.99814 338
52.01826 335
52.03837 351
52.05848 334
52.0786 364
52.09871 357
52.11883 338
52.13894 326
52.15905 346
52.17917 359
52.19928 351
52.21939 370
52.23951 340
52.25962 412
52.27974 325
52.29985 368
52.31996 374
52.34008 368
52.36019 344
52.3803 359
52.40042 380
52.42053 370
52.44064 361
52.46076 372
52.48087 346
52.50099 367
52.5211 355
52.54121 397
52.56133 374
52.58144 358
52.60155 383
52.62167 372
52.64178 404
52.6619 369
52.68201 355
52.70212 386
52.72224 364
52.74235 341
52.76246 372
52.78258 371
52.80269 371
52.8228 338
52.84292 355
52.86303 341
52.88315 356
52.90326 370
52.92337 358
52.94349 394
52.9636 358
52.98371 393
53.00383 337
53.02394 336
53.04406 358
53.06417 311
53.08428 354
53.1044 359
53.12451 378
53.14462 366
53.16474 343
53.18485 360
53.20497 390
53.22508 345
53.24519 375
53.26531 418
53.28542 390
53.30553 350
53.32565 382
53.34576 355
53.36587 354
53.38599 384
53.4061 375
53.42622 369
53.44633 359
53.46644 365
53.48656 376
53.50667 375
53.52678 368
53.5469 375
53.56701 398
53.58713 403
53.60724 376
53.62735 391
53.64747 364
53.66758 363
53.68769 378
53.70781 365
53.72792 351
53.74804 371
53.76815 398
53.78826 354
53.80838 367
53.82849 400
53.8486 384
53.86872 386
53.88883 376
53.90894 357
53.92906 412
53.94917 391
53.96929 414
53.9894 376
54.00951 373
54.02963 409
54.04974 402
54.06985 379
54.08997 417
54.11008 408
54.1302 417
54.15031 435
54.17042 422
54.19054 454
54.21065 429
54.23076 441
54.25088 429
54.27099 443
54.29111 440
54.31122 475
54.33133 474
54.35145 454
54.37156 470
54.39167 450
54.41179 479
54.4319 494
54.45201 468
54.47213 472
54.49224 485
54.51236 452
54.53247 507
54.55258 519
54.5727 529
54.59281 526
54.61292 569
54.63304 514
54.65315 575
54.67327 586
54.69338 619
54.71349 640
54.73361 652
54.75372 689
54.77383 656
54.79395 699
54.81406 721
54.83417 666
54.85429 732
54.8744 638
54.89452 639
54.91463 582
54.93474 582
54.95486 560
54.97497 580
54.99508 550
55.0152 566
55.03531 530
55.05543 535
55.07554 521
55.09565 500
55.11577 507
55.13588 509
55.15599 494
55.17611 472
55.19622 499
55.21634 508
55.23645 526
55.25656 535
55.27668 489
55.29679 486
55.3169 480
55.33702 477
55.35713 488
55.37724 467
55.39736 445
55.41747 427
55.43759 441
55.4577 432
55.47781 478
55.49793 368
55.51804 419
55.53815 372
55.55827 440
55.57838 418
55.5985 456
55.61861 447
55.63872 445
55.65884 447
55.67895 448
55.69906 455
55.71918 384
55.73929 416
55.75941 429
55.77952 412
55.79963 430
55.81975 445
55.83986 416
55.85997 394
55.88009 420
55.9002 369
55.92031 391
55.94043 391
55.96054 404
55.98066 372
56.00077 353
56.02088 388
56.041 408
56.06111 384
56.08122 399
56.10134 351
56.12145 383
56.14157 384
56.16168 372
56.18179 387
56.20191 336
56.22202 369
56.24213 377
56.26225 379
56.28236 385
56.30248 362
56.32259 381
56.3427 358
56.36282 370
56.38293 341
56.40304 390
56.42316 352
56.44327 368
56.46338 366
56.4835 397
56.50361 386
56.52373 386
56.54384 367
56.56395 377
56.58407 356
56.60418 335
56.62429 367
56.64441 379
56.66452 355
56.68464 346
56.70475 394
56.72486 399
56.74498 386
56.76509 381
56.7852 353
56.80532 397
56.82543 391
56.84554 398
56.86566 392
56.88577 367
56.90589 342
56.926 342
56.94611 365
56.96623 375
56.98634 382
57.00645 346
57.02657 338
57.04668 350
57.0668 327
57.08691 353
57.10702 366
57.12714 331
57.14725 403
57.16736 368
57.18748 371
57.20759 382
57.22771 414
57.24782 347
57.26793 378
57.28805 390
57.30816 379
57.32827 362
57.34839 321
57.3685 348
57.38861 374
57.40873 379
57.42884 350
57.44896 346
57.46907 334
57.48918 342
57.5093 352
57.52941 398
57.54952 328
57.56964 328
57.58975 351
57.60987 341
57.62998 379
57.65009 355
57.67021 358
57.69032 363
57.71043 338
57.73055 303
57.75066 343
57.77078 371
57.79089 350
57.811 373
57.83112 330
57.85123 341
57.87134 352
57.89146 358
57.91157 334
57.93168 366
57.9518 346
57.97191 355
57.99203 351
58.01214 331
58.03225 309
58.05237 345
58.07248 341
58.09259 325
58.11271 312
58.13282 361
58.15294 326
58.17305 338
58.19316 342
58.21328 379
58.23339 361
58.2535 329
58.27362 348
58.29373 345
58.31385 335
58.33396 350
58.35407 328
58.37419 337
58.3943 301
58.41441 338
58.43453 338
58.45464 336
58.47475 338
58.49487 319
58.51498 333
58.5351 373
58.55521 356
58.57532 352
58.59544 340
58.61555 342
58.63566 354
58.65578 345
58.67589 341
58.69601 362
58.71612 345
58.73623 349
58.75635 338
58.77646 333
58.79657 357
58.81669 338
58.8368 333
58.85691 341
58.87703 356
58.89714 342
58.91726 334
58.93737 334
58.95748 353
58.9776 344
58.99771 352
59.01782 332
59.03794 365
59.05805 355
59.07817 386
59.09828 354
59.11839 356
59.13851 345
59.15862 370
59.17873 403
59.19885 378
59.21896 358
59.23908 372
59.25919 388
59.2793 394
59.29942 380
59.31953 371
59.33964 365
59.35976 401
59.37987 360
59.39998 392
59.4201 374
59.44021 379
59.46033 424
59.48044 369
59.50055 381
59.52067 400
59.54078 409
59.56089 407
59.58101 443
59.60112 420
59.62124 446
59.64135 450
59.66146 513
59.68158 499
59.70169 530
59.7218 582
59.74192 547
59.76203 656
59.78215 612
59.80226 699
59.82237 700
59.84249 767
59.8626 833
59.88271 832
59.90283 875
59.92294 850
59.94305 783
59.96317 801
59.98328 767
60.0034 739
60.02351 748
60.04362 715
60.06374 796
60.08385 747
60.10396 741
60.12408 725
60.14419 646
60.16431 657
60.18442 615
60.20453 578
60.22465 591
60.24476 600
60.26487 584
60.28499 583
60.3051 539
60.32522 563
60.34533 575
60.36544 511
60.38556 473
60.40567 475
60.42578 493
60.4459 458
60.46601 433
60.48612 469
60.50624 477
60.52635 452
60.54647 452
60.56658 442
60.58669 447
60.60681 444
60.62692 434
60.64703 400
60.66715 433
60.68726 416
60.70738 397
60.72749 414
60.7476 383
60.76772 416
60.78783 433
60.80794 411
60.82806 403
60.84817 397
60.86828 389
60.8884 400
60.90851 397
60.92863 384
60.94874 394
60.96885 400
60.98897 383
61.00908 373
61.02919 372
61.04931 360
61.06942 375
61.08954 427
61.10965 402
61.12976 365
61.14988 383
61.16999 374
61.1901 401
61.21022 342
61.23033 357
61.25045 395
61.27056 361
61.29067 393
61.31079 398
61.3309 383
61.35101 416
61.37113 397
61.39124 385
61.41135 406
61.43147 409
61.45158 376
61.4717 397
61.49181 393
61.51192 418
61.53204 409
61.55215 399
61.57226 386
61.59238 394
61.61249 420
61.63261 432
61.65272 455
61.67283 416
61.69295 475
61.71306 439
61.73317 480
61.75329 410
61.7734 400
61.79352 453
61.81363 417
61.83374 456
61.85386 434
61.87397 410
61.89408 444
61.9142 408
61.93431 394
61.95442 418
61.97454 396
61.99465 388
62.01477 369
62.03488 417
62.05499 378
62.07511 422
62.09522 353
62.11533 404
62.13545 376
62.15556 369
62.17568 369
62.19579 407
62.2159 351
62.23602 396
62.25613 375
62.27624 371
62.29636 387
62.31647 362
62.33659 383
62.3567 360
62.37681 355
62.39693 355
62.41704 348
62.43715 376
62.45727 340
62.47738 353
62.49749 374
62.51761 336
62.53772 309
62.55784 343
62.57795 342
62.59806 375
62.61818 337
62.63829 344
62.6584 330
62.67852 369
62.69863 327
62.71875 337
62.73886 339
62.75897 369
62.77909 369
62.7992 387
62.81931 342
62.83943 339
62.85954 306
62.87965 361
62.89977 320
62.91988 336
62.94 336
62.96011 347
62.98022 335
63.00034 352
63.02045 351
63.04056 353
63.06068 366
63.08079 295
63.10091 339
63.12102 335
63.14113 310
63.16125 325
63.18136 334
63.20147 366
63.22159 344
63.2417 368
63.26182 340
63.28193 346
63.30204 349
63.32216 341
63.34227 308
63.36238 349
63.3825 337
63.40261 325
63.42272 340
63.44284 350
63.46295 332
63.48307 350
63.50318 379
63.52329 323
63.54341 367
63.56352 335
63.58363 333
63.60375 342
63.62386 362
63.64398 329
63.66409 359
63.6842 355
63.70432 365
63.72443 375
63.74454 373
63.76466 366
63.78477 352
63.80489 407
63.825 370
63.84511 354
63.86523 411
63.88534 405
63.90545 412
63.92557 382
63.94568 412
63.96579 385
63.98591 409
64.00602 398
64.02614 366
64.04625 400
64.06636 316
64.08648 344
64.10659 362
64.1267 376
64.14682 336
64.16693 387
64.18705 321
64.20716 312
64.22727 322
64.24739 302
64.2675 317
64.28761 311
64.30773 317
64.32784 345
64.34796 329
64.36807 325
64.38818 321
64.4083 319
64.42841 329
64.44852 336
64.46864 301
64.48875 314
64.50886 274
64.52898 322
64.54909 311
64.56921 327
64.58932 331
64.60943 327
64.62955 291
64.64966 317
64.66977 329
64.68989 329
64.71 287
64.73012 301
64.75023 314
64.77034 316
64.79046 298
64.81057 308
64.83068 322
64.8508 352
64.87091 341
64.89102 323
64.91114 315
64.93125 332
64.95137 311
64.97148 348
64.99159 317
65.01171 347
65.03182 329
65.05193 325
65.07205 331
65.09216 303
65.11228 343
65.13239 295
65.1525 356
65.17262 331
65.19273 328
65.21284 307
65.23296 341
65.25307 347
65.27319 311
65.2933 307
65.31341 303
65.33353 331
65.35364 335
65.37375 308
65.39387 288
65.41398 307
65.43409 319
65.45421 295
65.47432 335
65.49444 308
65.51455 340
65.53466 303
65.55478 327
65.57489 312
65.595 313
65.61512 310
65.63523 323
65.65535 323
65.67546 274
65.69557 303
65.71569 329
65.7358 320
65.75591 327
65.77603 318
65.79614 320
65.81626 318
65.83637 327
65.85648 323
65.8766 312
65.89671 318
65.91682 292
65.93694 302
65.95705 326
65.97716 328
65.99728 330
66.01739 339
66.03751 321
66.05762 321
66.07773 312
66.09785 275
66.11796 291
66.13807 301
66.15819 309
66.1783 293
66.19842 315
66.21853 303
66.23864 307
66.25876 309
66.27887 306
66.29898 305
66.3191 338
66.33921 301
66.35933 326
66.37944 309
66.39955 298
66.41967 343
66.43978 318
66.45989 302
66.48001 321
66.50012 333
66.52023 292
66.54035 315
66.56046 319
66.58058 315
66.60069 278
66.6208 334
66.64092 314
66.66103 327
66.68114 314
66.70126 284
66.72137 305
66.74149 344
66.7616 297
66.78171 328
66.80183 325
66.82194 351
66.84205 345
66.86217 323
66.88228 319
66.90239 270
66.92251 325
66.94262 326
66.96274 329
66.98285 323
67.00296 317
67.02308 326
67.04319 325
67.0633 316
67.08342 344
67.10353 337
67.12365 313
67.14376 317
67.16387 319
67.18399 354
67.2041 324
67.22421 323
67.24433 336
67.26444 300
67.28456 327
67.30467 374
67.32478 320
67.3449 291
67.36501 346
67.38512 383
67.40524 350
67.42535 338
67.44546 350
67.46558 377
67.48569 369
67.50581 396
67.52592 441
67.54603 427
67.56615 441
67.58626 478
67.60637 490
67.62649 518
67.6466 534
67.66672 570
67.68683 544
67.70694 571
67.72706 522
67.74717 517
67.76728 487
67.7874 533
67.80751 504
67.82763 494
67.84774 497
67.86785 527
67.88797 540
67.90808 531
67.92819 539
67.94831 542
67.96842 576
67.98853 571
68.00865 618
68.02876 651
68.04888 653
68.06899 681
68.0891 687
68.10922 686
68.12933 652
68.14944 630
68.16956 571
68.18967 589
68.20979 623
68.2299 599
68.25001 612
68.27013 622
68.29024 633
68.31035 554
68.33047 508
68.35058 490
68.3707 437
68.39081 448
68.41092 437
68.43104 459
68.45115 420
68.47126 427
68.49138 423
68.51149 411
68.5316 397
68.55172 350
68.57183 378
68.59195 388
68.61206 375
68.63217 364
68.65229 378
68.6724 375
68.69251 359
68.71263 351
68.73274 367
68.75286 361
68.77297 351
68.79308 340
68.8132 329
68.83331 347
68.85342 359
68.87354 354
68.89365 403
68.91376 344
68.93388 357
68.95399 348
68.97411 365
68.99422 329
69.01433 353
69.03445 329
69.05456 363
69.07467 357
69.09479 366
69.1149 375
69.13502 356
69.15513 350
69.17524 328
69.19536 393
69.21547 366
69.23558 346
69.2557 414
69.27581 346
69.29593 385
69.31604 333
69.33615 377
69.35627 347
69.37638 343
69.39649 322
69.41661 359
69.43672 331
69.45683 321
69.47695 379
69.49706 349
69.51718 343
69.53729 339
69.5574 336
69.57752 325
69.59763 305
69.61774 369
69.63786 335
69.65797 321
69.67809 341
69.6982 295
69.71831 331
69.73843 349
69.75854 307
69.77865 336
69.79877 314
69.81888 328
69.839 296
69.85911 314
69.87922 320
69.89934 339
69.91945 320
69.93956 317
69.95968 311
69.97979 335
69.9999 313
70.02002 353
70.04013 293
70.06025 315
70.08036 317
70.10047 287
70.12059 302
70.1407 309
70.16081 307
70.18093 333
70.20104 313
70.22116 328
70.24127 339
70.26138 304
70.2815 281
70.30161 324
70.32172 341
70.34184 291
70.36195 294
70.38207 336
70.40218 309
70.42229 302
70.44241 329
70.46252 329
70.48263 299
70.50275 277
70.52286 309
70.54297 305
70.56309 325
70.5832 335
70.60332 308
70.62343 311
70.64354 330
70.66366 366
70.68377 346
70.70388 339
70.724 359
70.74411 354
70.76423 355
70.78434 345
70.80445 338
70.82457 357
70.84468 367
70.86479 368
70.88491 354
70.90502 342
70.92513 372
70.94525 369
70.96536 348
70.98548 337
71.00559 361
71.0257 347
71.04582 353
71.06593 347
71.08604 354
71.10616 363
71.12627 349
71.14639 352
71.1665 348
71.18661 310
71.20673 355
71.22684 392
71.24695 330
71.26707 332
71.28718 335
71.3073 302
71.32741 327
71.34752 320
71.36764 334
71.38775 321
71.40786 324
71.42798 335
71.44809 334
71.4682 368
71.48832 346
71.50843 352
71.52855 334
71.54866 299
71.56877 337
71.58889 329
71.609 313
71.62911 291
71.64923 290
71.66934 302
71.68946 322
71.70957 319
71.72968 322
71.7498 299
71.76991 340
71.79002 331
71.81014 325
71.83025 321
71.85037 339
71.87048 326
71.89059 309
71.91071 350
71.93082 294
71.95093 313
71.97105 302
71.99116 337
72.01127 303
72.03139 343
72.0515 298
72.07162 358
72.09173 337
72.11184 333
72.13196 353
72.15207 317
72.17218 334
72.1923 341
72.21241 321
72.23253 294
72.25264 313
72.27275 317
72.29287 315
72.31298 320
72.33309 334
72.35321 318
72.37332 329
72.39344 314
72.41355 315
72.43366 312
72.45378 320
72.47389 335
72.494 317
72.51412 339
72.53423 300
72.55434 324
72.57446 323
72.59457 327
72.61469 338
72.6348 348
72.65491 326
72.67503 306
72.69514 352
72.71525 291
72.73537 344
72.75548 320
72.7756 352
72.79571 334
72.81582 369
72.83594 346
72.85605 339
72.87616 382
72.89628 317
72.91639 336
72.9365 313
72.95662 306
72.97673 314
72.99685 338
73.01696 316
73.03707 342
73.05719 328
73.0773 348
73.09741 347
73.11753 317
73.13764 343
73.15776 338
73.17787 365
73.19798 326
73.2181 327
73.23821 386
73.25832 327
73.27844 349
73.29855 363
73.31867 369
73.33878 378
73.35889 398
73.37901 368
73.39912 393
73.41923 373
73.43935 396
73.45946 383
73.47957 373
73.49969 369
73.5198 366
73.53992 330
73.56003 353
73.58014 336
73.60026 328
73.62037 342
73.64048 320
73.6606 331
73.68071 303
73.70083 342
73.72094 300
73.74105 306
73.76117 307
73.78128 306
73.80139 306
73.82151 276
73.84162 325
73.86174 306
73.88185 324
73.90196 309
73.92208 323
73.94219 292
73.9623 333
73.98242 298
74.00253 317
74.02264 299
74.04276 297
74.06287 302
74.08299 281
74.1031 296
74.12321 300
74.14333 314
74.16344 324
74.18355 310
74.20367 285
74.22378 301
74.2439 296
74.26401 310
74.28412 298
74.30424 291
74.32435 300
74.34446 304
74.36458 293
74.38469 325
74.40481 336
74.42492 299
74.44503 305
74.46515 333
74.48526 297
74.50537 315
74.52549 263
74.5456 277
74.56571 323
74.58583 311
74.60594 305
74.62606 280
74.64617 294
74.66628 336
74.6864 304
74.70651 278
74.72662 311
74.74674 329
74.76685 314
74.78697 284
74.80708 327
74.82719 277
74.84731 285
74.86742 297
74.88753 308
74.90765 288
74.92776 315
74.94787 302
74.96799 263
74.9881 286
75.00822 271
