3.00117 19244
3.02128 18667
3.0414 18557
3.06151 17411
3.08162 17436
3.10174 16564
3.12185 16499
3.14197 15709
3.16208 15614
3.18219 15097
3.20231 14446
3.22242 14205
3.24253 13771
3.26265 13219
3.28276 12964
3.30288 12200
3.32299 12336
3.3431 11451
3.36322 11148
3.38333 10888
3.40344 10439
3.42356 10341
3.44367 9902
3.46379 9673
3.4839 9514
3.50401 8687
3.52413 8521
3.54424 8307
3.56435 7940
3.58447 7941
3.60458 7368
3.62469 7273
3.64481 6854
3.66492 6456
3.68504 6386
3.70515 6061
3.72526 5839
3.74538 5726
3.76549 5404
3.7856 5320
3.80572 5039
3.82583 4874
3.84595 4590
3.86606 4404
3.88617 4451
3.90629 4021
3.9264 3782
3.94651 3623
3.96663 3532
3.98674 3633
4.00686 3219
4.02697 3204
4.04708 3056
4.0672 2875
4.08731 2833
4.10742 2555
4.12754 2532
4.14765 2408
4.16776 2267
4.18788 2355
4.20799 2278
4.22811 2254
4.24822 2130
4.26833 1834
4.28845 2058
4.30856 1921
4.32867 1828
4.34879 1675
4.3689 1789
4.38902 1725
4.40913 1770
4.42924 1678
4.44936 1552
4.46947 1551
4.48958 1539
4.5097 1570
4.52981 1403
4.54992 1481
4.57004 1374
4.59015 1371
4.61027 1362
4.63038 1235
4.65049 1292
4.67061 1261
4.69072 1266
4.71083 1189
4.73095 1197
4.75106 1169
4.77118 1173
4.79129 1210
4.8114 1133
4.83152 1055
4.85163 1086
4.87174 1002
4.89186 1045
4.91197 1086
4.93209 1021
4.9522 1016
4.97231 935
4.99243 975
5.01254 937
5.03265 905
5.05277 883
5.07288 844
5.09299 840
5.11311 866
5.13322 843
5.15334 851
5.17345 796
5.19356 789
5.21368 779
5.23379 710
5.2539 725
5.27402 741
5.29413 777
5.31425 766
5.33436 692
5.35447 689
5.37459 725
5.3947 696
5.41481 732
5.43493 671
5.45504 669
5.47516 670
5.49527 680
5.51538 646
5.5355 671
5.55561 646
5.57572 610
5.59584 623
5.61595 560
5.63606 576
5.65618 563
5.67629 603
5.69641 550
5.71652 604
5.73663 586
5.75675 587
5.77686 589
5.79697 545
5.81709 586
5.8372 597
5.85732 553
5.87743 535
5.89754 578
5.91766 559
5.93777 566
5.95788 516
5.978 567
5.99811 520
6.01823 484
6.03834 543
6.05845 527
6.07857 501
6.09868 506
6.11879 489
6.13891 474
6.15902 516
6.17913 509
6.19925 548
6.21936 516
6.23948 491
6.25959 511
6.2797 494
6.29982 486
6.31993 442
6.34004 484
6.36016 479
6.38027 507
6.40039 502
6.4205 508
6.44061 474
6.46073 461
6.48084 482
6.50095 493
6.52107 510
6.54118 445
6.56129 482
6.58141 404
6.60152 427
6.62164 480
6.64175 474
6.66186 450
6.68198 475
6.70209 464
6.7222 478
6.74232 449
6.76243 454
6.78255 464
6.80266 442
6.82277 462
6.84289 491
6.863 429
6.88311 463
6.90323 496
6.92334 442
6.94346 475
6.96357 464
6.98368 482
7.0038 456
7.02391 511
7.04402 431
7.06414 449
7.08425 472
7.10436 473
7.12448 474
7.14459 442
7.16471 428
7.18482 405
7.20493 448
7.22505 449
7.24516 455
7.26527 442
7.28539 462
7.3055 452
7.32562 445
7.34573 402
7.36584 418
7.38596 422
7.40607 410
7.42618 427
7.4463 425
7.46641 441
7.48653 418
7.50664 424
7.52675 475
7.54687 438
7.56698 453
7.58709 444
7.60721 442
7.62732 498
7.64743 435
7.66755 415
7.68766 463
7.70778 463
7.72789 492
7.748 469
7.76812 443
7.78823 428
7.80834 431
7.82846 425
7.84857 413
7.86869 400
7.8888 436
7.90891 451
7.92903 483
7.94914 444
7.96925 477
7.98937 432
8.00948 435
8.0296 435
8.04971 421
8.06982 466
8.08994 422
8.11005 450
8.13016 490
8.15028 451
8.17039 451
8.1905 495
8.21062 431
8.23073 440
8.25085 433
8.27096 467
8.29107 430
8.31119 415
8.3313 449
8.35141 446
8.37153 438
8.39164 468
8.41176 416
8.43187 435
8.45198 417
8.4721 407
8.49221 444
8.51232 441
8.53244 433
8.55255 435
8.57266 483
8.59278 417
8.61289 454
8.63301 429
8.65312 443
8.67323 471
8.69335 446
8.71346 449
8.73357 455
8.75369 443
8.7738 444
8.79392 468
8.81403 435
8.83414 435
8.85426 484
8.87437 450
8.89448 468
8.9146 434
8.93471 433
8.95483 443
8.97494 468
8.99505 457
9.01517 477
9.03528 440
9.05539 465
9.07551 417
9.09562 466
9.11573 466
9.13585 454
9.15596 458
9.17608 472
9.19619 436
9.2163 435
9.23642 464
9.25653 430
9.27664 452
9.29676 450
9.31687 459
9.33699 426
9.3571 448
9.37721 431
9.39733 422
9.41744 415
9.43755 414
9.45767 411
9.47778 437
9.4979 442
9.51801 435
9.53812 422
9.55824 459
9.57835 403
9.59846 445
9.61858 402
9.63869 395
9.6588 420
9.67892 416
9.69903 441
9.71915 441
9.73926 392
9.75937 417
9.77949 455
9.7996 421
9.81971 422
9.83983 431
9.85994 403
9.88006 441
9.90017 427
9.92028 483
9.9404 417
9.96051 444
9.98062 435
10.00074 450
10.02085 421
10.04097 406
10.06108 404
10.08119 446
10.10131 469
10.12142 446
10.14153 436
10.16165 449
10.18176 432
10.20187 420
10.22199 460
10.2421 445
10.26222 428
10.28233 445
10.30244 429
10.32256 390
10.34267 424
10.36278 435
10.3829 395
10.40301 423
10.42313 414
10.44324 417
10.46335 440
10.48347 427
10.50358 423
10.52369 411
10.54381 480
10.56392 448
10.58403 429
10.60415 407
10.62426 400
10.64438 426
10.66449 417
10.6846 458
10.70472 431
10.72483 432
10.74494 447
10.76506 419
10.78517 435
10.80529 405
10.8254 464
10.84551 421
10.86563 469
10.88574 434
10.90585 495
10.92597 457
10.94608 459
10.9662 436
10.98631 452
11.00642 444
11.02654 443
11.04665 461
11.06676 462
11.08688 457
11.10699 470
11.1271 451
11.14722 427
11.16733 445
11.18745 482
11.20756 423
11.22767 467
11.24779 491
11.2679 422
11.28801 449
11.30813 497
11.32824 487
11.34836 425
11.36847 446
11.38858 529
11.4087 496
11.42881 456
11.44892 457
11.46904 441
11.48915 471
11.50927 492
11.52938 463
11.54949 479
11.56961 490
11.58972 529
11.60983 483
11.62995 523
11.65006 467
11.67017 528
11.69029 496
11.7104 568
11.73052 518
11.75063 511
11.77074 571
11.79086 540
11.81097 585
11.83108 561
11.8512 571
11.87131 618
11.89143 590
11.91154 572
11.93165 594
11.95177 635
11.97188 619
11.99199 602
12.01211 659
12.03222 668
12.05234 671
12.07245 691
12.09256 673
12.11268 733
12.13279 769
12.1529 730
12.17302 716
12.19313 781
12.21324 774
12.23336 757
12.25347 690
12.27359 775
12.2937 749
12.31381 739
12.33393 749
12.35404 755
12.37415 718
12.39427 723
12.41438 680
12.4345 645
12.45461 636
12.47472 606
12.49484 591
12.51495 621
12.53506 580
12.55518 549
12.57529 558
12.5954 529
12.61552 491
12.63563 525
12.65575 514
12.67586 517
12.69597 502
12.71609 505
12.7362 450
12.75631 488
12.77643 496
12.79654 510
12.81666 431
12.83677 441
12.85688 467
12.877 459
12.89711 488
12.91722 471
12.93734 426
12.95745 481
12.97757 471
12.99768 431
13.01779 450
13.03791 437
13.05802 449
13.07813 447
13.09825 454
13.11836 417
13.13847 412
13.15859 440
13.1787 412
13.19882 443
13.21893 411
13.23904 443
13.25916 403
13.27927 450
13.29938 428
13.3195 466
13.33961 420
13.35973 439
13.37984 407
13.39995 445
13.42007 397
13.44018 411
13.46029 449
13.48041 438
13.50052 407
13.52064 409
13.54075 378
13.56086 412
13.58098 407
13.60109 411
13.6212 413
13.64132 388
13.66143 455
13.68154 379
13.70166 363
13.72177 344
13.74189 370
13.762 398
13.78211 476
13.80223 423
13.82234 391
13.84245 397
13.86257 407
13.88268 379
13.9028 363
13.92291 395
13.94302 373
13.96314 426
13.98325 409
14.00336 379
14.02348 385
14.04359 391
14.06371 395
14.08382 429
14.10393 357
14.12405 399
14.14416 396
14.16427 376
14.18439 393
14.2045 367
14.22461 405
14.24473 360
14.26484 380
14.28496 392
14.30507 425
14.32518 388
14.3453 414
14.36541 386
14.38552 404
14.40564 391
14.42575 388
14.44587 383
14.46598 408
14.48609 387
14.50621 402
14.52632 367
14.54643 385
14.56655 410
14.58666 438
14.60677 428
14.62689 384
14.647 391
14.66712 389
14.68723 384
14.70734 370
14.72746 391
14.74757 364
14.76768 397
14.7878 387
14.80791 426
14.82803 381
14.84814 405
14.86825 402
14.88837 356
14.90848 397
14.92859 409
14.94871 389
14.96882 418
14.98894 390
15.00905 399
15.02916 405
15.04928 399
15.06939 440
15.0895 419
15.10962 395
15.12973 391
15.14984 390
15.16996 392
15.19007 386
15.21019 377
15.2303 392
15.25041 421
15.27053 353
15.29064 361
15.31075 397
15.33087 373
15.35098 406
15.3711 376
15.39121 377
15.41132 409
15.43144 419
15.45155 399
15.47166 399
15.49178 392
15.51189 371
15.53201 400
15.55212 378
15.57223 376
15.59235 366
15.61246 360
15.63257 339
15.65269 379
15.6728 374
15.69291 388
15.71303 380
15.73314 370
15.75326 401
15.77337 403
15.79348 399
15.8136 380
15.83371 407
15.85382 366
15.87394 377
15.89405 376
15.91417 403
15.93428 360
15.95439 393
15.97451 376
15.99462 390
16.01473 355
16.03485 375
16.05496 396
16.07508 355
16.09519 365
16.1153 408
16.13542 358
16.15553 379
16.17564 410
16.19576 365
16.21587 401
16.23598 384
16.2561 388
16.27621 393
16.29633 423
16.31644 331
16.33655 389
16.35667 422
16.37678 417
16.39689 352
16.41701 391
16.43712 404
16.45724 352
16.47735 360
16.49746 384
16.51758 340
16.53769 390
16.5578 383
16.57792 370
16.59803 380
16.61814 386
16.63826 348
16.65837 358
16.67849 371
16.6986 387
16.71871 394
16.73883 364
16.75894 369
16.77905 385
16.79917 367
16.81928 371
16.8394 407
16.85951 376
16.87962 412
16.89974 375
16.91985 387
16.93996 375
16.96008 365
16.98019 419
17.00031 392
17.02042 339
17.04053 351
17.06065 409
17.08076 370
17.10087 361
17.12099 383
17.1411 356
17.16121 336
17.18133 391
17.20144 396
17.22156 404
17.24167 395
17.26178 358
17.2819 383
17.30201 380
17.32212 395
17.34224 349
17.36235 398
17.38247 388
17.40258 392
17.42269 397
17.44281 393
17.46292 386
17.48303 393
17.50315 390
17.52326 410
17.54338 362
17.56349 371
17.5836 353
17.60372 405
17.62383 391
17.64394 366
17.66406 385
17.68417 392
17.70428 396
17.7244 400
17.74451 385
17.76463 420
17.78474 407
17.80485 380
17.82497 425
17.84508 393
17.86519 401
17.88531 377
17.90542 355
17.92554 393
17.94565 402
17.96576 415
17.98588 393
18.00599 407
18.0261 387
18.04622 392
18.06633 397
18.08645 397
18.10656 412
18.12667 404
18.14679 410
18.1669 352
18.18701 398
18.20713 393
18.22724 423
18.24735 378
18.26747 375
18.28758 403
18.3077 437
18.32781 451
18.34792 372
18.36804 370
18.38815 361
18.40826 347
18.42838 389
18.44849 420
18.46861 362
18.48872 401
18.50883 382
18.52895 376
18.54906 373
18.56917 378
18.58929 387
18.6094 390
18.62951 444
18.64963 339
18.66974 386
18.68986 370
18.70997 349
18.73008 364
18.7502 401
18.77031 364
18.79042 385
18.81054 400
18.83065 395
18.85077 404
18.87088 395
18.89099 364
18.91111 394
18.93122 379
18.95133 431
18.97145 411
18.99156 375
19.01168 413
19.03179 378
19.0519 395
19.07202 383
19.09213 400
19.11224 426
19.13236 437
19.15247 431
19.17258 399
19.1927 430
19.21281 408
19.23293 413
19.25304 444
19.27315 395
19.29327 443
19.31338 404
19.33349 454
19.35361 439
19.37372 456
19.39384 464
19.41395 452
19.43406 439
19.45418 450
19.47429 437
19.4944 454
19.51452 473
19.53463 487
19.55475 507
19.57486 498
19.59497 483
19.61509 503
19.6352 500
19.65531 538
19.67543 581
19.69554 596
19.71565 612
19.73577 549
19.75588 688
19.776 685
19.79611 668
19.81622 779
19.83634 810
19.85645 783
19.87656 756
19.89668 770
19.91679 814
19.93691 813
19.95702 764
19.97713 819
19.99725 769
20.01736 752
20.03747 738
20.05759 765
20.0777 803
20.09782 749
20.11793 750
20.13804 765
20.15816 730
20.17827 720
20.19838 748
20.2185 770
20.23861 702
20.25872 720
20.27884 749
20.29895 746
20.31907 715
20.33918 712
20.35929 749
20.37941 714
20.39952 727
20.41963 699
20.43975 776
20.45986 793
20.47998 749
20.50009 736
20.5202 811
20.54032 735
20.56043 711
20.58054 804
20.60066 868
20.62077 771
20.64088 813
20.661 911
20.68111 931
20.70123 1118
20.72134 1347
20.74145 1700
20.76157 2169
20.78168 2629
20.80179 2950
20.82191 3231
20.84202 3196
20.86214 2961
20.88225 2455
20.90236 1926
20.92248 1472
20.94259 1295
20.9627 1006
20.98282 998
21.00293 848
21.02305 896
21.04316 891
21.06327 863
21.08339 851
21.1035 796
21.12361 734
21.14373 729
21.16384 798
21.18395 776
21.20407 803
21.22418 712
21.2443 762
21.26441 765
21.28452 773
21.30464 748
21.32475 761
21.34486 752
21.36498 822
21.38509 754
21.40521 781
21.42532 752
21.44543 729
21.46555 732
21.48566 695
21.50577 700
21.52589 671
21.546 675
21.56612 692
21.58623 631
21.60634 581
21.62646 624
21.64657 639
21.66668 652
21.6868 611
21.70691 611
21.72702 622
21.74714 568
21.76725 599
21.78737 599
21.80748 601
21.82759 563
21.84771 650
21.86782 561
21.88793 619
21.90805 646
21.92816 549
21.94828 631
21.96839 607
21.9885 595
22.00862 571
22.02873 549
22.04884 607
22.06896 552
22.08907 577
22.10919 536
22.1293 587
22.14941 552
22.16953 510
22.18964 533
22.20975 506
22.22987 530
22.24998 542
22.27009 521
22.29021 547
22.31032 567
22.33044 490
22.35055 504
22.37066 532
22.39078 558
22.41089 562
22.431 551
22.45112 558
22.47123 555
22.49135 548
22.51146 537
22.53157 553
22.55169 523
22.5718 545
22.59191 537
22.61203 501
22.63214 511
22.65225 510
22.67237 476
22.69248 541
22.7126 482
22.73271 510
22.75282 523
22.77294 500
22.79305 558
22.81316 488
22.83328 515
22.85339 531
22.87351 526
22.89362 492
22.91373 487
22.93385 478
22.95396 497
22.97407 529
22.99419 509
23.0143 504
23.03442 507
23.05453 513
23.07464 527
23.09476 532
23.11487 528
23.13498 513
23.1551 494
23.17521 524
23.19532 546
23.21544 525
23.23555 493
23.25567 521
23.27578 514
23.29589 500
23.31601 557
23.33612 516
23.35623 477
23.37635 519
23.39646 534
23.41658 524
23.43669 541
23.4568 539
23.47692 606
23.49703 554
23.51714 624
23.53726 571
23.55737 604
23.57749 571
23.5976 563
23.61771 527
23.63783 547
23.65794 583
23.67805 569
23.69817 550
23.71828 554
23.73839 542
23.75851 609
23.77862 586
23.79874 577
23.81885 585
23.83896 639
23.85908 536
23.87919 561
23.8993 574
23.91942 589
23.93953 585
23.95965 594
23.97976 608
23.99987 585
24.01999 618
24.0401 551
24.06021 530
24.08033 592
24.10044 587
24.12056 581
24.14067 574
24.16078 626
24.1809 571
24.20101 575
24.22112 588
24.24124 598
24.26135 563
24.28146 542
24.30158 560
24.32169 593
24.34181 548
24.36192 605
24.38203 596
24.40215 541
24.42226 519
24.44237 575
24.46249 648
24.4826 632
24.50272 623
24.52283 668
24.54294 650
24.56306 624
24.58317 675
24.60328 629
24.6234 673
24.64351 652
24.66362 637
24.68374 640
24.70385 688
24.72397 702
24.74408 741
24.76419 716
24.78431 771
24.80442 749
24.82453 746
24.84465 776
24.86476 759
24.88488 749
24.90499 732
24.9251 721
24.94522 714
24.96533 714
24.98544 691
25.00556 721
25.02567 742
25.04579 680
25.0659 665
25.08601 642
25.10613 665
25.12624 662
25.14635 689
25.16647 632
25.18658 643
25.20669 627
25.22681 562
25.24692 627
25.26704 621
25.28715 567
25.30726 555
25.32738 585
25.34749 563
25.3676 566
25.38772 557
25.40783 537
25.42795 563
25.44806 550
25.46817 557
25.48829 518
25.5084 556
25.52851 567
25.54863 562
25.56874 604
25.58886 588
25.60897 609
25.62908 619
25.6492 633
25.66931 601
25.68942 541
25.70954 558
25.72965 591
25.74976 604
25.76988 613
25.78999 577
25.81011 596
25.83022 521
25.85033 583
25.87045 582
25.89056 584
25.91067 561
25.93079 557
25.9509 588
25.97102 581
25.99113 617
26.01124 571
26.03136 642
26.05147 606
26.07158 594
26.0917 629
26.11181 650
26.13193 709
26.15204 681
26.17215 727
26.19227 726
26.21238 765
26.23249 764
26.25261 779
26.27272 832
26.29283 919
26.31295 867
26.33306 897
26.35318 967
26.37329 1064
26.3934 1199
26.41352 1347
26.43363 1652
26.45374 2122
26.47386 2795
26.49397 3929
26.51409 5512
26.5342 7585
26.55431 9770
26.57443 11780
26.59454 12633
26.61465 12442
26.63477 11411
26.65488 9573
26.67499 7323
26.69511 5533
26.71522 3877
26.73534 2687
26.75545 1930
26.77556 1484
26.79568 1283
26.81579 1139
26.8359 1047
26.85602 989
26.87613 935
26.89625 944
26.91636 875
26.93647 808
26.95659 797
26.9767 738
26.99681 744
27.01693 710
27.03704 672
27.05716 671
27.07727 639
27.09738 658
27.1175 634
27.13761 602
27.15772 604
27.17784 518
27.19795 550
27.21806 527
27.23818 564
27.25829 541
27.27841 571
27.29852 556
27.31863 584
27.33875 556
27.35886 591
27.37897 612
27.39909 634
27.4192 648
27.43932 635
27.45943 648
27.47954 682
27.49966 677
27.51977 645
27.53988 606
27.56 612
27.58011 574
27.60023 580
27.62034 589
27.64045 555
27.66057 491
27.68068 550
27.70079 519
27.72091 582
27.74102 542
27.76113 586
27.78125 543
27.80136 522
27.82148 553
27.84159 460
27.8617 509
27.88182 477
27.90193 484
27.92204 487
27.94216 528
27.96227 522
27.98239 511
28.0025 504
28.02261 517
28.04273 432
28.06284 482
28.08295 489
28.10307 465
28.12318 444
28.1433 481
28.16341 482
28.18352 475
28.20364 466
28.22375 463
28.24386 440
28.26398 438
28.28409 485
28.3042 480
28.32432 505
28.34443 459
28.36455 451
28.38466 461
28.40477 452
28.42489 423
28.445 448
28.46511 473
28.48523 437
28.50534 439
28.52546 441
28.54557 454
28.56568 458
28.5858 447
28.60591 416
28.62602 457
28.64614 456
28.66625 429
28.68636 437
28.70648 487
28.72659 438
28.74671 460
28.76682 444
28.78693 464
28.80705 426
28.82716 455
28.84727 441
28.86739 457
28.8875 417
28.90762 467
28.92773 427
28.94784 435
28.96796 471
28.98807 410
29.00818 423
29.0283 398
29.04841 420
29.06853 422
29.08864 388
29.10875 436
29.12887 428
29.14898 409
29.16909 455
29.18921 450
29.20932 446
29.22943 427
29.24955 449
29.26966 436
29.28978 460
29.30989 423
29.33 423
29.35012 451
29.37023 433
29.39034 468
29.41046 452
29.43057 414
29.45069 470
29.4708 420
29.49091 422
29.51103 428
29.53114 394
29.55125 410
29.57137 477
29.59148 444
29.6116 457
29.63171 422
29.65182 481
29.67194 469
29.69205 466
29.71216 452
29.73228 495
29.75239 495
29.7725 542
29.79262 528
29.81273 532
29.83285 526
29.85296 475
29.87307 448
29.89319 462
29.9133 496
29.93341 445
29.95353 462
29.97364 462
29.99376 473
30.01387 488
30.03398 451
30.0541 435
30.07421 424
30.09432 497
30.11444 445
30.13455 467
30.15467 455
30.17478 470
30.19489 451
30.21501 401
30.23512 441
30.25523 444
30.27535 422
30.29546 424
30.31557 452
30.33569 467
30.3558 440
30.37592 447
30.39603 456
30.41614 434
30.43626 442
30.45637 437
30.47648 426
30.4966 451
30.51671 430
30.53683 429
30.55694 437
30.57705 423
30.59717 407
30.61728 462
30.63739 480
30.65751 443
30.67762 430
30.69773 476
30.71785 421
30.73796 472
30.75808 450
30.77819 485
30.7983 464
30.81842 471
30.83853 428
30.85864 421
30.87876 427
30.89887 413
30.91899 460
30.9391 473
30.95921 458
30.97933 407
30.99944 423
31.01955 424
31.03967 430
31.05978 410
31.0799 454
31.10001 386
31.12012 417
31.14024 369
31.16035 433
31.18046 397
31.20058 446
31.22069 430
31.2408 392
31.26092 393
31.28103 411
31.30115 437
31.32126 407
31.34137 412
31.36149 418
31.3816 443
31.40171 428
31.42183 435
31.44194 428
31.46206 382
31.48217 409
31.50228 444
31.5224 358
31.54251 430
31.56262 409
31.58274 412
31.60285 409
31.62297 397
31.64308 440
31.66319 354
31.68331 382
31.70342 442
31.72353 417
31.74365 434
31.76376 426
31.78387 430
31.80399 427
31.8241 413
31.84422 442
31.86433 386
31.88444 395
31.90456 393
31.92467 461
31.94478 431
31.9649 421
31.98501 473
32.00513 445
32.02524 392
32.04535 436
32.06547 413
32.08558 426
32.10569 424
32.12581 438
32.14592 396
32.16604 432
32.18615 447
32.20626 465
32.22638 497
32.24649 436
32.2666 477
32.28672 462
32.30683 462
32.32694 501
32.34706 534
32.36717 541
32.38729 518
32.4074 480
32.42751 510
32.44763 541
32.46774 499
32.48785 566
32.50797 583
32.52808 539
32.5482 612
32.56831 561
32.58842 557
32.60854 545
32.62865 493
32.64876 512
32.66888 457
32.68899 503
32.7091 501
32.72922 461
32.74933 455
32.76945 441
32.78956 489
32.80967 491
32.82979 500
32.8499 453
32.87001 500
32.89013 517
32.91024 503
32.93036 512
32.95047 550
32.97058 546
32.9907 562
33.01081 583
33.03092 558
33.05104 608
33.07115 616
33.09127 612
33.11138 582
33.13149 610
33.15161 600
33.17172 568
33.19183 567
33.21195 575
33.23206 579
33.25217 528
33.27229 514
33.2924 528
33.31252 535
33.33263 519
33.35274 538
33.37286 514
33.39297 508
33.41308 506
33.4332 490
33.45331 514
33.47343 493
33.49354 510
33.51365 512
33.53377 517
33.55388 478
33.57399 431
33.59411 469
33.61422 472
33.63434 459
33.65445 503
33.67456 489
33.69468 484
33.71479 488
33.7349 448
33.75502 487
33.77513 455
33.79524 460
33.81536 476
33.83547 460
33.85559 458
33.8757 440
33.89581 483
33.91593 453
33.93604 502
33.95615 432
33.97627 449
33.99638 473
34.0165 434
34.03661 422
34.05672 458
34.07684 480
34.09695 453
34.11706 428
34.13718 475
34.15729 449
34.17741 481
34.19752 429
34.21763 466
34.23775 445
34.25786 461
34.27797 439
34.29809 432
34.3182 477
34.33831 472
34.35843 450
34.37854 464
34.39866 477
34.41877 490
34.43888 472
34.459 439
34.47911 448
34.49922 483
34.51934 474
34.53945 549
34.55957 485
34.57968 515
34.59979 519
34.61991 499
34.64002 507
34.66013 540
34.68025 525
34.70036 543
34.72047 561
34.74059 566
34.7607 582
34.78082 596
34.80093 547
34.82104 590
34.84116 626
34.86127 706
34.88138 630
34.9015 615
34.92161 630
34.94173 638
34.96184 644
34.98195 647
35.00207 611
35.02218 668
35.04229 625
35.06241 621
35.08252 643
35.10264 648
35.12275 622
35.14286 653
35.16298 693
35.18309 636
35.2032 657
35.22332 766
35.24343 692
35.26354 672
35.28366 735
35.30377 697
35.32389 750
35.344 699
35.36411 757
35.38423 697
35.40434 745
35.42445 732
35.44457 738
35.46468 703
35.4848 727
35.50491 776
35.52502 743
35.54514 773
35.56525 767
35.58536 778
35.60548 774
35.62559 792
35.64571 745
35.66582 696
35.68593 700
35.70605 686
35.72616 717
35.74627 672
35.76639 678
35.7865 706
35.80661 728
35.82673 708
35.84684 661
35.86696 672
35.88707 671
35.90718 640
35.9273 697
35.94741 661
35.96752 623
35.98764 666
36.00775 660
36.02787 623
36.04798 586
36.06809 563
36.08821 613
36.10832 599
36.12843 597
36.14855 585
36.16866 598
36.18878 597
36.20889 633
36.229 609
36.24912 601
36.26923 603
36.28934 546
36.30946 646
36.32957 580
36.34968 656
36.3698 694
36.38991 836
36.41003 903
36.43014 1031
36.45025 1169
36.47037 1271
36.49048 1275
36.51059 1244
36.53071 1178
36.55082 1132
36.57094 993
36.59105 952
36.61116 844
36.63128 789
36.65139 737
36.6715 637
36.69162 650
36.71173 581
36.73184 618
36.75196 619
36.77207 601
36.79219 606
36.8123 568
36.83241 563
36.85253 605
36.87264 559
36.89275 528
36.91287 564
36.93298 594
36.9531 583
36.97321 577
36.99332 556
37.01344 589
37.03355 558
37.05366 559
37.07378 548
37.09389 526
37.11401 562
37.13412 575
37.15423 584
37.17435 583
37.19446 544
37.21457 556
37.23469 539
37.2548 560
37.27491 528
37.29503 554
37.31514 510
37.33526 557
37.35537 530
37.37548 525
37.3956 506
37.41571 505
37.43582 520
37.45594 502
37.47605 502
37.49617 514
37.51628 549
37.53639 497
37.55651 549
37.57662 528
37.59673 498
37.61685 481
37.63696 495
37.65708 545
37.67719 561
37.6973 503
37.71742 545
37.73753 500
37.75764 515
37.77776 546
37.79787 543
37.81798 532
37.8381 518
37.85821 532
37.87833 521
37.89844 531
37.91855 479
37.93867 537
37.95878 541
37.97889 470
37.99901 483
38.01912 504
38.03924 598
38.05935 549
38.07946 529
38.09958 540
38.11969 562
38.1398 505
38.15992 533
38.18003 544
38.20015 572
38.22026 543
38.24037 557
38.26049 590
38.2806 585
38.30071 540
38.32083 596
38.34094 561
38.36105 575
38.38117 605
38.40128 601
38.4214 621
38.44151 613
38.46162 557
38.48174 591
38.50185 576
38.52196 570
38.54208 552
38.56219 537
38.58231 568
38.60242 555
38.62253 542
38.64265 584
38.66276 538
38.68287 522
38.70299 566
38.7231 504
38.74321 568
38.76333 509
38.78344 588
38.80356 503
38.82367 510
38.84378 488
38.8639 501
38.88401 507
38.90412 514
38.92424 513
38.94435 516
38.96447 514
38.98458 517
39.00469 528
39.02481 494
39.04492 508
39.06503 536
39.08515 517
39.10526 503
39.12538 541
39.14549 584
39.1656 521
39.18572 563
39.20583 545
39.22594 568
39.24606 562
39.26617 593
39.28628 656
39.3064 707
39.32651 820
39.34663 942
39.36674 1049
39.38685 1174
39.40697 1234
39.42708 1140
39.44719 1104
39.46731 1106
39.48742 958
39.50754 902
39.52765 834
39.54776 785
39.56788 600
39.58799 626
39.6081 507
39.62822 537
39.64833 533
39.66845 522
39.68856 449
39.70867 461
39.72879 483
39.7489 470
39.76901 476
39.78913 443
39.80924 455
39.82935 483
39.84947 440
39.86958 431
39.8897 460
39.90981 441
39.92992 483
39.95004 489
39.97015 498
39.99026 498
40.01038 456
40.03049 495
40.05061 473
40.07072 495
40.09083 522
40.11095 525
40.13106 608
40.15117 631
40.17129 691
40.1914 735
40.21152 776
40.23163 853
40.25174 812
40.27186 826
40.29197 769
40.31208 713
40.3322 675
40.35231 703
40.37242 633
40.39254 590
40.41265 540
40.43277 530
40.45288 516
40.47299 522
40.49311 503
40.51322 485
40.53333 480
40.55345 525
40.57356 512
40.59368 476
40.61379 494
40.6339 427
40.65402 471
40.67413 507
40.69424 486
40.71436 521
40.73447 504
40.75458 472
40.7747 500
40.79481 497
40.81493 478
40.83504 452
40.85515 498
40.87527 458
40.89538 468
40.91549 479
40.93561 525
40.95572 480
40.97584 478
40.99595 491
41.01606 495
41.03618 487
41.05629 431
41.0764 487
41.09652 471
41.11663 509
41.13675 490
41.15686 466
41.17697 478
41.19709 517
41.2172 454
41.23731 488
41.25743 481
41.27754 477
41.29765 492
41.31777 452
41.33788 449
41.358 437
41.37811 463
41.39822 499
41.41834 452
41.43845 437
41.45856 452
41.47868 459
41.49879 479
41.51891 510
41.53902 494
41.55913 452
41.57925 474
41.59936 482
41.61947 467
41.63959 448
41.6597 462
41.67982 444
41.69993 451
41.72004 460
41.74016 423
41.76027 489
41.78038 452
41.8005 431
41.82061 482
41.84072 452
41.86084 425
41.88095 423
41.90107 452
41.92118 417
41.94129 451
41.96141 434
41.98152 425
42.00163 441
42.02175 410
42.04186 435
42.06198 485
42.08209 423
42.1022 445
42.12232 419
42.14243 446
42.16254 459
42.18266 461
42.20277 477
42.22289 484
42.243 476
42.26311 523
42.28323 585
42.30334 624
42.32345 684
42.34357 787
42.36368 953
42.38379 949
42.40391 885
42.42402 844
42.44414 811
42.46425 797
42.48436 735
42.50448 736
42.52459 677
42.5447 626
42.56482 518
42.58493 486
42.60505 494
42.62516 445
42.64527 417
42.66539 456
42.6855 451
42.70561 415
42.72573 435
42.74584 394
42.76595 399
42.78607 405
42.80618 442
42.8263 449
42.84641 415
42.86652 432
42.88664 404
42.90675 424
42.92686 438
42.94698 385
42.96709 408
42.98721 427
43.00732 405
43.02743 438
43.04755 391
43.06766 412
43.08777 402
43.10789 401
43.128 420
43.14812 435
43.16823 386
43.18834 447
43.20846 387
43.22857 451
43.24868 397
43.2688 365
43.28891 412
43.30902 412
43.32914 391
43.34925 447
43.36937 398
43.38948 396
43.40959 355
43.42971 389
43.44982 398
43.46993 392
43.49005 410
43.51016 378
43.53028 407
43.55039 402
43.5705 408
43.59062 394
43.61073 439
43.63084 395
43.65096 427
43.67107 389
43.69119 403
43.7113 427
43.73141 430
43.75153 383
43.77164 393
43.79175 392
43.81187 418
43.83198 385
43.85209 453
43.87221 395
43.89232 403
43.91244 441
43.93255 406
43.95266 414
43.97278 393
43.99289 419
44.013 392
44.03312 391
44.05323 403
44.07335 419
44.09346 418
44.11357 396
44.13369 387
44.1538 369
44.17391 421
44.19403 395
44.21414 395
44.23426 364
44.25437 394
44.27448 402
44.2946 453
44.31471 369
44.33482 370
44.35494 428
44.37505 392
44.39516 415
44.41528 374
44.43539 392
44.45551 395
44.47562 404
44.49573 385
44.51585 400
44.53596 362
44.55607 361
44.57619 367
44.5963 390
44.61642 429
44.63653 417
44.65664 382
44.67676 412
44.69687 405
44.71698 399
44.7371 403
44.75721 433
44.77732 415
44.79744 394
44.81755 403
44.83767 394
44.85778 442
44.87789 410
44.89801 409
44.91812 408
44.93823 419
44.95835 442
44.97846 438
44.99858 410
45.01869 423
45.0388 421
45.05892 426
45.07903 411
45.09914 421
45.11926 451
45.13937 385
45.15949 436
45.1796 475
45.19971 436
45.21983 434
45.23994 459
45.26005 449
45.28017 439
45.30028 447
45.32039 415
45.34051 458
45.36062 415
45.38074 420
45.40085 454
45.42096 438
45.44108 426
45.46119 464
45.4813 464
45.50142 437
45.52153 430
45.54165 519
45.56176 445
45.58187 456
45.60199 501
45.6221 541
45.64221 578
45.66233 656
45.68244 659
45.70256 735
45.72267 745
45.74278 730
45.7629 780
45.78301 679
45.80312 670
45.82324 637
45.84335 649
45.86346 605
45.88358 570
45.90369 540
45.92381 503
45.94392 512
45.96403 488
45.98415 475
46.00426 435
46.02437 499
46.04449 429
46.0646 453
46.08472 427
46.10483 434
46.12494 435
46.14506 433
46.16517 409
46.18528 382
46.2054 419
46.22551 383
46.24563 435
46.26574 408
46.28585 439
46.30597 452
46.32608 438
46.34619 408
46.36631 425
46.38642 424
46.40653 405
46.42665 445
46.44676 418
46.46688 432
46.48699 429
46.5071 402
46.52722 400
46.54733 414
46.56744 390
46.58756 410
46.60767 376
46.62779 430
46.6479 365
46.66801 407
46.68813 401
46.70824 404
46.72835 409
46.74847 446
46.76858 434
46.78869 409
46.80881 408
46.82892 425
46.84904 446
46.86915 401
46.88926 408
46.90938 412
46.92949 420
46.9496 449
46.96972 407
46.98983 436
47.00995 453
47.03006 423
47.05017 412
47.07029 416
47.0904 403
47.11051 407
47.13063 416
47.15074 392
47.17086 403
47.19097 408
47.21108 428
47.2312 430
47.25131 456
47.27142 411
47.29154 407
47.31165 430
47.33176 411
47.35188 434
47.37199 427
47.39211 420
47.41222 390
47.43233 447
47.45245 426
47.47256 388
47.49267 398
47.51279 437
47.5329 401
47.55302 436
47.57313 424
47.59324 431
47.61336 445
47.63347 390
47.65358 420
47.6737 408
47.69381 417
47.71393 448
47.73404 391
47.75415 455
47.77427 438
47.79438 434
47.81449 398
47.83461 421
47.85472 421
47.87483 426
47.89495 405
47.91506 399
47.93518 400
47.95529 387
47.9754 399
47.99552 396
48.01563 418
48.03574 425
48.05586 396
48.07597 415
48.09609 417
48.1162 389
48.13631 402
48.15643 392
48.17654 441
48.19665 422
48.21677 435
48.23688 409
48.257 404
48.27711 445
48.29722 390
48.31734 375
48.33745 410
48.35756 368
48.37768 428
48.39779 440
48.4179 415
48.43802 395
48.45813 455
48.47825 416
48.49836 418
48.51847 464
48.53859 438
48.5587 439
48.57881 419
48.59893 397
48.61904 453
48.63916 452
48.65927 448
48.67938 415
48.6995 421
48.71961 448
48.73972 457
48.75984 452
48.77995 454
48.80006 448
48.82018 499
48.84029 400
48.86041 425
48.88052 420
48.90063 466
48.92075 448
48.94086 410
48.96097 414
48.98109 435
49.0012 431
49.02132 412
49.04143 416
49.06154 460
49.08166 466
49.10177 436
49.12188 438
49.142 426
49.16211 446
49.18223 448
49.20234 443
49.22245 467
49.24257 439
49.26268 456
49.28279 427
49.30291 450
49.32302 474
49.34313 464
49.36325 447
49.38336 498
49.40348 453
49.42359 465
49.4437 439
49.46382 459
49.48393 472
49.50404 455
49.52416 445
49.54427 458
49.56439 463
49.5845 469
49.60461 435
49.62473 456
49.64484 486
49.66495 475
49.68507 484
49.70518 439
49.7253 461
49.74541 447
49.76552 476
49.78564 449
49.80575 458
49.82586 505
49.84598 502
49.86609 519
49.8862 539
49.90632 605
49.92643 634
49.94655 731
49.96666 848
49.98677 951
50.00689 1100
50.027 1401
50.04711 1579
50.06723 1715
50.08734 1661
50.10746 1549
50.12757 1422
50.14768 1251
50.1678 1181
50.18791 1169
50.20802 1102
50.22814 1020
50.24825 858
50.26837 790
50.28848 622
50.30859 559
50.32871 537
50.34882 491
50.36893 442
50.38905 486
50.40916 428
50.42927 490
50.44939 449
50.4695 499
50.48962 435
50.50973 432
50.52984 510
50.54996 491
50.57007 444
50.59018 484
50.6103 490
50.63041 469
50.65053 501
50.67064 493
50.69075 469
50.71087 486
50.73098 458
50.75109 423
50.77121 465
50.79132 442
50.81143 476
50.83155 427
50.85166 416
50.87178 421
50.89189 415
50.912 393
50.93212 450
50.95223 414
50.97234 425
50.99246 450
51.01257 385
51.03269 422
51.0528 418
51.07291 419
51.09303 422
51.11314 437
51.13325 437
51.15337 415
51.17348 410
51.1936 396
51.21371 395
51.23382 390
51.25394 401
51.27405 413
51.29416 417
51.31428 411
51.33439 420
51.3545 407
51.37462 393
51.39473 404
51.41485 428
51.43496 416
51.45507 394
51.47519 442
51.4953 399
51.51541 393
51.53553 410
51.55564 365
51.57576 382
51.59587 420
51.61598 383
51.6361 387
51.65621 437
51.67632 438
51.69644 395
51.71655 395
51.73667 402
51.75678 359
51.77689 394
51.79701 337
51.81712 407
51.83723 404
51.85735 386
51.87746 383
51.89757 404
51.91769 395
51.9378 399
51.95792 410
51.97803 384
51.99814 407
52.01826 387
52.03837 376
52.05848 389
52.0786 388
52.09871 391
52.11883 397
52.13894 387
52.15905 412
52.17917 386
52.19928 388
52.21939 388
52.23951 403
52.25962 372
52.27974 376
52.29985 386
52.31996 372
52.34008 401
52.36019 412
52.3803 405
52.40042 394
52.42053 399
52.44064 381
52.46076 386
52.48087 391
52.50099 441
52.5211 395
52.54121 370
52.56133 355
52.58144 402
52.60155 417
52.62167 392
52.64178 353
52.6619 414
52.68201 407
52.70212 418
52.72224 439
52.74235 398
52.76246 404
52.78258 389
52.80269 398
52.8228 435
52.84292 402
52.86303 443
52.88315 451
52.90326 402
52.92337 432
52.94349 431
52.9636 463
52.98371 440
53.00383 445
53.02394 453
53.04406 459
53.06417 454
53.08428 481
53.1044 482
53.12451 419
53.14462 444
53.16474 485
53.18485 446
53.20497 451
53.22508 452
53.24519 423
53.26531 450
53.28542 471
53.30553 484
53.32565 440
53.34576 451
53.36587 448
53.38599 466
53.4061 482
53.42622 471
53.44633 445
53.46644 460
53.48656 480
53.50667 464
53.52678 491
53.5469 465
53.56701 468
53.58713 446
53.60724 475
53.62735 466
53.64747 473
53.66758 466
53.68769 464
53.70781 478
53.72792 485
53.74804 471
53.76815 522
53.78826 491
53.80838 512
53.82849 580
53.8486 482
53.86872 455
53.88883 520
53.90894 525
53.92906 557
53.94917 546
53.96929 580
53.9894 524
54.00951 577
54.02963 509
54.04974 535
54.06985 588
54.08997 528
54.11008 572
54.1302 527
54.15031 556
54.17042 500
54.19054 573
54.21065 550
54.23076 539
54.25088 556
54.27099 487
54.29111 500
54.31122 517
54.33133 518
54.35145 501
54.37156 494
54.39167 542
54.41179 526
54.4319 532
54.45201 548
54.47213 506
54.49224 537
54.51236 536
54.53247 542
54.55258 497
54.5727 500
54.59281 557
54.61292 521
54.63304 511
54.65315 550
54.67327 624
54.69338 565
54.71349 709
54.73361 658
54.75372 721
54.77383 817
54.79395 791
54.81406 835
54.83417 820
54.85429 790
54.8744 721
54.89452 672
54.91463 670
54.93474 716
54.95486 638
54.97497 653
54.99508 625
55.0152 555
55.03531 563
55.05543 531
55.07554 564
55.09565 525
55.11577 492
55.13588 543
55.15599 516
55.17611 582
55.19622 558
55.21634 637
55.23645 607
55.25656 606
55.27668 622
55.29679 630
55.3169 561
55.33702 571
55.35713 529
55.37724 568
55.39736 537
55.41747 512
55.43759 542
55.4577 530
55.47781 469
55.49793 473
55.51804 496
55.53815 449
55.55827 466
55.57838 491
55.5985 459
55.61861 431
55.63872 425
55.65884 448
55.67895 437
55.69906 466
55.71918 467
55.73929 497
55.75941 472
55.77952 467
55.79963 417
55.81975 439
55.83986 422
55.85997 426
55.88009 431
55.9002 406
55.92031 408
55.94043 416
55.96054 442
55.98066 377
56.00077 413
56.02088 425
56.041 464
56.06111 451
56.08122 440
56.10134 464
56.12145 444
56.14157 467
56.16168 447
56.18179 441
56.20191 423
56.22202 447
56.24213 450
56.26225 441
56.28236 397
56.30248 435
56.32259 463
56.3427 474
56.36282 413
56.38293 418
56.40304 438
56.42316 483
56.44327 470
56.46338 433
56.4835 424
56.50361 467
56.52373 433
56.54384 419
56.56395 435
56.58407 415
56.60418 452
56.62429 464
56.64441 432
56.66452 433
56.68464 472
56.70475 454
56.72486 426
56.74498 431
56.76509 456
56.7852 438
56.80532 488
56.82543 463
56.84554 392
56.86566 426
56.88577 400
56.90589 432
56.926 440
56.94611 420
56.96623 383
56.98634 455
57.00645 485
57.02657 427
57.04668 419
57.0668 428
57.08691 447
57.10702 486
57.12714 453
57.14725 407
57.16736 460
57.18748 428
57.20759 439
57.22771 430
57.24782 418
57.26793 430
57.28805 431
57.30816 448
57.32827 457
57.34839 432
57.3685 433
57.38861 419
57.40873 392
57.42884 404
57.44896 421
57.46907 409
57.48918 401
57.5093 430
57.52941 432
57.54952 377
57.56964 416
57.58975 443
57.60987 420
57.62998 402
57.65009 404
57.67021 457
57.69032 398
57.71043 410
57.73055 448
57.75066 445
57.77078 417
57.79089 422
57.811 419
57.83112 383
57.85123 446
57.87134 403
57.89146 410
57.91157 416
57.93168 420
57.9518 409
57.97191 397
57.99203 388
58.01214 411
58.03225 414
58.05237 440
58.07248 430
58.09259 452
58.11271 402
58.13282 411
58.15294 411
58.17305 401
58.19316 405
58.21328 433
58.23339 429
58.2535 427
58.27362 383
58.29373 432
58.31385 405
58.33396 397
58.35407 405
58.37419 392
58.3943 414
58.41441 400
58.43453 383
58.45464 418
58.47475 407
58.49487 408
58.51498 410
58.5351 390
58.55521 397
58.57532 421
58.59544 418
58.61555 410
58.63566 406
58.65578 425
58.67589 390
58.69601 439
58.71612 393
58.73623 404
58.75635 387
58.77646 394
58.79657 386
58.81669 410
58.8368 413
58.85691 417
58.87703 442
58.89714 389
58.91726 440
58.93737 419
58.95748 412
58.9776 423
58.99771 432
59.01782 398
59.03794 420
59.05805 403
59.07817 444
59.09828 392
59.11839 408
59.13851 458
59.15862 388
59.17873 440
59.19885 424
59.21896 394
59.23908 424
59.25919 430
59.2793 414
59.29942 413
59.31953 441
59.33964 441
59.35976 430
59.37987 447
59.39998 445
59.4201 383
59.44021 456
59.46033 470
59.48044 412
59.50055 430
59.52067 463
59.54078 419
59.56089 439
59.58101 465
59.60112 450
59.62124 461
59.64135 461
59.66146 512
59.68158 512
59.70169 493
59.7218 580
59.74192 622
59.76203 653
59.78215 698
59.80226 822
59.82237 916
59.84249 1073
59.8626 1154
59.88271 1253
59.90283 1208
59.92294 1111
59.94305 1000
59.96317 926
59.98328 809
60.0034 841
60.02351 830
60.04362 851
60.06374 855
60.08385 725
60.10396 693
60.12408 602
60.14419 600
60.16431 522
60.18442 531
60.20453 478
60.22465 448
60.24476 441
60.26487 462
60.28499 399
60.3051 414
60.32522 412
60.34533 424
60.36544 432
60.38556 442
60.40567 453
60.42578 447
60.4459 418
60.46601 408
60.48612 433
60.50624 408
60.52635 468
60.54647 399
60.56658 385
60.58669 390
60.60681 451
60.62692 429
60.64703 429
60.66715 366
60.68726 385
60.70738 384
60.72749 399
60.7476 417
60.76772 401
60.78783 397
60.80794 424
60.82806 418
60.84817 400
60.86828 463
60.8884 411
60.90851 414
60.92863 432
60.94874 408
60.96885 419
60.98897 396
61.00908 411
61.02919 392
61.04931 417
61.06942 412
61.08954 410
61.10965 426
61.12976 424
61.14988 371
61.16999 430
61.1901 406
61.21022 451
61.23033 427
61.25045 440
61.27056 430
61.29067 429
61.31079 420
61.3309 415
61.35101 423
61.37113 459
61.39124 445
61.41135 412
61.43147 400
61.45158 436
61.4717 466
61.49181 441
61.51192 415
61.53204 448
61.55215 454
61.57226 439
61.59238 439
61.61249 504
61.63261 450
61.65272 463
61.67283 435
61.69295 465
61.71306 467
61.73317 485
61.75329 499
61.7734 420
61.79352 449
61.81363 447
61.83374 472
61.85386 465
61.87397 477
61.89408 489
61.9142 506
61.93431 496
61.95442 500
61.97454 526
61.99465 532
62.01477 526
62.03488 553
62.05499 541
62.07511 593
62.09522 602
62.11533 526
62.13545 533
62.15556 613
62.17568 601
62.19579 585
62.2159 578
62.23602 625
62.25613 601
62.27624 586
62.29636 586
62.31647 602
62.33659 581
62.3567 556
62.37681 567
62.39693 624
62.41704 539
62.43715 518
62.45727 574
62.47738 543
62.49749 502
62.51761 530
62.53772 505
62.55784 495
62.57795 491
62.59806 513
62.61818 482
62.63829 464
62.6584 444
62.67852 487
62.69863 486
62.71875 457
62.73886 498
62.75897 479
62.77909 447
62.7992 418
62.81931 454
62.83943 425
62.85954 457
62.87965 464
62.89977 427
62.91988 433
62.94 456
62.96011 437
62.98022 436
63.00034 446
63.02045 430
63.04056 426
63.06068 484
63.08079 416
63.10091 439
63.12102 428
63.14113 452
63.16125 448
63.18136 410
63.20147 464
63.22159 454
63.2417 414
63.26182 459
63.28193 406
63.30204 475
63.32216 442
63.34227 440
63.36238 442
63.3825 445
63.40261 452
63.42272 464
63.44284 455
63.46295 468
63.48307 444
63.50318 463
63.52329 420
63.54341 420
63.56352 438
63.58363 433
63.60375 444
63.62386 455
63.64398 411
63.66409 463
63.6842 450
63.70432 460
63.72443 442
63.74454 451
63.76466 437
63.78477 474
63.80489 478
63.825 493
63.84511 492
63.86523 514
63.88534 555
63.90545 557
63.92557 586
63.94568 634
63.96579 600
63.98591 612
64.00602 592
64.02614 573
64.04625 536
64.06636 518
64.08648 550
64.10659 521
64.1267 495
64.14682 496
64.16693 553
64.18705 507
64.20716 472
64.22727 473
64.24739 480
64.2675 455
64.28761 438
64.30773 448
64.32784 458
64.34796 441
64.36807 417
64.38818 428
64.4083 415
64.42841 420
64.44852 402
64.46864 446
64.48875 400
64.50886 409
64.52898 401
64.54909 416
64.56921 435
64.58932 415
64.60943 425
64.62955 399
64.64966 414
64.66977 414
64.68989 430
64.71 401
64.73012 421
64.75023 449
64.77034 383
64.79046 402
64.81057 439
64.83068 386
64.8508 430
64.87091 399
64.89102 410
64.91114 431
64.93125 402
64.95137 399
64.97148 409
64.99159 412
65.01171 411
65.03182 407
65.05193 438
65.07205 412
65.09216 392
65.11228 393
65.13239 414
65.1525 411
65.17262 424
65.19273 396
65.21284 400
65.23296 401
65.25307 398
65.27319 390
65.2933 364
65.31341 383
65.33353 406
65.35364 397
65.37375 397
65.39387 407
65.41398 389
65.43409 433
65.45421 372
65.47432 391
65.49444 371
65.51455 349
65.53466 400
65.55478 392
65.57489 410
65.595 397
65.61512 385
65.63523 421
65.65535 371
65.67546 433
65.69557 408
65.71569 408
65.7358 420
65.75591 432
65.77603 448
65.79614 420
65.81626 392
65.83637 422
65.85648 418
65.8766 385
65.89671 429
65.91682 421
65.93694 402
65.95705 428
65.97716 398
65.99728 380
66.01739 368
66.03751 384
66.05762 361
66.07773 375
66.09785 383
66.11796 371
66.13807 382
66.15819 386
66.1783 399
66.19842 382
66.21853 397
66.23864 411
66.25876 378
66.27887 391
66.29898 380
66.3191 410
66.33921 355
66.35933 388
66.37944 381
66.39955 397
66.41967 406
66.43978 395
66.45989 394
66.48001 380
66.50012 406
66.52023 441
66.54035 375
66.56046 369
66.58058 388
66.60069 394
66.6208 367
66.64092 388
66.66103 385
66.68114 407
66.70126 390
66.72137 390
66.74149 384
66.7616 379
66.78171 385
66.80183 385
66.82194 414
66.84205 392
66.86217 397
66.88228 369
66.90239 357
66.92251 405
66.94262 359
66.96274 369
66.98285 418
67.00296 380
67.02308 352
67.04319 367
67.0633 405
67.08342 412
67.10353 366
67.12365 415
67.14376 401
67.16387 400
67.18399 385
67.2041 389
67.22421 409
67.24433 429
67.26444 372
67.28456 406
67.30467 436
67.32478 425
67.3449 429
67.36501 428
67.38512 441
67.40524 403
67.42535 473
67.44546 434
67.46558 444
67.48569 479
67.50581 509
67.52592 520
67.54603 552
67.56615 602
67.58626 682
67.60637 737
67.62649 780
67.6466 809
67.66672 901
67.68683 934
67.70694 816
67.72706 740
67.74717 682
67.76728 660
67.7874 620
67.80751 650
67.82763 685
67.84774 682
67.86785 707
67.88797 710
67.90808 648
67.92819 709
67.94831 708
67.96842 720
67.98853 696
68.00865 775
68.02876 895
68.04888 1022
68.06899 1057
68.0891 1081
68.10922 1016
68.12933 964
68.14944 880
68.16956 858
68.18967 935
68.20979 967
68.2299 1066
68.25001 973
68.27013 1020
68.29024 932
68.31035 775
68.33047 778
68.35058 641
68.3707 634
68.39081 638
68.41092 608
68.43104 621
68.45115 551
68.47126 566
68.49138 502
68.51149 476
68.5316 484
68.55172 462
68.57183 408
68.59195 451
68.61206 419
68.63217 415
68.65229 401
68.6724 392
68.69251 412
68.71263 426
68.73274 415
68.75286 400
68.77297 375
68.79308 416
68.8132 402
68.83331 422
68.85342 379
68.87354 383
68.89365 408
68.91376 385
68.93388 402
68.95399 371
68.97411 406
68.99422 371
69.01433 395
69.03445 396
69.05456 395
69.07467 424
69.09479 419
69.1149 366
69.13502 400
69.15513 383
69.17524 397
69.19536 388
69.21547 416
69.23558 397
69.2557 403
69.27581 403
69.29593 402
69.31604 402
69.33615 386
69.35627 412
69.37638 424
69.39649 358
69.41661 375
69.43672 388
69.45683 432
69.47695 397
69.49706 390
69.51718 371
69.53729 378
69.5574 368
69.57752 412
69.59763 393
69.61774 391
69.63786 376
69.65797 396
69.67809 369
69.6982 373
69.71831 364
69.73843 392
69.75854 354
69.77865 379
69.79877 398
69.81888 437
69.839 391
69.85911 409
69.87922 397
69.89934 380
69.91945 394
69.93956 372
69.95968 389
69.97979 404
69.9999 347
70.02002 373
70.04013 400
70.06025 368
70.08036 419
70.10047 417
70.12059 365
70.1407 381
70.16081 397
70.18093 371
70.20104 363
70.22116 380
70.24127 372
70.26138 375
70.2815 389
70.30161 362
70.32172 385
70.34184 379
70.36195 396
70.38207 406
70.40218 392
70.42229 392
70.44241 360
70.46252 380
70.48263 350
70.50275 375
70.52286 350
70.54297 387
70.56309 369
70.5832 385
70.60332 391
70.62343 367
70.64354 382
70.66366 406
70.68377 369
70.70388 396
70.724 392
70.74411 388
70.76423 383
70.78434 385
70.80445 390
70.82457 413
70.84468 409
70.86479 406
70.88491 370
70.90502 378
70.92513 353
70.94525 406
70.96536 388
70.98548 391
71.00559 367
71.0257 341
71.04582 402
71.06593 375
71.08604 394
71.10616 368
71.12627 354
71.14639 358
71.1665 362
71.18661 366
71.20673 374
71.22684 424
71.24695 388
71.26707 366
71.28718 359
71.3073 371
71.32741 345
71.34752 364
71.36764 374
71.38775 394
71.40786 397
71.42798 361
71.44809 378
71.4682 371
71.48832 395
71.50843 370
71.52855 370
71.54866 424
71.56877 372
71.58889 366
71.609 383
71.62911 402
71.64923 345
71.66934 414
71.68946 369
71.70957 396
71.72968 395
71.7498 383
71.76991 370
71.79002 386
71.81014 396
71.83025 407
71.85037 381
71.87048 352
71.89059 388
71.91071 439
71.93082 410
71.95093 415
71.97105 388
71.99116 382
72.01127 393
72.03139 375
72.0515 389
72.07162 376
72.09173 411
72.11184 414
72.13196 397
72.15207 414
72.17218 372
72.1923 394
72.21241 390
72.23253 392
72.25264 366
72.27275 392
72.29287 429
72.31298 399
72.33309 367
72.35321 368
72.37332 381
72.39344 430
72.41355 386
72.43366 367
72.45378 370
72.47389 415
72.494 384
72.51412 380
72.53423 384
72.55434 358
72.57446 396
72.59457 379
72.61469 400
72.6348 374
72.65491 382
72.67503 377
72.69514 398
72.71525 384
72.73537 402
72.75548 381
72.7756 401
72.79571 367
72.81582 370
72.83594 399
72.85605 410
72.87616 365
72.89628 406
72.91639 407
72.9365 420
72.95662 388
72.97673 387
72.99685 390
73.01696 385
73.03707 382
73.05719 385
73.0773 371
73.09741 427
73.11753 383
73.13764 404
73.15776 381
73.17787 404
73.19798 454
73.2181 413
73.23821 427
73.25832 445
73.27844 441
73.29855 490
73.31867 494
73.33878 524
73.35889 574
73.37901 527
73.39912 545
73.41923 558
73.43935 527
73.45946 496
73.47957 484
73.49969 477
73.5198 440
73.53992 426
73.56003 462
73.58014 519
73.60026 480
73.62037 481
73.64048 462
73.6606 459
73.68071 467
73.70083 453
73.72094 413
73.74105 403
73.76117 428
73.78128 415
73.80139 403
73.82151 425
73.84162 378
73.86174 411
73.88185 388
73.90196 419
73.92208 442
73.94219 410
73.9623 340
73.98242 406
74.00253 402
74.02264 375
74.04276 408
74.06287 396
74.08299 383
74.1031 370
74.12321 387
74.14333 364
74.16344 412
74.18355 379
74.20367 442
74.22378 360
74.2439 407
74.26401 361
74.28412 390
74.30424 398
74.32435 381
74.34446 379
74.36458 393
74.38469 349
74.40481 400
74.42492 416
74.44503 357
74.46515 378
74.48526 375
74.50537 342
74.52549 399
74.5456 403
74.56571 371
74.58583 402
74.60594 361
74.62606 372
74.64617 367
74.66628 389
74.6864 372
74.70651 357
74.72662 387
74.74674 361
74.76685 361
74.78697 378
74.80708 394
74.82719 420
74.84731 340
74.86742 405
74.88753 364
74.90765 381
74.92776 396
74.94787 383
74.96799 377
74.9881 379
75.00822 407
