3.00117 16892
3.02128 16422
3.0414 16338
3.06151 15745
3.08162 15293
3.10174 15126
3.12185 14288
3.14197 13721
3.16208 13187
3.18219 13361
3.20231 12443
3.22242 12011
3.24253 11708
3.26265 11439
3.28276 11007
3.30288 10690
3.32299 9990
3.3431 10224
3.36322 9596
3.38333 9332
3.40344 8961
3.42356 8635
3.44367 8498
3.46379 7755
3.4839 7643
3.50401 7504
3.52413 7028
3.54424 6918
3.56435 6486
3.58447 6389
3.60458 6347
3.62469 5646
3.64481 5641
3.66492 5392
3.68504 5072
3.70515 5047
3.72526 4617
3.74538 4531
3.76549 4309
3.7856 4195
3.80572 3972
3.82583 3638
3.84595 3581
3.86606 3334
3.88617 3352
3.90629 3189
3.9264 2927
3.94651 2899
3.96663 2574
3.98674 2604
4.00686 2487
4.02697 2219
4.04708 2212
4.0672 2116
4.08731 2058
4.10742 2045
4.12754 1844
4.14765 1867
4.16776 1746
4.18788 1714
4.20799 1678
4.22811 1512
4.24822 1475
4.26833 1532
4.28845 1421
4.30856 1506
4.32867 1287
4.34879 1337
4.3689 1313
4.38902 1102
4.40913 1290
4.42924 1172
4.44936 1157
4.46947 1125
4.48958 1080
4.5097 1150
4.52981 986
4.54992 984
4.57004 908
4.59015 971
4.61027 1009
4.63038 829
4.65049 880
4.67061 855
4.69072 749
4.71083 863
4.73095 804
4.75106 816
4.77118 845
4.79129 790
4.8114 722
4.83152 700
4.85163 686
4.87174 735
4.89186 660
4.91197 684
4.93209 617
4.9522 625
4.97231 654
4.99243 592
5.01254 640
5.03265 558
5.05277 520
5.07288 551
5.09299 499
5.11311 500
5.13322 507
5.15334 509
5.17345 455
5.19356 453
5.21368 405
5.23379 415
5.2539 396
5.27402 461
5.29413 381
5.31425 410
5.33436 362
5.35447 345
5.37459 393
5.3947 328
5.41481 347
5.43493 377
5.45504 341
5.47516 323
5.49527 359
5.51538 284
5.5355 299
5.55561 282
5.57572 302
5.59584 303
5.61595 298
5.63606 275
5.65618 252
5.67629 280
5.69641 257
5.71652 247
5.73663 218
5.75675 264
5.77686 237
5.79697 263
5.81709 244
5.8372 245
5.85732 224
5.87743 230
5.89754 241
5.91766 234
5.93777 232
5.95788 228
5.978 220
5.99811 210
6.01823 214
6.03834 230
6.05845 227
6.07857 215
6.09868 234
6.11879 195
6.13891 179
6.15902 187
6.17913 223
6.19925 198
6.21936 217
6.23948 204
6.25959 207
6.2797 195
6.29982 197
6.31993 201
6.34004 201
6.36016 214
6.38027 169
6.40039 202
6.4205 221
6.44061 189
6.46073 201
6.48084 202
6.50095 196
6.52107 206
6.54118 173
6.56129 205
6.58141 185
6.60152 196
6.62164 207
6.64175 201
6.66186 176
6.68198 173
6.70209 200
6.7222 158
6.74232 202
6.76243 162
6.78255 206
6.80266 159
6.82277 161
6.84289 176
6.863 168
6.88311 191
6.90323 172
6.92334 172
6.94346 200
6.96357 175
6.98368 195
7.0038 168
7.02391 162
7.04402 186
7.06414 204
7.08425 175
7.10436 173
7.12448 181
7.14459 194
7.16471 196
7.18482 170
7.20493 229
7.22505 172
7.24516 194
7.26527 175
7.28539 217
7.3055 179
7.32562 226
7.34573 193
7.36584 210
7.38596 194
7.40607 205
7.42618 201
7.4463 200
7.46641 167
7.48653 184
7.50664 220
7.52675 213
7.54687 177
7.56698 206
7.58709 203
7.60721 208
7.62732 202
7.64743 200
7.66755 188
7.68766 207
7.70778 191
7.72789 196
7.748 198
7.76812 194
7.78823 198
7.80834 187
7.82846 219
7.84857 193
7.86869 218
7.8888 194
7.90891 210
7.92903 191
7.94914 190
7.96925 171
7.98937 198
8.00948 173
8.0296 217
8.04971 217
8.06982 192
8.08994 193
8.11005 210
8.13016 191
8.15028 237
8.17039 185
8.1905 206
8.21062 221
8.23073 204
8.25085 227
8.27096 179
8.29107 225
8.31119 220
8.3313 208
8.35141 237
8.37153 212
8.39164 216
8.41176 197
8.43187 225
8.45198 205
8.4721 230
8.49221 227
8.51232 220
8.53244 213
8.55255 248
8.57266 185
8.59278 251
8.61289 238
8.63301 223
8.65312 239
8.67323 209
8.69335 211
8.71346 206
8.73357 227
8.75369 213
8.7738 207
8.79392 202
8.81403 226
8.83414 203
8.85426 256
8.87437 212
8.89448 236
8.9146 235
8.93471 216
8.95483 212
8.97494 234
8.99505 214
9.01517 232
9.03528 239
9.05539 200
9.07551 227
9.09562 229
9.11573 225
9.13585 235
9.15596 222
9.17608 233
9.19619 206
9.2163 260
9.23642 248
9.25653 195
9.27664 230
9.29676 244
9.31687 206
9.33699 230
9.3571 231
9.37721 218
9.39733 232
9.41744 201
9.43755 215
9.45767 223
9.47778 207
9.4979 236
9.51801 225
9.53812 214
9.55824 212
9.57835 216
9.59846 194
9.61858 220
9.63869 208
9.6588 222
9.67892 244
9.69903 216
9.71915 246
9.73926 194
9.75937 221
9.77949 215
9.7996 229
9.81971 212
9.83983 222
9.85994 209
9.88006 220
9.90017 227
9.92028 235
9.9404 214
9.96051 215
9.98062 237
10.00074 236
10.02085 243
10.04097 220
10.06108 226
10.08119 215
10.10131 224
10.12142 195
10.14153 214
10.16165 201
10.18176 232
10.20187 227
10.22199 243
10.2421 237
10.26222 224
10.28233 217
10.30244 202
10.32256 231
10.34267 207
10.36278 243
10.3829 203
10.40301 220
10.42313 220
10.44324 243
10.46335 245
10.48347 249
10.50358 238
10.52369 228
10.54381 240
10.56392 215
10.58403 210
10.60415 234
10.62426 246
10.64438 220
10.66449 200
10.6846 260
10.70472 233
10.72483 250
10.74494 218
10.76506 224
10.78517 229
10.80529 237
10.8254 235
10.84551 238
10.86563 220
10.88574 198
10.90585 201
10.92597 229
10.94608 236
10.9662 168
10.98631 240
11.00642 240
11.02654 245
11.04665 236
11.06676 188
11.08688 205
11.10699 247
11.1271 238
11.14722 245
11.16733 203
11.18745 244
11.20756 233
11.22767 235
11.24779 224
11.2679 218
11.28801 210
11.30813 222
11.32824 229
11.34836 221
11.36847 224
11.38858 228
11.4087 242
11.42881 209
11.44892 241
11.46904 263
11.48915 206
11.50927 241
11.52938 237
11.54949 240
11.56961 228
11.58972 244
11.60983 235
11.62995 213
11.65006 251
11.67017 273
11.69029 223
11.7104 242
11.73052 249
11.75063 223
11.77074 257
11.79086 245
11.81097 224
11.83108 237
11.8512 233
11.87131 260
11.89143 224
11.91154 231
11.93165 246
11.95177 236
11.97188 240
11.99199 233
12.01211 245
12.03222 247
12.05234 270
12.07245 245
12.09256 261
12.11268 249
12.13279 237
12.1529 257
12.17302 227
12.19313 315
12.21324 254
12.23336 213
12.25347 240
12.27359 268
12.2937 245
12.31381 230
12.33393 227
12.35404 231
12.37415 285
12.39427 217
12.41438 255
12.4345 232
12.45461 214
12.47472 236
12.49484 218
12.51495 223
12.53506 205
12.55518 218
12.57529 247
12.5954 227
12.61552 228
12.63563 195
12.65575 251
12.67586 199
12.69597 226
12.71609 207
12.7362 189
12.75631 213
12.77643 226
12.79654 218
12.81666 196
12.83677 223
12.85688 256
12.877 204
12.89711 217
12.91722 207
12.93734 200
12.95745 217
12.97757 224
12.99768 209
13.01779 202
13.03791 221
13.05802 195
13.07813 207
13.09825 211
13.11836 205
13.13847 230
13.15859 215
13.1787 226
13.19882 217
13.21893 243
13.23904 174
13.25916 225
13.27927 211
13.29938 202
13.3195 213
13.33961 226
13.35973 213
13.37984 220
13.39995 226
13.42007 210
13.44018 210
13.46029 211
13.48041 216
13.50052 211
13.52064 204
13.54075 224
13.56086 267
13.58098 221
13.60109 251
13.6212 263
13.64132 273
13.66143 232
13.68154 294
13.70166 239
13.72177 238
13.74189 205
13.762 215
13.78211 216
13.80223 250
13.82234 290
13.84245 252
13.86257 274
13.88268 243
13.9028 272
13.92291 229
13.94302 242
13.96314 235
13.98325 211
14.00336 188
14.02348 201
14.04359 190
14.06371 203
14.08382 190
14.10393 192
14.12405 173
14.14416 194
14.16427 198
14.18439 210
14.2045 172
14.22461 196
14.24473 200
14.26484 182
14.28496 209
14.30507 190
14.32518 193
14.3453 216
14.36541 195
14.38552 171
14.40564 199
14.42575 184
14.44587 175
14.46598 177
14.48609 183
14.50621 197
14.52632 171
14.54643 195
14.56655 181
14.58666 165
14.60677 200
14.62689 176
14.647 191
14.66712 174
14.68723 211
14.70734 178
14.72746 195
14.74757 207
14.76768 179
14.7878 169
14.80791 153
14.82803 187
14.84814 166
14.86825 189
14.88837 191
14.90848 174
14.92859 202
14.94871 225
14.96882 222
14.98894 222
15.00905 236
15.02916 227
15.04928 244
15.06939 237
15.0895 232
15.10962 215
15.12973 242
15.14984 208
15.16996 180
15.19007 192
15.21019 201
15.2303 182
15.25041 204
15.27053 198
15.29064 221
15.31075 194
15.33087 179
15.35098 199
15.3711 164
15.39121 187
15.41132 207
15.43144 183
15.45155 158
15.47166 172
15.49178 177
15.51189 186
15.53201 193
15.55212 202
15.57223 216
15.59235 173
15.61246 164
15.63257 156
15.65269 165
15.6728 199
15.69291 211
15.71303 191
15.73314 183
15.75326 179
15.77337 179
15.79348 175
15.8136 195
15.83371 176
15.85382 150
15.87394 155
15.89405 190
15.91417 183
15.93428 148
15.95439 186
15.97451 180
15.99462 166
16.01473 140
16.03485 195
16.05496 162
16.07508 172
16.09519 167
16.1153 170
16.13542 151
16.15553 180
16.17564 165
16.19576 178
16.21587 160
16.23598 184
16.2561 164
16.27621 172
16.29633 182
16.31644 158
16.33655 162
16.35667 183
16.37678 189
16.39689 167
16.41701 145
16.43712 147
16.45724 174
16.47735 164
16.49746 159
16.51758 188
16.53769 182
16.5578 173
16.57792 170
16.59803 167
16.61814 178
16.63826 155
16.65837 148
16.67849 164
16.6986 179
16.71871 180
16.73883 179
16.75894 152
16.77905 176
16.79917 191
16.81928 164
16.8394 158
16.85951 162
16.87962 151
16.89974 155
16.91985 158
16.93996 170
16.96008 148
16.98019 162
17.00031 159
17.02042 184
17.04053 158
17.06065 171
17.08076 183
17.10087 181
17.12099 181
17.1411 154
17.16121 150
17.18133 171
17.20144 175
17.22156 163
17.24167 171
17.26178 170
17.2819 173
17.30201 200
17.32212 181
17.34224 149
17.36235 152
17.38247 167
17.40258 172
17.42269 173
17.44281 162
17.46292 163
17.48303 173
17.50315 175
17.52326 167
17.54338 161
17.56349 163
17.5836 174
17.60372 178
17.62383 169
17.64394 149
17.66406 155
17.68417 174
17.70428 154
17.7244 142
17.74451 160
17.76463 173
17.78474 174
17.80485 191
17.82497 189
17.84508 159
17.86519 152
17.88531 180
17.90542 168
17.92554 184
17.94565 166
17.96576 147
17.98588 192
18.00599 175
18.0261 184
18.04622 162
18.06633 169
18.08645 150
18.10656 149
18.12667 155
18.14679 148
18.1669 158
18.18701 173
18.20713 147
18.22724 167
18.24735 176
18.26747 189
18.28758 162
18.3077 206
18.32781 184
18.34792 156
18.36804 177
18.38815 181
18.40826 177
18.42838 189
18.44849 177
18.46861 181
18.48872 166
18.50883 174
18.52895 189
18.54906 201
18.56917 194
18.58929 151
18.6094 179
18.62951 153
18.64963 149
18.66974 170
18.68986 193
18.70997 191
18.73008 170
18.7502 182
18.77031 185
18.79042 170
18.81054 173
18.83065 186
18.85077 179
18.87088 194
18.89099 185
18.91111 185
18.93122 177
18.95133 195
18.97145 186
18.99156 187
19.01168 190
19.03179 174
19.0519 189
19.07202 184
19.09213 163
19.11224 160
19.13236 179
19.15247 168
19.17258 164
19.1927 187
19.21281 190
19.23293 185
19.25304 160
19.27315 174
19.29327 181
19.31338 216
19.33349 174
19.35361 200
19.37372 191
19.39384 179
19.41395 168
19.43406 191
19.45418 176
19.47429 195
19.4944 222
19.51452 175
19.53463 201
19.55475 217
19.57486 205
19.59497 238
19.61509 218
19.6352 195
19.65531 183
19.67543 209
19.69554 196
19.71565 239
19.73577 246
19.75588 231
19.776 246
19.79611 254
19.81622 248
19.83634 262
19.85645 242
19.87656 255
19.89668 233
19.91679 289
19.93691 249
19.95702 274
19.97713 259
19.99725 253
20.01736 254
20.03747 274
20.05759 290
20.0777 265
20.09782 250
20.11793 283
20.13804 270
20.15816 257
20.17827 277
20.19838 317
20.2185 284
20.23861 300
20.25872 249
20.27884 293
20.29895 305
20.31907 260
20.33918 302
20.35929 293
20.37941 316
20.39952 295
20.41963 335
20.43975 332
20.45986 291
20.47998 336
20.50009 380
20.5202 365
20.54032 384
20.56043 387
20.58054 406
20.60066 423
20.62077 484
20.64088 510
20.661 562
20.68111 752
20.70123 959
20.72134 1217
20.74145 1721
20.76157 2377
20.78168 3235
20.80179 4105
20.82191 5088
20.84202 5665
20.86214 5785
20.88225 5075
20.90236 3879
20.92248 2897
20.94259 1953
20.9627 1376
20.98282 1001
21.00293 850
21.02305 784
21.04316 739
21.06327 699
21.08339 587
21.1035 524
21.12361 462
21.14373 390
21.16384 422
21.18395 331
21.20407 322
21.22418 282
21.2443 309
21.26441 324
21.28452 310
21.30464 303
21.32475 286
21.34486 285
21.36498 263
21.38509 254
21.40521 272
21.42532 262
21.44543 247
21.46555 251
21.48566 251
21.50577 261
21.52589 244
21.546 253
21.56612 289
21.58623 245
21.60634 257
21.62646 271
21.64657 241
21.66668 237
21.6868 241
21.70691 256
21.72702 267
21.74714 254
21.76725 279
21.78737 259
21.80748 300
21.82759 319
21.84771 328
21.86782 355
21.88793 423
21.90805 471
21.92816 536
21.94828 678
21.96839 744
21.9885 752
22.00862 729
22.02873 653
22.04884 513
22.06896 443
22.08907 373
22.10919 322
22.1293 279
22.14941 256
22.16953 256
22.18964 260
22.20975 280
22.22987 226
22.24998 286
22.27009 285
22.29021 261
22.31032 270
22.33044 301
22.35055 274
22.37066 280
22.39078 286
22.41089 269
22.431 256
22.45112 268
22.47123 285
22.49135 276
22.51146 309
22.53157 252
22.55169 242
22.5718 251
22.59191 266
22.61203 241
22.63214 234
22.65225 256
22.67237 230
22.69248 243
22.7126 234
22.73271 235
22.75282 260
22.77294 224
22.79305 228
22.81316 249
22.83328 247
22.85339 273
22.87351 275
22.89362 323
22.91373 325
22.93385 328
22.95396 362
22.97407 306
22.99419 287
23.0143 280
23.03442 250
23.05453 286
23.07464 262
23.09476 283
23.11487 284
23.13498 306
23.1551 305
23.17521 302
23.19532 301
23.21544 304
23.23555 275
23.25567 306
23.27578 302
23.29589 261
23.31601 295
23.33612 298
23.35623 281
23.37635 303
23.39646 337
23.41658 307
23.43669 354
23.4568 359
23.47692 387
23.49703 390
23.51714 420
23.53726 442
23.55737 484
23.57749 480
23.5976 521
23.61771 518
23.63783 471
23.65794 441
23.67805 400
23.69817 355
23.71828 371
23.73839 331
23.75851 344
23.77862 345
23.79874 334
23.81885 432
23.83896 388
23.85908 412
23.87919 471
23.8993 490
23.91942 547
23.93953 576
23.95965 533
23.97976 500
23.99987 489
24.01999 444
24.0401 387
24.06021 338
24.08033 311
24.10044 295
24.12056 267
24.14067 291
24.16078 297
24.1809 305
24.20101 356
24.22112 367
24.24124 403
24.26135 425
24.28146 417
24.30158 474
24.32169 437
24.34181 405
24.36192 406
24.38203 383
24.40215 357
24.42226 352
24.44237 292
24.46249 295
24.4826 295
24.50272 282
24.52283 233
24.54294 276
24.56306 276
24.58317 271
24.60328 305
24.6234 293
24.64351 283
24.66362 272
24.68374 270
24.70385 304
24.72397 290
24.74408 264
24.76419 291
24.78431 281
24.80442 262
24.82453 272
24.84465 282
24.86476 277
24.88488 278
24.90499 282
24.9251 283
24.94522 270
24.96533 277
24.98544 243
25.00556 255
25.02567 260
25.04579 303
25.0659 278
25.08601 284
25.10613 289
25.12624 263
25.14635 251
25.16647 275
25.18658 262
25.20669 267
25.22681 268
25.24692 251
25.26704 261
25.28715 273
25.30726 256
25.32738 271
25.34749 264
25.3676 320
25.38772 295
25.40783 328
25.42795 345
25.44806 392
25.46817 394
25.48829 440
25.5084 443
25.52851 496
25.54863 511
25.56874 529
25.58886 544
25.60897 541
25.62908 528
25.6492 553
25.66931 468
25.68942 491
25.70954 464
25.72965 471
25.74976 451
25.76988 438
25.78999 457
25.81011 437
25.83022 400
25.85033 380
25.87045 394
25.89056 405
25.91067 372
25.93079 388
25.9509 384
25.97102 403
25.99113 433
26.01124 418
26.03136 444
26.05147 471
26.07158 459
26.0917 477
26.11181 507
26.13193 532
26.15204 523
26.17215 602
26.19227 654
26.21238 733
26.23249 737
26.25261 782
26.27272 907
26.29283 982
26.31295 1029
26.33306 1066
26.35318 1284
26.37329 1528
26.3934 1743
26.41352 2127
26.43363 2597
26.45374 3341
26.47386 4475
26.49397 6083
26.51409 8181
26.5342 11081
26.55431 14936
26.57443 19131
26.59454 22708
26.61465 25090
26.63477 25195
26.65488 22607
26.67499 18263
26.69511 13498
26.71522 9919
26.73534 6672
26.75545 3922
26.77556 2374
26.79568 1830
26.81579 1466
26.8359 1325
26.85602 1240
26.87613 1104
26.89625 1042
26.91636 965
26.93647 923
26.95659 916
26.9767 824
26.99681 874
27.01693 862
27.03704 904
27.05716 918
27.07727 880
27.09738 805
27.1175 754
27.13761 655
27.15772 645
27.17784 564
27.19795 498
27.21806 548
27.23818 485
27.25829 474
27.27841 529
27.29852 532
27.31863 580
27.33875 642
27.35886 628
27.37897 768
27.39909 773
27.4192 878
27.43932 948
27.45943 1080
27.47954 1021
27.49966 941
27.51977 841
27.53988 811
27.56 734
27.58011 603
27.60023 591
27.62034 589
27.64045 645
27.66057 672
27.68068 809
27.70079 814
27.72091 1039
27.74102 1025
27.76113 1165
27.78125 1159
27.80136 1108
27.82148 1192
27.84159 1099
27.8617 1142
27.88182 1103
27.90193 1097
27.92204 1065
27.94216 1138
27.96227 1054
27.98239 995
28.0025 923
28.02261 742
28.04273 644
28.06284 549
28.08295 490
28.10307 430
28.12318 347
28.1433 361
28.16341 376
28.18352 394
28.20364 401
28.22375 409
28.24386 476
28.26398 452
28.28409 469
28.3042 425
28.32432 409
28.34443 357
28.36455 363
28.38466 364
28.40477 299
28.42489 306
28.445 262
28.46511 286
28.48523 264
28.50534 280
28.52546 254
28.54557 235
28.56568 257
28.5858 233
28.60591 235
28.62602 223
28.64614 242
28.66625 224
28.68636 232
28.70648 231
28.72659 222
28.74671 252
28.76682 220
28.78693 240
28.80705 260
28.82716 219
28.84727 260
28.86739 241
28.8875 276
28.90762 229
28.92773 218
28.94784 240
28.96796 244
28.98807 228
29.00818 222
29.0283 262
29.04841 205
29.06853 245
29.08864 203
29.10875 243
29.12887 226
29.14898 230
29.16909 235
29.18921 243
29.20932 247
29.22943 223
29.24955 227
29.26966 267
29.28978 214
29.30989 235
29.33 253
29.35012 233
29.37023 258
29.39034 248
29.41046 262
29.43057 273
29.45069 274
29.4708 278
29.49091 283
29.51103 295
29.53114 274
29.55125 298
29.57137 306
29.59148 285
29.6116 300
29.63171 294
29.65182 314
29.67194 292
29.69205 351
29.71216 414
29.73228 409
29.75239 405
29.7725 403
29.79262 391
29.81273 412
29.83285 407
29.85296 418
29.87307 338
29.89319 335
29.9133 359
29.93341 324
29.95353 304
29.97364 313
29.99376 292
30.01387 310
30.03398 293
30.0541 326
30.07421 302
30.09432 305
30.11444 326
30.13455 296
30.15467 296
30.17478 306
30.19489 310
30.21501 332
30.23512 294
30.25523 336
30.27535 330
30.29546 346
30.31557 396
30.33569 410
30.3558 456
30.37592 461
30.39603 398
30.41614 430
30.43626 406
30.45637 417
30.47648 355
30.4966 335
30.51671 315
30.53683 321
30.55694 288
30.57705 287
30.59717 285
30.61728 252
30.63739 279
30.65751 303
30.67762 308
30.69773 317
30.71785 326
30.73796 343
30.75808 335
30.77819 359
30.7983 343
30.81842 320
30.83853 337
30.85864 303
30.87876 298
30.89887 257
30.91899 238
30.9391 210
30.95921 230
30.97933 193
30.99944 210
31.01955 229
31.03967 208
31.05978 207
31.0799 193
31.10001 187
31.12012 206
31.14024 199
31.16035 199
31.18046 197
31.20058 211
31.22069 222
31.2408 211
31.26092 261
31.28103 284
31.30115 256
31.32126 280
31.34137 289
31.36149 270
31.3816 292
31.40171 290
31.42183 283
31.44194 216
31.46206 261
31.48217 193
31.50228 208
31.5224 203
31.54251 220
31.56262 196
31.58274 193
31.60285 191
31.62297 204
31.64308 186
31.66319 229
31.68331 222
31.70342 215
31.72353 187
31.74365 180
31.76376 174
31.78387 178
31.80399 210
31.8241 192
31.84422 195
31.86433 187
31.88444 169
31.90456 184
31.92467 178
31.94478 171
31.9649 164
31.98501 207
32.00513 190
32.02524 193
32.04535 214
32.06547 195
32.08558 232
32.10569 224
32.12581 219
32.14592 193
32.16604 238
32.18615 236
32.20626 225
32.22638 227
32.24649 239
32.2666 252
32.28672 227
32.30683 255
32.32694 263
32.34706 239
32.36717 239
32.38729 215
32.4074 237
32.42751 187
32.44763 223
32.46774 210
32.48785 206
32.50797 214
32.52808 221
32.5482 192
32.56831 175
32.58842 192
32.60854 162
32.62865 169
32.64876 182
32.66888 206
32.68899 167
32.7091 183
32.72922 189
32.74933 181
32.76945 186
32.78956 186
32.80967 202
32.82979 184
32.8499 182
32.87001 217
32.89013 190
32.91024 184
32.93036 191
32.95047 157
32.97058 199
32.9907 156
33.01081 208
33.03092 189
33.05104 192
33.07115 189
33.09127 199
33.11138 203
33.13149 199
33.15161 194
33.17172 187
33.19183 173
33.21195 167
33.23206 191
33.25217 165
33.27229 162
33.2924 163
33.31252 177
33.33263 194
33.35274 204
33.37286 170
33.39297 182
33.41308 182
33.4332 162
33.45331 175
33.47343 175
33.49354 170
33.51365 160
33.53377 185
33.55388 192
33.57399 176
33.59411 182
33.61422 200
33.63434 192
33.65445 173
33.67456 197
33.69468 187
33.71479 204
33.7349 216
33.75502 228
33.77513 247
33.79524 232
33.81536 235
33.83547 212
33.85559 233
33.8757 211
33.89581 233
33.91593 212
33.93604 178
33.95615 199
33.97627 198
33.99638 180
34.0165 184
34.03661 207
34.05672 201
34.07684 198
34.09695 218
34.11706 241
34.13718 208
34.15729 199
34.17741 231
34.19752 252
34.21763 245
34.23775 264
34.25786 217
34.27797 242
34.29809 274
34.3182 263
34.33831 254
34.35843 251
34.37854 232
34.39866 234
34.41877 248
34.43888 246
34.459 221
34.47911 239
34.49922 214
34.51934 218
34.53945 198
34.55957 260
34.57968 212
34.59979 213
34.61991 252
34.64002 231
34.66013 234
34.68025 237
34.70036 253
34.72047 258
34.74059 249
34.7607 250
34.78082 244
34.80093 286
34.82104 251
34.84116 250
34.86127 253
34.88138 259
34.9015 284
34.92161 277
34.94173 282
34.96184 277
34.98195 266
35.00207 270
35.02218 294
35.04229 241
35.06241 241
35.08252 272
35.10264 302
35.12275 296
35.14286 306
35.16298 271
35.18309 291
35.2032 301
35.22332 316
35.24343 290
35.26354 338
35.28366 343
35.30377 345
35.32389 321
35.344 299
35.36411 320
35.38423 328
35.40434 320
35.42445 313
35.44457 304
35.46468 298
35.4848 273
35.50491 290
35.52502 292
35.54514 266
35.56525 280
35.58536 270
35.60548 301
35.62559 265
35.64571 287
35.66582 242
35.68593 240
35.70605 228
35.72616 253
35.74627 225
35.76639 229
35.7865 234
35.80661 249
35.82673 242
35.84684 248
35.86696 218
35.88707 206
35.90718 255
35.9273 240
35.94741 230
35.96752 203
35.98764 248
36.00775 260
36.02787 264
36.04798 249
36.06809 280
36.08821 259
36.10832 254
36.12843 314
36.14855 291
36.16866 308
36.18878 307
36.20889 339
36.229 345
36.24912 307
36.26923 364
36.28934 346
36.30946 363
36.32957 416
36.34968 506
36.3698 569
36.38991 686
36.41003 827
36.43014 1006
36.45025 1254
36.47037 1515
36.49048 1670
36.51059 1813
36.53071 1720
36.55082 1639
36.57094 1424
36.59105 1227
36.61116 1015
36.63128 969
36.65139 690
36.6715 544
36.69162 368
36.71173 298
36.73184 296
36.75196 289
36.77207 278
36.79219 270
36.8123 245
36.83241 254
36.85253 263
36.87264 295
36.89275 263
36.91287 287
36.93298 277
36.9531 267
36.97321 254
36.99332 295
37.01344 290
37.03355 291
37.05366 251
37.07378 261
37.09389 262
37.11401 250
37.13412 256
37.15423 252
37.17435 254
37.19446 238
37.21457 226
37.23469 254
37.2548 213
37.27491 227
37.29503 226
37.31514 234
37.33526 166
37.35537 227
37.37548 225
37.3956 217
37.41571 208
37.43582 220
37.45594 248
37.47605 227
37.49617 225
37.51628 240
37.53639 214
37.55651 272
37.57662 244
37.59673 234
37.61685 197
37.63696 248
37.65708 239
37.67719 225
37.6973 217
37.71742 209
37.73753 197
37.75764 195
37.77776 229
37.79787 229
37.81798 206
37.8381 183
37.85821 214
37.87833 189
37.89844 205
37.91855 197
37.93867 206
37.95878 213
37.97889 209
37.99901 197
38.01912 161
38.03924 186
38.05935 181
38.07946 214
38.09958 201
38.11969 232
38.1398 208
38.15992 185
38.18003 201
38.20015 216
38.22026 193
38.24037 213
38.26049 221
38.2806 190
38.30071 204
38.32083 219
38.34094 191
38.36105 213
38.38117 233
38.40128 204
38.4214 222
38.44151 234
38.46162 241
38.48174 198
38.50185 229
38.52196 207
38.54208 218
38.56219 209
38.58231 231
38.60242 238
38.62253 220
38.64265 232
38.66276 201
38.68287 212
38.70299 187
38.7231 221
38.74321 187
38.76333 173
38.78344 194
38.80356 199
38.82367 223
38.84378 235
38.8639 197
38.88401 206
38.90412 216
38.92424 229
38.94435 226
38.96447 198
38.98458 223
39.00469 222
39.02481 253
39.04492 252
39.06503 250
39.08515 261
39.10526 244
39.12538 276
39.14549 306
39.1656 326
39.18572 329
39.20583 294
39.22594 404
39.24606 409
39.26617 456
39.28628 543
39.3064 628
39.32651 796
39.34663 963
39.36674 1130
39.38685 1337
39.40697 1508
39.42708 1668
39.44719 1739
39.46731 1580
39.48742 1278
39.50754 1093
39.52765 950
39.54776 906
39.56788 791
39.58799 628
39.6081 424
39.62822 360
39.64833 276
39.66845 277
39.68856 285
39.70867 240
39.72879 225
39.7489 248
39.76901 205
39.78913 225
39.80924 216
39.82935 220
39.84947 233
39.86958 215
39.8897 208
39.90981 204
39.92992 222
39.95004 238
39.97015 241
39.99026 243
40.01038 266
40.03049 245
40.05061 242
40.07072 286
40.09083 337
40.11095 370
40.13106 389
40.15117 478
40.17129 553
40.1914 617
40.21152 743
40.23163 839
40.25174 865
40.27186 862
40.29197 793
40.31208 723
40.3322 614
40.35231 551
40.37242 493
40.39254 509
40.41265 345
40.43277 320
40.45288 249
40.47299 226
40.49311 210
40.51322 220
40.53333 201
40.55345 207
40.57356 182
40.59368 202
40.61379 183
40.6339 206
40.65402 203
40.67413 184
40.69424 195
40.71436 201
40.73447 206
40.75458 212
40.7747 221
40.79481 183
40.81493 201
40.83504 202
40.85515 204
40.87527 187
40.89538 196
40.91549 194
40.93561 194
40.95572 192
40.97584 194
40.99595 199
41.01606 216
41.03618 180
41.05629 192
41.0764 213
41.09652 184
41.11663 186
41.13675 184
41.15686 189
41.17697 182
41.19709 184
41.2172 176
41.23731 182
41.25743 196
41.27754 178
41.29765 206
41.31777 193
41.33788 186
41.358 196
41.37811 232
41.39822 213
41.41834 210
41.43845 170
41.45856 168
41.47868 207
41.49879 206
41.51891 181
41.53902 213
41.55913 203
41.57925 219
41.59936 215
41.61947 232
41.63959 211
41.6597 262
41.67982 283
41.69993 316
41.72004 288
41.74016 306
41.76027 298
41.78038 277
41.8005 285
41.82061 277
41.84072 269
41.86084 227
41.88095 249
41.90107 259
41.92118 218
41.94129 222
41.96141 239
41.98152 224
42.00163 231
42.02175 227
42.04186 223
42.06198 231
42.08209 241
42.1022 241
42.12232 252
42.14243 246
42.16254 305
42.18266 299
42.20277 335
42.22289 368
42.243 380
42.26311 428
42.28323 543
42.30334 609
42.32345 715
42.34357 842
42.36368 981
42.38379 1146
42.40391 1233
42.42402 1212
42.44414 1176
42.46425 1022
42.48436 844
42.50448 794
42.52459 690
42.5447 627
42.56482 577
42.58493 380
42.60505 344
42.62516 286
42.64527 260
42.66539 256
42.6855 261
42.70561 247
42.72573 251
42.74584 278
42.76595 263
42.78607 248
42.80618 246
42.8263 227
42.84641 254
42.86652 240
42.88664 242
42.90675 251
42.92686 233
42.94698 242
42.96709 276
42.98721 237
43.00732 187
43.02743 198
43.04755 183
43.06766 193
43.08777 187
43.10789 186
43.128 202
43.14812 191
43.16823 194
43.18834 195
43.20846 168
43.22857 182
43.24868 182
43.2688 183
43.28891 164
43.30902 182
43.32914 161
43.34925 178
43.36937 186
43.38948 160
43.40959 175
43.42971 174
43.44982 170
43.46993 169
43.49005 152
43.51016 176
43.53028 169
43.55039 183
43.5705 167
43.59062 149
43.61073 172
43.63084 186
43.65096 174
43.67107 162
43.69119 180
43.7113 157
43.73141 170
43.75153 161
43.77164 185
43.79175 171
43.81187 194
43.83198 164
43.85209 165
43.87221 159
43.89232 171
43.91244 175
43.93255 165
43.95266 183
43.97278 180
43.99289 182
44.013 176
44.03312 165
44.05323 175
44.07335 178
44.09346 185
44.11357 184
44.13369 159
44.1538 174
44.17391 164
44.19403 181
44.21414 180
44.23426 168
44.25437 180
44.27448 179
44.2946 189
44.31471 173
44.33482 173
44.35494 164
44.37505 167
44.39516 177
44.41528 170
44.43539 176
44.45551 143
44.47562 184
44.49573 154
44.51585 166
44.53596 185
44.55607 164
44.57619 166
44.5963 179
44.61642 176
44.63653 157
44.65664 197
44.67676 181
44.69687 186
44.71698 177
44.7371 184
44.75721 178
44.77732 185
44.79744 186
44.81755 197
44.83767 177
44.85778 200
44.87789 200
44.89801 193
44.91812 177
44.93823 189
44.95835 187
44.97846 179
44.99858 184
45.01869 205
45.0388 172
45.05892 216
45.07903 184
45.09914 194
45.11926 179
45.13937 206
45.15949 177
45.1796 186
45.19971 180
45.21983 188
45.23994 172
45.26005 190
45.28017 171
45.30028 196
45.32039 186
45.34051 183
45.36062 208
45.38074 215
45.40085 219
45.42096 213
45.44108 205
45.46119 225
45.4813 235
45.50142 231
45.52153 272
45.54165 273
45.56176 303
45.58187 308
45.60199 360
45.6221 385
45.64221 469
45.66233 574
45.68244 610
45.70256 739
45.72267 779
45.74278 904
45.7629 862
45.78301 844
45.80312 753
45.82324 635
45.84335 552
45.86346 521
45.88358 496
45.90369 448
45.92381 379
45.94392 308
45.96403 254
45.98415 252
46.00426 215
46.02437 215
46.04449 210
46.0646 188
46.08472 219
46.10483 193
46.12494 197
46.14506 183
46.16517 201
46.18528 194
46.2054 169
46.22551 167
46.24563 173
46.26574 178
46.28585 175
46.30597 183
46.32608 165
46.34619 161
46.36631 164
46.38642 166
46.40653 162
46.42665 172
46.44676 162
46.46688 162
46.48699 162
46.5071 168
46.52722 158
46.54733 165
46.56744 180
46.58756 167
46.60767 168
46.62779 157
46.6479 175
46.66801 169
46.68813 169
46.70824 165
46.72835 186
46.74847 184
46.76858 186
46.78869 183
46.80881 165
46.82892 178
46.84904 192
46.86915 187
46.88926 186
46.90938 178
46.92949 188
46.9496 192
46.96972 171
46.98983 192
47.00995 167
47.03006 210
47.05017 198
47.07029 194
47.0904 166
47.11051 206
47.13063 205
47.15074 208
47.17086 188
47.19097 198
47.21108 171
47.2312 186
47.25131 186
47.27142 184
47.29154 175
47.31165 205
47.33176 195
47.35188 166
47.37199 177
47.39211 227
47.41222 214
47.43233 215
47.45245 211
47.47256 206
47.49267 198
47.51279 224
47.5329 195
47.55302 188
47.57313 186
47.59324 193
47.61336 210
47.63347 181
47.65358 165
47.6737 164
47.69381 170
47.71393 161
47.73404 168
47.75415 164
47.77427 181
47.79438 138
47.81449 171
47.83461 172
47.85472 132
47.87483 169
47.89495 158
47.91506 158
47.93518 152
47.95529 160
47.9754 157
47.99552 176
48.01563 160
48.03574 183
48.05586 173
48.07597 168
48.09609 169
48.1162 160
48.13631 168
48.15643 166
48.17654 152
48.19665 201
48.21677 182
48.23688 201
48.257 184
48.27711 180
48.29722 162
48.31734 194
48.33745 181
48.35756 187
48.37768 181
48.39779 191
48.4179 181
48.43802 171
48.45813 174
48.47825 170
48.49836 149
48.51847 155
48.53859 172
48.5587 170
48.57881 163
48.59893 170
48.61904 174
48.63916 183
48.65927 192
48.67938 171
48.6995 172
48.71961 173
48.73972 178
48.75984 169
48.77995 174
48.80006 188
48.82018 211
48.84029 206
48.86041 216
48.88052 173
48.90063 189
48.92075 212
48.94086 225
48.96097 210
48.98109 222
49.0012 240
49.02132 198
49.04143 220
49.06154 247
49.08166 239
49.10177 218
49.12188 223
49.142 253
49.16211 223
49.18223 234
49.20234 228
49.22245 229
49.24257 189
49.26268 197
49.28279 211
49.30291 177
49.32302 207
49.34313 219
49.36325 203
49.38336 168
49.40348 191
49.42359 168
49.4437 232
49.46382 213
49.48393 183
49.50404 215
49.52416 196
49.54427 200
49.56439 236
49.5845 244
49.60461 242
49.62473 243
49.64484 262
49.66495 291
49.68507 293
49.70518 316
49.7253 348
49.74541 328
49.76552 362
49.78564 402
49.80575 373
49.82586 427
49.84598 455
49.86609 499
49.8862 625
49.90632 643
49.92643 776
49.94655 882
49.96666 1046
49.98677 1249
50.00689 1539
50.027 1720
50.04711 2101
50.06723 2337
50.08734 2538
50.10746 2585
50.12757 2353
50.14768 1954
50.1678 1731
50.18791 1500
50.20802 1378
50.22814 1308
50.24825 1199
50.26837 1051
50.28848 791
50.30859 607
50.32871 445
50.34882 352
50.36893 357
50.38905 314
50.40916 300
50.42927 298
50.44939 349
50.4695 353
50.48962 339
50.50973 341
50.52984 355
50.54996 373
50.57007 367
50.59018 392
50.6103 342
50.63041 358
50.65053 345
50.67064 356
50.69075 348
50.71087 291
50.73098 328
50.75109 275
50.77121 272
50.79132 253
50.81143 249
50.83155 237
50.85166 228
50.87178 232
50.89189 209
50.912 214
50.93212 209
50.95223 179
50.97234 201
50.99246 198
51.01257 208
51.03269 194
51.0528 189
51.07291 208
51.09303 180
51.11314 174
51.13325 226
51.15337 188
51.17348 189
51.1936 230
51.21371 223
51.23382 224
51.25394 253
51.27405 227
51.29416 249
51.31428 280
51.33439 240
51.3545 230
51.37462 218
51.39473 217
51.41485 215
51.43496 187
51.45507 180
51.47519 190
51.4953 149
51.51541 179
51.53553 162
51.55564 150
51.57576 133
51.59587 146
51.61598 168
51.6361 148
51.65621 161
51.67632 153
51.69644 167
51.71655 165
51.73667 165
51.75678 165
51.77689 160
51.79701 159
51.81712 148
51.83723 158
51.85735 153
51.87746 159
51.89757 151
51.91769 170
51.9378 162
51.95792 140
51.97803 145
51.99814 171
52.01826 158
52.03837 172
52.05848 157
52.0786 151
52.09871 140
52.11883 170
52.13894 170
52.15905 153
52.17917 182
52.19928 166
52.21939 153
52.23951 151
52.25962 149
52.27974 162
52.29985 163
52.31996 165
52.34008 174
52.36019 156
52.3803 174
52.40042 176
52.42053 179
52.44064 178
52.46076 169
52.48087 175
52.50099 192
52.5211 167
52.54121 178
52.56133 197
52.58144 200
52.60155 180
52.62167 209
52.64178 176
52.6619 199
52.68201 187
52.70212 191
52.72224 175
52.74235 177
52.76246 169
52.78258 172
52.80269 187
52.8228 167
52.84292 172
52.86303 202
52.88315 201
52.90326 186
52.92337 176
52.94349 183
52.9636 173
52.98371 187
53.00383 191
53.02394 150
53.04406 213
53.06417 209
53.08428 192
53.1044 181
53.12451 178
53.14462 180
53.16474 180
53.18485 175
53.20497 155
53.22508 167
53.24519 179
53.26531 204
53.28542 168
53.30553 166
53.32565 155
53.34576 170
53.36587 149
53.38599 171
53.4061 180
53.42622 162
53.44633 151
53.46644 139
53.48656 138
53.50667 177
53.52678 192
53.5469 157
53.56701 141
53.58713 155
53.60724 168
53.62735 180
53.64747 192
53.66758 139
53.68769 186
53.70781 189
53.72792 176
53.74804 162
53.76815 159
53.78826 189
53.80838 171
53.82849 175
53.8486 177
53.86872 169
53.88883 159
53.90894 181
53.92906 181
53.94917 188
53.96929 206
53.9894 178
54.00951 163
54.02963 177
54.04974 179
54.06985 200
54.08997 169
54.11008 170
54.1302 200
54.15031 178
54.17042 166
54.19054 191
54.21065 217
54.23076 165
54.25088 195
54.27099 187
54.29111 192
54.31122 185
54.33133 236
54.35145 185
54.37156 204
54.39167 200
54.41179 213
54.4319 197
54.45201 196
54.47213 207
54.49224 205
54.51236 209
54.53247 228
54.55258 242
54.5727 249
54.59281 260
54.61292 274
54.63304 299
54.65315 331
54.67327 375
54.69338 404
54.71349 454
54.73361 535
54.75372 572
54.77383 715
54.79395 776
54.81406 794
54.83417 824
54.85429 767
54.8744 724
54.89452 632
54.91463 566
54.93474 547
54.95486 513
54.97497 535
54.99508 495
55.0152 417
55.03531 365
55.05543 325
55.07554 310
55.09565 285
55.11577 228
55.13588 290
55.15599 275
55.17611 314
55.19622 353
55.21634 406
55.23645 433
55.25656 458
55.27668 468
55.29679 441
55.3169 408
55.33702 384
55.35713 355
55.37724 309
55.39736 338
55.41747 335
55.43759 336
55.4577 319
55.47781 282
55.49793 246
55.51804 207
55.53815 201
55.55827 191
55.57838 218
55.5985 193
55.61861 174
55.63872 170
55.65884 183
55.67895 171
55.69906 180
55.71918 161
55.73929 177
55.75941 156
55.77952 179
55.79963 161
55.81975 159
55.83986 143
55.85997 170
55.88009 170
55.9002 153
55.92031 130
55.94043 167
55.96054 162
55.98066 148
56.00077 202
56.02088 174
56.041 161
56.06111 146
56.08122 155
56.10134 162
56.12145 151
56.14157 167
56.16168 140
56.18179 160
56.20191 151
56.22202 170
56.24213 153
56.26225 149
56.28236 164
56.30248 143
56.32259 159
56.3427 143
56.36282 152
56.38293 143
56.40304 159
56.42316 158
56.44327 139
56.46338 163
56.4835 141
56.50361 141
56.52373 140
56.54384 171
56.56395 148
56.58407 144
56.60418 158
56.62429 151
56.64441 163
56.66452 143
56.68464 157
56.70475 171
56.72486 151
56.74498 173
56.76509 168
56.7852 157
56.80532 151
56.82543 162
56.84554 158
56.86566 159
56.88577 156
56.90589 154
56.926 143
56.94611 161
56.96623 160
56.98634 163
57.00645 143
57.02657 138
57.04668 163
57.0668 165
57.08691 176
57.10702 181
57.12714 184
57.14725 204
57.16736 183
57.18748 208
57.20759 190
57.22771 191
57.24782 185
57.26793 174
57.28805 192
57.30816 197
57.32827 169
57.34839 194
57.3685 187
57.38861 205
57.40873 176
57.42884 177
57.44896 178
57.46907 181
57.48918 178
57.5093 174
57.52941 193
57.54952 170
57.56964 196
57.58975 185
57.60987 173
57.62998 150
57.65009 164
57.67021 166
57.69032 164
57.71043 170
57.73055 153
57.75066 175
57.77078 141
57.79089 161
57.811 172
57.83112 155
57.85123 164
57.87134 150
57.89146 165
57.91157 147
57.93168 161
57.9518 152
57.97191 149
57.99203 161
58.01214 165
58.03225 128
58.05237 143
58.07248 156
58.09259 150
58.11271 138
58.13282 139
58.15294 158
58.17305 165
58.19316 146
58.21328 150
58.23339 167
58.2535 162
58.27362 160
58.29373 152
58.31385 149
58.33396 149
58.35407 189
58.37419 162
58.3943 177
58.41441 159
58.43453 161
58.45464 172
58.47475 185
58.49487 167
58.51498 175
58.5351 177
58.55521 190
58.57532 173
58.59544 171
58.61555 180
58.63566 209
58.65578 158
58.67589 189
58.69601 190
58.71612 203
58.73623 188
58.75635 170
58.77646 170
58.79657 181
58.81669 163
58.8368 178
58.85691 143
58.87703 184
58.89714 158
58.91726 161
58.93737 156
58.95748 152
58.9776 149
58.99771 151
59.01782 164
59.03794 171
59.05805 168
59.07817 137
59.09828 170
59.11839 169
59.13851 172
59.15862 169
59.17873 159
59.19885 162
59.21896 166
59.23908 166
59.25919 167
59.2793 184
59.29942 183
59.31953 188
59.33964 177
59.35976 168
59.37987 173
59.39998 181
59.4201 199
59.44021 193
59.46033 208
59.48044 225
59.50055 206
59.52067 248
59.54078 241
59.56089 241
59.58101 256
59.60112 247
59.62124 314
59.64135 335
59.66146 335
59.68158 434
59.70169 434
59.7218 447
59.74192 523
59.76203 605
59.78215 732
59.80226 884
59.82237 1086
59.84249 1210
59.8626 1417
59.88271 1575
59.90283 1617
59.92294 1550
59.94305 1406
59.96317 1254
59.98328 1025
60.0034 920
60.02351 866
60.04362 865
60.06374 883
60.08385 860
60.10396 761
60.12408 680
60.14419 483
60.16431 380
60.18442 337
60.20453 261
60.22465 252
60.24476 227
60.26487 229
60.28499 212
60.3051 206
60.32522 218
60.34533 209
60.36544 208
60.38556 202
60.40567 189
60.42578 168
60.4459 218
60.46601 170
60.48612 172
60.50624 193
60.52635 193
60.54647 163
60.56658 163
60.58669 174
60.60681 168
60.62692 176
60.64703 177
60.66715 177
60.68726 160
60.70738 159
60.72749 182
60.7476 163
60.76772 166
60.78783 176
60.80794 146
60.82806 167
60.84817 145
60.86828 168
60.8884 143
60.90851 170
60.92863 159
60.94874 163
60.96885 188
60.98897 177
61.00908 168
61.02919 177
61.04931 133
61.06942 164
61.08954 171
61.10965 193
61.12976 172
61.14988 176
61.16999 182
61.1901 198
61.21022 188
61.23033 173
61.25045 178
61.27056 162
61.29067 189
61.31079 175
61.3309 171
61.35101 179
61.37113 163
61.39124 159
61.41135 162
61.43147 148
61.45158 155
61.4717 144
61.49181 187
61.51192 179
61.53204 175
61.55215 150
61.57226 175
61.59238 169
61.61249 197
61.63261 179
61.65272 183
61.67283 171
61.69295 181
61.71306 167
61.73317 185
61.75329 188
61.7734 195
61.79352 175
61.81363 181
61.83374 183
61.85386 184
61.87397 180
61.89408 194
61.9142 210
61.93431 187
61.95442 190
61.97454 184
61.99465 208
62.01477 190
62.03488 187
62.05499 215
62.07511 183
62.09522 203
62.11533 199
62.13545 197
62.15556 183
62.17568 178
62.19579 171
62.2159 176
62.23602 183
62.25613 200
62.27624 149
62.29636 182
62.31647 161
62.33659 175
62.3567 171
62.37681 184
62.39693 182
62.41704 183
62.43715 180
62.45727 156
62.47738 185
62.49749 177
62.51761 168
62.53772 155
62.55784 175
62.57795 167
62.59806 175
62.61818 170
62.63829 181
62.6584 169
62.67852 151
62.69863 162
62.71875 168
62.73886 163
62.75897 150
62.77909 149
62.7992 162
62.81931 166
62.83943 176
62.85954 173
62.87965 169
62.89977 159
62.91988 181
62.94 184
62.96011 157
62.98022 180
63.00034 156
63.02045 166
63.04056 177
63.06068 172
63.08079 184
63.10091 190
63.12102 167
63.14113 173
63.16125 175
63.18136 181
63.20147 154
63.22159 162
63.2417 155
63.26182 156
63.28193 161
63.30204 158
63.32216 159
63.34227 158
63.36238 188
63.3825 183
63.40261 163
63.42272 166
63.44284 176
63.46295 155
63.48307 181
63.50318 176
63.52329 191
63.54341 181
63.56352 174
63.58363 197
63.60375 195
63.62386 213
63.64398 187
63.66409 209
63.6842 206
63.70432 217
63.72443 210
63.74454 260
63.76466 243
63.78477 256
63.80489 252
63.825 287
63.84511 283
63.86523 306
63.88534 364
63.90545 375
63.92557 380
63.94568 419
63.96579 423
63.98591 385
64.00602 428
64.02614 402
64.04625 345
64.06636 329
64.08648 277
64.10659 297
64.1267 309
64.14682 320
64.16693 313
64.18705 294
64.20716 255
64.22727 237
64.24739 215
64.2675 176
64.28761 142
64.30773 173
64.32784 182
64.34796 152
64.36807 173
64.38818 158
64.4083 158
64.42841 169
64.44852 171
64.46864 140
64.48875 146
64.50886 171
64.52898 147
64.54909 166
64.56921 151
64.58932 141
64.60943 170
64.62955 144
64.64966 179
64.66977 140
64.68989 149
64.71 146
64.73012 155
64.75023 189
64.77034 153
64.79046 163
64.81057 153
64.83068 152
64.8508 156
64.87091 161
64.89102 189
64.91114 164
64.93125 176
64.95137 170
64.97148 164
64.99159 159
65.01171 169
65.03182 153
65.05193 160
65.07205 177
65.09216 142
65.11228 173
65.13239 147
65.1525 163
65.17262 171
65.19273 189
65.21284 149
65.23296 194
65.25307 168
65.27319 183
65.2933 180
65.31341 187
65.33353 181
65.35364 181
65.37375 175
65.39387 196
65.41398 169
65.43409 193
65.45421 188
65.47432 180
65.49444 165
65.51455 152
65.53466 181
65.55478 185
65.57489 177
65.595 174
65.61512 196
65.63523 177
65.65535 199
65.67546 203
65.69557 230
65.71569 217
65.7358 219
65.75591 206
65.77603 189
65.79614 167
65.81626 211
65.83637 152
65.85648 186
65.8766 181
65.89671 188
65.91682 175
65.93694 196
65.95705 189
65.97716 207
65.99728 171
66.01739 160
66.03751 160
66.05762 163
66.07773 141
66.09785 168
66.11796 168
66.13807 170
66.15819 158
66.1783 153
66.19842 148
66.21853 172
66.23864 155
66.25876 171
66.27887 184
66.29898 182
66.3191 179
66.33921 208
66.35933 158
66.37944 168
66.39955 161
66.41967 184
66.43978 180
66.45989 167
66.48001 165
66.50012 155
66.52023 147
66.54035 144
66.56046 164
66.58058 174
66.60069 158
66.6208 146
66.64092 147
66.66103 162
66.68114 175
66.70126 162
66.72137 143
66.74149 144
66.7616 150
66.78171 180
66.80183 145
66.82194 182
66.84205 169
66.86217 163
66.88228 162
66.90239 173
66.92251 173
66.94262 142
66.96274 147
66.98285 157
67.00296 189
67.02308 186
67.04319 182
67.0633 172
67.08342 185
67.10353 196
67.12365 183
67.14376 186
67.16387 162
67.18399 149
67.2041 176
67.22421 205
67.24433 197
67.26444 189
67.28456 212
67.30467 208
67.32478 202
67.3449 239
67.36501 226
67.38512 247
67.40524 265
67.42535 259
67.44546 279
67.46558 300
67.48569 323
67.50581 390
67.52592 405
67.54603 453
67.56615 506
67.58626 652
67.60637 673
67.62649 836
67.6466 884
67.66672 934
67.68683 997
67.70694 974
67.72706 914
67.74717 885
67.76728 714
67.7874 656
67.80751 637
67.82763 693
67.84774 731
67.86785 709
67.88797 765
67.90808 811
67.92819 820
67.94831 751
67.96842 799
67.98853 879
68.00865 929
68.02876 1071
68.04888 1221
68.06899 1329
68.0891 1299
68.10922 1379
68.12933 1192
68.14944 1220
68.16956 1164
68.18967 1121
68.20979 1151
68.2299 1152
68.25001 1249
68.27013 1291
68.29024 1147
68.31035 1075
68.33047 908
68.35058 799
68.3707 595
68.39081 565
68.41092 542
68.43104 534
68.45115 545
68.47126 439
68.49138 441
68.51149 394
68.5316 320
68.55172 272
68.57183 237
68.59195 239
68.61206 227
68.63217 207
68.65229 197
68.6724 204
68.69251 200
68.71263 196
68.73274 191
68.75286 174
68.77297 210
68.79308 173
68.8132 167
68.83331 180
68.85342 162
68.87354 155
68.89365 178
68.91376 158
68.93388 168
68.95399 180
68.97411 177
68.99422 176
69.01433 155
69.03445 172
69.05456 172
69.07467 175
69.09479 169
69.1149 145
69.13502 192
69.15513 199
69.17524 167
69.19536 157
69.21547 156
69.23558 185
69.2557 174
69.27581 177
69.29593 181
69.31604 164
69.33615 176
69.35627 173
69.37638 174
69.39649 180
69.41661 156
69.43672 165
69.45683 157
69.47695 177
69.49706 163
69.51718 153
69.53729 145
69.5574 187
69.57752 164
69.59763 157
69.61774 143
69.63786 173
69.65797 168
69.67809 170
69.6982 163
69.71831 170
69.73843 158
69.75854 173
69.77865 154
69.79877 164
69.81888 156
69.839 159
69.85911 184
69.87922 156
69.89934 150
69.91945 160
69.93956 153
69.95968 148
69.97979 133
69.9999 132
70.02002 143
70.04013 168
70.06025 178
70.08036 124
70.10047 149
70.12059 152
70.1407 161
70.16081 139
70.18093 157
70.20104 142
70.22116 146
70.24127 123
70.26138 134
70.2815 145
70.30161 151
70.32172 141
70.34184 138
70.36195 141
70.38207 132
70.40218 134
70.42229 135
70.44241 152
70.46252 134
70.48263 151
70.50275 154
70.52286 152
70.54297 138
70.56309 142
70.5832 125
70.60332 120
70.62343 153
70.64354 130
70.66366 168
70.68377 175
70.70388 153
70.724 175
70.74411 178
70.76423 122
70.78434 147
70.80445 162
70.82457 157
70.84468 132
70.86479 149
70.88491 152
70.90502 135
70.92513 148
70.94525 174
70.96536 150
70.98548 142
71.00559 160
71.0257 152
71.04582 159
71.06593 162
71.08604 149
71.10616 153
71.12627 152
71.14639 131
71.1665 147
71.18661 140
71.20673 166
71.22684 144
71.24695 160
71.26707 147
71.28718 163
71.3073 158
71.32741 164
71.34752 155
71.36764 131
71.38775 125
71.40786 140
71.42798 150
71.44809 156
71.4682 131
71.48832 149
71.50843 143
71.52855 164
71.54866 140
71.56877 161
71.58889 143
71.609 140
71.62911 140
71.64923 152
71.66934 142
71.68946 143
71.70957 136
71.72968 155
71.7498 145
71.76991 131
71.79002 160
71.81014 154
71.83025 140
71.85037 146
71.87048 146
71.89059 138
71.91071 138
71.93082 144
71.95093 142
71.97105 149
71.99116 154
72.01127 127
72.03139 154
72.0515 149
72.07162 139
72.09173 153
72.11184 131
72.13196 147
72.15207 135
72.17218 127
72.1923 128
72.21241 158
72.23253 141
72.25264 140
72.27275 145
72.29287 159
72.31298 131
72.33309 159
72.35321 127
72.37332 170
72.39344 123
72.41355 162
72.43366 139
72.45378 142
72.47389 141
72.494 127
72.51412 148
72.53423 126
72.55434 155
72.57446 129
72.59457 153
72.61469 157
72.6348 158
72.65491 142
72.67503 141
72.69514 150
72.71525 157
72.73537 148
72.75548 144
72.7756 134
72.79571 150
72.81582 160
72.83594 159
72.85605 147
72.87616 165
72.89628 137
72.91639 142
72.9365 162
72.95662 168
72.97673 149
72.99685 160
73.01696 171
73.03707 165
73.05719 176
73.0773 163
73.09741 201
73.11753 164
73.13764 214
73.15776 182
73.17787 199
73.19798 208
73.2181 236
73.23821 227
73.25832 250
73.27844 253
73.29855 259
73.31867 310
73.33878 371
73.35889 402
73.37901 419
73.39912 428
73.41923 428
73.43935 410
73.45946 421
73.47957 347
73.49969 293
73.5198 259
73.53992 275
73.56003 296
73.58014 270
73.60026 275
73.62037 301
73.64048 263
73.6606 274
73.68071 252
73.70083 210
73.72094 200
73.74105 183
73.76117 179
73.78128 168
73.80139 181
73.82151 140
73.84162 183
73.86174 160
73.88185 182
73.90196 138
73.92208 160
73.94219 172
73.9623 150
73.98242 154
74.00253 156
74.02264 161
74.04276 134
74.06287 154
74.08299 155
74.1031 163
74.12321 137
74.14333 145
74.16344 163
74.18355 148
74.20367 149
74.22378 153
74.2439 141
74.26401 150
74.28412 158
74.30424 147
74.32435 161
74.34446 148
74.36458 150
74.38469 162
74.40481 148
74.42492 143
74.44503 150
74.46515 153
74.48526 150
74.50537 142
74.52549 128
74.5456 156
74.56571 165
74.58583 170
74.60594 158
74.62606 153
74.64617 162
74.66628 148
74.6864 129
74.70651 177
74.72662 166
74.74674 130
74.76685 151
74.78697 161
74.80708 145
74.82719 161
74.84731 158
74.86742 168
74.88753 145
74.90765 129
74.92776 168
74.94787 161
74.96799 133
74.9881 144
75.00822 152
