3.00117 20192
3.02128 19746
3.0414 19229
3.06151 18464
3.08162 18012
3.10174 17377
3.12185 17186
3.14197 16605
3.16208 16240
3.18219 16124
3.20231 14962
3.22242 14583
3.24253 14578
3.26265 13786
3.28276 13668
3.30288 13173
3.32299 12494
3.3431 12176
3.36322 11783
3.38333 11292
3.40344 10838
3.42356 10492
3.44367 10376
3.46379 9730
3.4839 9749
3.50401 9295
3.52413 8883
3.54424 8594
3.56435 8345
3.58447 8069
3.60458 7557
3.62469 7366
3.64481 7166
3.66492 6679
3.68504 6813
3.70515 6291
3.72526 6048
3.74538 6121
3.76549 5533
3.7856 5606
3.80572 5219
3.82583 5011
3.84595 4829
3.86606 4528
3.88617 4569
3.90629 4089
3.9264 4011
3.94651 3984
3.96663 3660
3.98674 3588
4.00686 3339
4.02697 3137
4.04708 3140
4.0672 2931
4.08731 2868
4.10742 2676
4.12754 2616
4.14765 2716
4.16776 2458
4.18788 2428
4.20799 2187
4.22811 2280
4.24822 2177
4.26833 2106
4.28845 1962
4.30856 1900
4.32867 1851
4.34879 1938
4.3689 1883
4.38902 1746
4.40913 1694
4.42924 1556
4.44936 1716
4.46947 1695
4.48958 1599
4.5097 1554
4.52981 1562
4.54992 1578
4.57004 1521
4.59015 1486
4.61027 1444
4.63038 1376
4.65049 1518
4.67061 1354
4.69072 1324
4.71083 1315
4.73095 1245
4.75106 1340
4.77118 1296
4.79129 1273
4.8114 1215
4.83152 1230
4.85163 1241
4.87174 1226
4.89186 1138
4.91197 1047
4.93209 1148
4.9522 1112
4.97231 1144
4.99243 1072
5.01254 1104
5.03265 1049
5.05277 1103
5.07288 1081
5.09299 1050
5.11311 1026
5.13322 1029
5.15334 1036
5.17345 1011
5.19356 989
5.21368 1075
5.23379 1015
5.2539 1037
5.27402 960
5.29413 934
5.31425 1022
5.33436 965
5.35447 969
5.37459 957
5.3947 871
5.41481 1000
5.43493 957
5.45504 925
5.47516 970
5.49527 932
5.51538 933
5.5355 923
5.55561 962
5.57572 916
5.59584 918
5.61595 887
5.63606 961
5.65618 910
5.67629 987
5.69641 869
5.71652 817
5.73663 902
5.75675 878
5.77686 900
5.79697 882
5.81709 876
5.8372 834
5.85732 917
5.87743 837
5.89754 878
5.91766 802
5.93777 851
5.95788 837
5.978 838
5.99811 812
6.01823 820
6.03834 825
6.05845 890
6.07857 804
6.09868 738
6.11879 758
6.13891 743
6.15902 744
6.17913 711
6.19925 710
6.21936 726
6.23948 727
6.25959 717
6.2797 730
6.29982 704
6.31993 650
6.34004 703
6.36016 621
6.38027 663
6.40039 641
6.4205 636
6.44061 634
6.46073 592
6.48084 581
6.50095 611
6.52107 626
6.54118 615
6.56129 569
6.58141 523
6.60152 567
6.62164 546
6.64175 512
6.66186 572
6.68198 508
6.70209 542
6.7222 529
6.74232 521
6.76243 530
6.78255 474
6.80266 527
6.82277 501
6.84289 445
6.863 474
6.88311 464
6.90323 462
6.92334 448
6.94346 465
6.96357 434
6.98368 441
7.0038 441
7.02391 418
7.04402 446
7.06414 443
7.08425 406
7.10436 437
7.12448 423
7.14459 406
7.16471 394
7.18482 383
7.20493 399
7.22505 386
7.24516 380
7.26527 358
7.28539 394
7.3055 374
7.32562 335
7.34573 341
7.36584 368
7.38596 371
7.40607 375
7.42618 386
7.4463 323
7.46641 322
7.48653 338
7.50664 313
7.52675 338
7.54687 343
7.56698 349
7.58709 334
7.60721 341
7.62732 319
7.64743 338
7.66755 300
7.68766 299
7.70778 294
7.72789 271
7.748 299
7.76812 328
7.78823 322
7.80834 326
7.82846 338
7.84857 313
7.86869 291
7.8888 330
7.90891 340
7.92903 316
7.94914 320
7.96925 300
7.98937 288
8.00948 296
8.0296 321
8.04971 290
8.06982 280
8.08994 287
8.11005 286
8.13016 284
8.15028 243
8.17039 280
8.1905 303
8.21062 298
8.23073 279
8.25085 302
8.27096 294
8.29107 275
8.31119 279
8.3313 309
8.35141 289
8.37153 290
8.39164 284
8.41176 229
8.43187 280
8.45198 298
8.4721 284
8.49221 258
8.51232 305
8.53244 304
8.55255 269
8.57266 299
8.59278 255
8.61289 273
8.63301 283
8.65312 273
8.67323 260
8.69335 285
8.71346 274
8.73357 276
8.75369 288
8.7738 272
8.79392 306
8.81403 300
8.83414 244
8.85426 270
8.87437 285
8.89448 260
8.9146 253
8.93471 284
8.95483 269
8.97494 280
8.99505 280
9.01517 311
9.03528 262
9.05539 277
9.07551 287
9.09562 277
9.11573 260
9.13585 260
9.15596 276
9.17608 253
9.19619 268
9.2163 284
9.23642 237
9.25653 254
9.27664 258
9.29676 264
9.31687 227
9.33699 266
9.3571 272
9.37721 288
9.39733 283
9.41744 262
9.43755 255
9.45767 253
9.47778 276
9.4979 278
9.51801 260
9.53812 249
9.55824 296
9.57835 255
9.59846 233
9.61858 255
9.63869 270
9.6588 292
9.67892 279
9.69903 266
9.71915 267
9.73926 316
9.75937 269
9.77949 273
9.7996 282
9.81971 234
9.83983 262
9.85994 261
9.88006 276
9.90017 267
9.92028 248
9.9404 269
9.96051 268
9.98062 277
10.00074 249
10.02085 269
10.04097 257
10.06108 260
10.08119 262
10.10131 230
10.12142 258
10.14153 251
10.16165 249
10.18176 260
10.20187 297
10.22199 277
10.2421 263
10.26222 281
10.28233 254
10.30244 258
10.32256 278
10.34267 268
10.36278 275
10.3829 240
10.40301 242
10.42313 263
10.44324 288
10.46335 261
10.48347 256
10.50358 248
10.52369 264
10.54381 241
10.56392 249
10.58403 246
10.60415 221
10.62426 264
10.64438 241
10.66449 233
10.6846 257
10.70472 258
10.72483 236
10.74494 244
10.76506 258
10.78517 265
10.80529 246
10.8254 224
10.84551 257
10.86563 282
10.88574 256
10.90585 277
10.92597 274
10.94608 235
10.9662 251
10.98631 247
11.00642 257
11.02654 229
11.04665 237
11.06676 250
11.08688 244
11.10699 253
11.1271 273
11.14722 243
11.16733 250
11.18745 266
11.20756 278
11.22767 243
11.24779 235
11.2679 237
11.28801 247
11.30813 257
11.32824 257
11.34836 228
11.36847 256
11.38858 269
11.4087 223
11.42881 256
11.44892 236
11.46904 247
11.48915 220
11.50927 256
11.52938 216
11.54949 254
11.56961 240
11.58972 254
11.60983 240
11.62995 235
11.65006 230
11.67017 255
11.69029 231
11.7104 227
11.73052 283
11.75063 240
11.77074 264
11.79086 214
11.81097 252
11.83108 227
11.8512 245
11.87131 234
11.89143 244
11.91154 254
11.93165 239
11.95177 232
11.97188 220
11.99199 260
12.01211 234
12.03222 244
12.05234 222
12.07245 238
12.09256 253
12.11268 248
12.13279 254
12.1529 276
12.17302 270
12.19313 276
12.21324 249
12.23336 252
12.25347 274
12.27359 229
12.2937 258
12.31381 276
12.33393 271
12.35404 273
12.37415 248
12.39427 293
12.41438 261
12.4345 263
12.45461 242
12.47472 241
12.49484 299
12.51495 247
12.53506 245
12.55518 265
12.57529 208
12.5954 223
12.61552 248
12.63563 213
12.65575 194
12.67586 240
12.69597 240
12.71609 237
12.7362 239
12.75631 233
12.77643 210
12.79654 249
12.81666 200
12.83677 221
12.85688 212
12.877 227
12.89711 225
12.91722 223
12.93734 202
12.95745 225
12.97757 230
12.99768 210
13.01779 223
13.03791 255
13.05802 208
13.07813 220
13.09825 201
13.11836 223
13.13847 196
13.15859 227
13.1787 213
13.19882 226
13.21893 231
13.23904 222
13.25916 219
13.27927 219
13.29938 223
13.3195 203
13.33961 210
13.35973 204
13.37984 219
13.39995 217
13.42007 219
13.44018 196
13.46029 221
13.48041 250
13.50052 196
13.52064 225
13.54075 217
13.56086 237
13.58098 234
13.60109 205
13.6212 227
13.64132 200
13.66143 230
13.68154 237
13.70166 223
13.72177 232
13.74189 197
13.762 229
13.78211 210
13.80223 199
13.82234 209
13.84245 205
13.86257 233
13.88268 220
13.9028 228
13.92291 256
13.94302 208
13.96314 250
13.98325 225
14.00336 250
14.02348 188
14.04359 218
14.06371 207
14.08382 212
14.10393 192
14.12405 209
14.14416 208
14.16427 212
14.18439 259
14.2045 218
14.22461 224
14.24473 218
14.26484 180
14.28496 188
14.30507 212
14.32518 195
14.3453 246
14.36541 196
14.38552 227
14.40564 212
14.42575 200
14.44587 220
14.46598 235
14.48609 202
14.50621 212
14.52632 208
14.54643 217
14.56655 193
14.58666 199
14.60677 230
14.62689 203
14.647 203
14.66712 187
14.68723 203
14.70734 185
14.72746 211
14.74757 196
14.76768 210
14.7878 198
14.80791 211
14.82803 205
14.84814 188
14.86825 210
14.88837 211
14.90848 231
14.92859 213
14.94871 211
14.96882 228
14.98894 230
15.00905 205
15.02916 206
15.04928 195
15.06939 203
15.0895 198
15.10962 193
15.12973 208
15.14984 229
15.16996 194
15.19007 195
15.21019 203
15.2303 192
15.25041 166
15.27053 189
15.29064 199
15.31075 192
15.33087 217
15.35098 200
15.3711 212
15.39121 192
15.41132 200
15.43144 207
15.45155 199
15.47166 192
15.49178 154
15.51189 180
15.53201 197
15.55212 194
15.57223 199
15.59235 210
15.61246 185
15.63257 221
15.65269 180
15.6728 186
15.69291 178
15.71303 172
15.73314 195
15.75326 201
15.77337 222
15.79348 192
15.8136 206
15.83371 209
15.85382 197
15.87394 173
15.89405 200
15.91417 213
15.93428 200
15.95439 205
15.97451 204
15.99462 189
16.01473 214
16.03485 222
16.05496 186
16.07508 187
16.09519 197
16.1153 199
16.13542 201
16.15553 203
16.17564 210
16.19576 200
16.21587 203
16.23598 222
16.2561 188
16.27621 192
16.29633 212
16.31644 194
16.33655 222
16.35667 202
16.37678 184
16.39689 216
16.41701 192
16.43712 199
16.45724 218
16.47735 185
16.49746 204
16.51758 217
16.53769 166
16.5578 250
16.57792 183
16.59803 209
16.61814 189
16.63826 195
16.65837 219
16.67849 225
16.6986 211
16.71871 206
16.73883 212
16.75894 213
16.77905 194
16.79917 190
16.81928 179
16.8394 178
16.85951 213
16.87962 240
16.89974 200
16.91985 216
16.93996 206
16.96008 194
16.98019 184
17.00031 214
17.02042 227
17.04053 177
17.06065 171
17.08076 209
17.10087 186
17.12099 211
17.1411 208
17.16121 197
17.18133 225
17.20144 202
17.22156 221
17.24167 205
17.26178 213
17.2819 203
17.30201 225
17.32212 192
17.34224 199
17.36235 189
17.38247 216
17.40258 185
17.42269 194
17.44281 215
17.46292 193
17.48303 220
17.50315 227
17.52326 217
17.54338 234
17.56349 212
17.5836 197
17.60372 198
17.62383 214
17.64394 192
17.66406 186
17.68417 228
17.70428 210
17.7244 208
17.74451 207
17.76463 211
17.78474 192
17.80485 193
17.82497 205
17.84508 218
17.86519 201
17.88531 237
17.90542 195
17.92554 190
17.94565 196
17.96576 206
17.98588 208
18.00599 179
18.0261 210
18.04622 239
18.06633 201
18.08645 213
18.10656 219
18.12667 205
18.14679 221
18.1669 237
18.18701 214
18.20713 196
18.22724 208
18.24735 197
18.26747 194
18.28758 200
18.3077 202
18.32781 226
18.34792 215
18.36804 203
18.38815 217
18.40826 209
18.42838 192
18.44849 201
18.46861 211
18.48872 212
18.50883 219
18.52895 203
18.54906 233
18.56917 212
18.58929 229
18.6094 190
18.62951 201
18.64963 229
18.66974 221
18.68986 207
18.70997 208
18.73008 217
18.7502 219
18.77031 219
18.79042 222
18.81054 227
18.83065 217
18.85077 224
18.87088 211
18.89099 227
18.91111 201
18.93122 235
18.95133 214
18.97145 206
18.99156 203
19.01168 228
19.03179 177
19.0519 233
19.07202 229
19.09213 231
19.11224 213
19.13236 195
19.15247 207
19.17258 238
19.1927 211
19.21281 228
19.23293 241
19.25304 229
19.27315 245
19.29327 243
19.31338 255
19.33349 270
19.35361 258
19.37372 243
19.39384 244
19.41395 276
19.43406 270
19.45418 276
19.47429 278
19.4944 301
19.51452 305
19.53463 321
19.55475 343
19.57486 328
19.59497 360
19.61509 395
19.6352 389
19.65531 382
19.67543 412
19.69554 452
19.71565 500
19.73577 491
19.75588 513
19.776 505
19.79611 512
19.81622 483
19.83634 502
19.85645 559
19.87656 476
19.89668 524
19.91679 455
19.93691 485
19.95702 459
19.97713 515
19.99725 457
20.01736 441
20.03747 459
20.05759 469
20.0777 437
20.09782 436
20.11793 452
20.13804 407
20.15816 438
20.17827 431
20.19838 450
20.2185 457
20.23861 430
20.25872 440
20.27884 400
20.29895 463
20.31907 409
20.33918 420
20.35929 453
20.37941 457
20.39952 444
20.41963 472
20.43975 532
20.45986 461
20.47998 490
20.50009 467
20.5202 504
20.54032 537
20.56043 598
20.58054 589
20.60066 625
20.62077 690
20.64088 786
20.661 994
20.68111 1260
20.70123 1635
20.72134 2227
20.74145 3055
20.76157 4040
20.78168 5181
20.80179 6277
20.82191 7110
20.84202 7401
20.86214 6828
20.88225 5587
20.90236 4038
20.92248 2858
20.94259 1846
20.9627 1131
20.98282 782
21.00293 673
21.02305 590
21.04316 510
21.06327 526
21.08339 505
21.1035 490
21.12361 487
21.14373 427
21.16384 422
21.18395 388
21.20407 391
21.22418 368
21.2443 369
21.26441 331
21.28452 346
21.30464 349
21.32475 342
21.34486 352
21.36498 338
21.38509 321
21.40521 323
21.42532 372
21.44543 320
21.46555 318
21.48566 335
21.50577 308
21.52589 311
21.546 302
21.56612 299
21.58623 340
21.60634 316
21.62646 326
21.64657 293
21.66668 307
21.6868 329
21.70691 281
21.72702 307
21.74714 323
21.76725 312
21.78737 313
21.80748 332
21.82759 320
21.84771 313
21.86782 296
21.88793 293
21.90805 313
21.92816 281
21.94828 285
21.96839 337
21.9885 308
22.00862 286
22.02873 308
22.04884 285
22.06896 266
22.08907 280
22.10919 299
22.1293 280
22.14941 267
22.16953 266
22.18964 315
22.20975 281
22.22987 321
22.24998 291
22.27009 311
22.29021 312
22.31032 302
22.33044 314
22.35055 291
22.37066 297
22.39078 314
22.41089 274
22.431 315
22.45112 287
22.47123 276
22.49135 256
22.51146 245
22.53157 276
22.55169 238
22.5718 292
22.59191 273
22.61203 281
22.63214 261
22.65225 257
22.67237 308
22.69248 296
22.7126 276
22.73271 280
22.75282 265
22.77294 270
22.79305 256
22.81316 254
22.83328 277
22.85339 275
22.87351 288
22.89362 258
22.91373 276
22.93385 282
22.95396 248
22.97407 267
22.99419 264
23.0143 266
23.03442 283
23.05453 277
23.07464 290
23.09476 296
23.11487 277
23.13498 290
23.1551 289
23.17521 259
23.19532 333
23.21544 287
23.23555 287
23.25567 286
23.27578 293
23.29589 283
23.31601 263
23.33612 256
23.35623 258
23.37635 268
23.39646 259
23.41658 241
23.43669 265
23.4568 253
23.47692 262
23.49703 283
23.51714 274
23.53726 248
23.55737 265
23.57749 246
23.5976 250
23.61771 282
23.63783 270
23.65794 280
23.67805 254
23.69817 266
23.71828 260
23.73839 267
23.75851 267
23.77862 295
23.79874 263
23.81885 300
23.83896 299
23.85908 268
23.87919 310
23.8993 302
23.91942 315
23.93953 331
23.95965 342
23.97976 342
23.99987 329
24.01999 328
24.0401 313
24.06021 275
24.08033 285
24.10044 282
24.12056 281
24.14067 251
24.16078 283
24.1809 274
24.20101 279
24.22112 281
24.24124 237
24.26135 262
24.28146 285
24.30158 290
24.32169 248
24.34181 307
24.36192 296
24.38203 284
24.40215 298
24.42226 248
24.44237 268
24.46249 261
24.4826 285
24.50272 248
24.52283 241
24.54294 228
24.56306 276
24.58317 274
24.60328 272
24.6234 268
24.64351 285
24.66362 268
24.68374 252
24.70385 266
24.72397 285
24.74408 263
24.76419 265
24.78431 317
24.80442 271
24.82453 296
24.84465 281
24.86476 300
24.88488 293
24.90499 269
24.9251 263
24.94522 284
24.96533 257
24.98544 289
25.00556 279
25.02567 285
25.04579 287
25.0659 303
25.08601 274
25.10613 274
25.12624 297
25.14635 301
25.16647 277
25.18658 299
25.20669 296
25.22681 301
25.24692 312
25.26704 309
25.28715 298
25.30726 283
25.32738 301
25.34749 303
25.3676 297
25.38772 275
25.40783 307
25.42795 315
25.44806 315
25.46817 313
25.48829 306
25.5084 308
25.52851 347
25.54863 349
25.56874 330
25.58886 310
25.60897 350
25.62908 373
25.6492 376
25.66931 445
25.68942 410
25.70954 440
25.72965 443
25.74976 440
25.76988 494
25.78999 499
25.81011 507
25.83022 464
25.85033 493
25.87045 488
25.89056 461
25.91067 500
25.93079 501
25.9509 529
25.97102 567
25.99113 597
26.01124 599
26.03136 559
26.05147 589
26.07158 658
26.0917 652
26.11181 686
26.13193 717
26.15204 734
26.17215 858
26.19227 858
26.21238 962
26.23249 941
26.25261 1063
26.27272 1146
26.29283 1250
26.31295 1388
26.33306 1593
26.35318 1841
26.37329 2007
26.3934 2487
26.41352 3396
26.43363 4163
26.45374 5725
26.47386 7533
26.49397 10315
26.51409 14070
26.5342 18118
26.55431 23570
26.57443 28030
26.59454 31920
26.61465 32927
26.63477 31182
26.65488 26247
26.67499 19954
26.69511 14876
26.71522 10504
26.73534 6531
26.75545 3886
26.77556 2433
26.79568 1899
26.81579 1522
26.8359 1420
26.85602 1305
26.87613 1165
26.89625 1063
26.91636 1026
26.93647 895
26.95659 807
26.9767 738
26.99681 658
27.01693 643
27.03704 646
27.05716 588
27.07727 563
27.09738 560
27.1175 554
27.13761 538
27.15772 514
27.17784 461
27.19795 488
27.21806 436
27.23818 463
27.25829 460
27.27841 431
27.29852 404
27.31863 494
27.33875 494
27.35886 491
27.37897 453
27.39909 451
27.4192 489
27.43932 443
27.45943 453
27.47954 427
27.49966 375
27.51977 421
27.53988 417
27.56 400
27.58011 383
27.60023 365
27.62034 383
27.64045 374
27.66057 349
27.68068 379
27.70079 338
27.72091 353
27.74102 376
27.76113 330
27.78125 347
27.80136 339
27.82148 365
27.84159 320
27.8617 317
27.88182 336
27.90193 352
27.92204 328
27.94216 357
27.96227 336
27.98239 353
28.0025 323
28.02261 356
28.04273 318
28.06284 326
28.08295 357
28.10307 329
28.12318 286
28.1433 345
28.16341 344
28.18352 294
28.20364 339
28.22375 318
28.24386 299
28.26398 316
28.28409 332
28.3042 336
28.32432 334
28.34443 295
28.36455 354
28.38466 316
28.40477 324
28.42489 304
28.445 325
28.46511 286
28.48523 321
28.50534 344
28.52546 308
28.54557 271
28.56568 300
28.5858 291
28.60591 287
28.62602 300
28.64614 256
28.66625 298
28.68636 274
28.70648 295
28.72659 301
28.74671 335
28.76682 293
28.78693 283
28.80705 262
28.82716 299
28.84727 307
28.86739 309
28.8875 306
28.90762 287
28.92773 273
28.94784 281
28.96796 284
28.98807 294
29.00818 304
29.0283 285
29.04841 296
29.06853 277
29.08864 304
29.10875 292
29.12887 280
29.14898 271
29.16909 280
29.18921 252
29.20932 307
29.22943 272
29.24955 281
29.26966 285
29.28978 294
29.30989 277
29.33 257
29.35012 265
29.37023 301
29.39034 295
29.41046 328
29.43057 295
29.45069 290
29.4708 289
29.49091 293
29.51103 283
29.53114 260
29.55125 252
29.57137 287
29.59148 270
29.6116 269
29.63171 287
29.65182 253
29.67194 315
29.69205 275
29.71216 257
29.73228 269
29.75239 267
29.7725 278
29.79262 258
29.81273 254
29.83285 247
29.85296 262
29.87307 255
29.89319 253
29.9133 275
29.93341 241
29.95353 278
29.97364 267
29.99376 262
30.01387 280
30.03398 228
30.0541 267
30.07421 212
30.09432 265
30.11444 231
30.13455 237
30.15467 261
30.17478 267
30.19489 268
30.21501 261
30.23512 230
30.25523 245
30.27535 228
30.29546 257
30.31557 263
30.33569 249
30.3558 291
30.37592 251
30.39603 228
30.41614 252
30.43626 240
30.45637 278
30.47648 255
30.4966 252
30.51671 222
30.53683 258
30.55694 263
30.57705 238
30.59717 278
30.61728 259
30.63739 244
30.65751 249
30.67762 242
30.69773 253
30.71785 245
30.73796 266
30.75808 247
30.77819 270
30.7983 232
30.81842 236
30.83853 245
30.85864 238
30.87876 221
30.89887 229
30.91899 252
30.9391 242
30.95921 258
30.97933 228
30.99944 245
31.01955 223
31.03967 213
31.05978 240
31.0799 227
31.10001 257
31.12012 232
31.14024 220
31.16035 213
31.18046 246
31.20058 241
31.22069 204
31.2408 234
31.26092 192
31.28103 228
31.30115 221
31.32126 222
31.34137 240
31.36149 239
31.3816 235
31.40171 200
31.42183 214
31.44194 230
31.46206 212
31.48217 208
31.50228 266
31.5224 224
31.54251 197
31.56262 209
31.58274 211
31.60285 200
31.62297 248
31.64308 214
31.66319 212
31.68331 248
31.70342 216
31.72353 225
31.74365 199
31.76376 212
31.78387 247
31.80399 243
31.8241 206
31.84422 223
31.86433 223
31.88444 247
31.90456 228
31.92467 218
31.94478 236
31.9649 228
31.98501 215
32.00513 205
32.02524 230
32.04535 217
32.06547 215
32.08558 184
32.10569 206
32.12581 244
32.14592 210
32.16604 212
32.18615 223
32.20626 217
32.22638 218
32.24649 217
32.2666 204
32.28672 206
32.30683 235
32.32694 208
32.34706 216
32.36717 236
32.38729 206
32.4074 198
32.42751 218
32.44763 192
32.46774 182
32.48785 202
32.50797 228
32.52808 210
32.5482 203
32.56831 212
32.58842 224
32.60854 226
32.62865 219
32.64876 228
32.66888 215
32.68899 205
32.7091 208
32.72922 202
32.74933 228
32.76945 175
32.78956 190
32.80967 170
32.82979 192
32.8499 180
32.87001 237
32.89013 207
32.91024 218
32.93036 182
32.95047 193
32.97058 210
32.9907 207
33.01081 206
33.03092 215
33.05104 221
33.07115 195
33.09127 192
33.11138 167
33.13149 174
33.15161 194
33.17172 192
33.19183 189
33.21195 213
33.23206 206
33.25217 201
33.27229 187
33.2924 186
33.31252 195
33.33263 196
33.35274 183
33.37286 220
33.39297 240
33.41308 181
33.4332 222
33.45331 174
33.47343 220
33.49354 195
33.51365 199
33.53377 212
33.55388 195
33.57399 208
33.59411 206
33.61422 189
33.63434 194
33.65445 184
33.67456 210
33.69468 187
33.71479 194
33.7349 193
33.75502 193
33.77513 180
33.79524 217
33.81536 172
33.83547 189
33.85559 196
33.8757 210
33.89581 176
33.91593 200
33.93604 201
33.95615 202
33.97627 176
33.99638 205
34.0165 223
34.03661 224
34.05672 217
34.07684 180
34.09695 200
34.11706 198
34.13718 182
34.15729 199
34.17741 201
34.19752 192
34.21763 193
34.23775 219
34.25786 185
34.27797 206
34.29809 214
34.3182 190
34.33831 210
34.35843 203
34.37854 219
34.39866 210
34.41877 227
34.43888 224
34.459 230
34.47911 244
34.49922 260
34.51934 234
34.53945 219
34.55957 250
34.57968 247
34.59979 256
34.61991 264
34.64002 251
34.66013 268
34.68025 228
34.70036 306
34.72047 259
34.74059 260
34.7607 267
34.78082 287
34.80093 275
34.82104 287
34.84116 329
34.86127 295
34.88138 326
34.9015 310
34.92161 294
34.94173 304
34.96184 271
34.98195 306
35.00207 295
35.02218 316
35.04229 280
35.06241 284
35.08252 329
35.10264 291
35.12275 294
35.14286 290
35.16298 275
35.18309 280
35.2032 310
35.22332 316
35.24343 289
35.26354 306
35.28366 305
35.30377 285
35.32389 269
35.344 276
35.36411 288
35.38423 306
35.40434 278
35.42445 299
35.44457 308
35.46468 301
35.4848 276
35.50491 281
35.52502 299
35.54514 284
35.56525 284
35.58536 288
35.60548 279
35.62559 289
35.64571 282
35.66582 285
35.68593 307
35.70605 296
35.72616 295
35.74627 284
35.76639 292
35.7865 272
35.80661 264
35.82673 271
35.84684 289
35.86696 299
35.88707 273
35.90718 260
35.9273 293
35.94741 280
35.96752 260
35.98764 280
36.00775 265
36.02787 278
36.04798 317
36.06809 305
36.08821 293
36.10832 297
36.12843 311
36.14855 318
36.16866 304
36.18878 350
36.20889 353
36.229 374
36.24912 384
36.26923 460
36.28934 481
36.30946 520
36.32957 635
36.34968 731
36.3698 851
36.38991 1089
36.41003 1330
36.43014 1526
36.45025 1882
36.47037 2133
36.49048 2252
36.51059 2313
36.53071 2161
36.55082 2052
36.57094 1689
36.59105 1377
36.61116 1159
36.63128 995
36.65139 786
36.6715 636
36.69162 419
36.71173 373
36.73184 313
36.75196 336
36.77207 320
36.79219 301
36.8123 312
36.83241 293
36.85253 283
36.87264 254
36.89275 286
36.91287 269
36.93298 263
36.9531 267
36.97321 256
36.99332 281
37.01344 258
37.03355 262
37.05366 276
37.07378 268
37.09389 231
37.11401 226
37.13412 236
37.15423 234
37.17435 245
37.19446 244
37.21457 243
37.23469 233
37.2548 246
37.27491 246
37.29503 213
37.31514 245
37.33526 244
37.35537 192
37.37548 238
37.3956 225
37.41571 255
37.43582 220
37.45594 258
37.47605 218
37.49617 219
37.51628 254
37.53639 227
37.55651 247
37.57662 224
37.59673 236
37.61685 234
37.63696 228
37.65708 213
37.67719 235
37.6973 256
37.71742 262
37.73753 245
37.75764 248
37.77776 241
37.79787 237
37.81798 233
37.8381 224
37.85821 251
37.87833 224
37.89844 223
37.91855 227
37.93867 261
37.95878 241
37.97889 221
37.99901 217
38.01912 228
38.03924 208
38.05935 252
38.07946 232
38.09958 279
38.11969 238
38.1398 239
38.15992 238
38.18003 214
38.20015 227
38.22026 204
38.24037 251
38.26049 230
38.2806 225
38.30071 200
38.32083 222
38.34094 238
38.36105 211
38.38117 235
38.40128 254
38.4214 260
38.44151 245
38.46162 211
38.48174 258
38.50185 229
38.52196 256
38.54208 227
38.56219 231
38.58231 224
38.60242 241
38.62253 225
38.64265 251
38.66276 240
38.68287 218
38.70299 244
38.7231 223
38.74321 212
38.76333 222
38.78344 255
38.80356 211
38.82367 249
38.84378 238
38.8639 229
38.88401 241
38.90412 261
38.92424 247
38.94435 256
38.96447 243
38.98458 266
39.00469 235
39.02481 272
39.04492 274
39.06503 285
39.08515 317
39.10526 298
39.12538 312
39.14549 325
39.1656 377
39.18572 375
39.20583 423
39.22594 473
39.24606 552
39.26617 623
39.28628 777
39.3064 937
39.32651 1136
39.34663 1325
39.36674 1554
39.38685 1817
39.40697 1998
39.42708 2157
39.44719 2102
39.46731 1861
39.48742 1468
39.50754 1320
39.52765 1187
39.54776 1050
39.56788 884
39.58799 639
39.6081 497
39.62822 370
39.64833 328
39.66845 305
39.68856 300
39.70867 276
39.72879 268
39.7489 272
39.76901 304
39.78913 259
39.80924 281
39.82935 238
39.84947 245
39.86958 272
39.8897 301
39.90981 270
39.92992 275
39.95004 276
39.97015 287
39.99026 279
40.01038 264
40.03049 305
40.05061 361
40.07072 416
40.09083 444
40.11095 491
40.13106 557
40.15117 700
40.17129 779
40.1914 919
40.21152 973
40.23163 1109
40.25174 1164
40.27186 1111
40.29197 918
40.31208 852
40.3322 686
40.35231 639
40.37242 618
40.39254 488
40.41265 416
40.43277 321
40.45288 339
40.47299 304
40.49311 270
40.51322 273
40.53333 261
40.55345 249
40.57356 221
40.59368 236
40.61379 209
40.6339 238
40.65402 213
40.67413 243
40.69424 208
40.71436 197
40.73447 228
40.75458 211
40.7747 249
40.79481 252
40.81493 214
40.83504 206
40.85515 201
40.87527 235
40.89538 246
40.91549 248
40.93561 206
40.95572 220
40.97584 205
40.99595 212
41.01606 271
41.03618 214
41.05629 250
41.0764 219
41.09652 203
41.11663 226
41.13675 210
41.15686 246
41.17697 211
41.19709 224
41.2172 212
41.23731 236
41.25743 223
41.27754 224
41.29765 197
41.31777 225
41.33788 197
41.358 213
41.37811 220
41.39822 198
41.41834 218
41.43845 228
41.45856 230
41.47868 204
41.49879 219
41.51891 190
41.53902 213
41.55913 222
41.57925 201
41.59936 207
41.61947 224
41.63959 217
41.6597 212
41.67982 224
41.69993 228
41.72004 217
41.74016 195
41.76027 206
41.78038 234
41.8005 239
41.82061 220
41.84072 221
41.86084 227
41.88095 230
41.90107 228
41.92118 235
41.94129 229
41.96141 251
41.98152 262
42.00163 274
42.02175 226
42.04186 250
42.06198 254
42.08209 261
42.1022 293
42.12232 325
42.14243 293
42.16254 303
42.18266 343
42.20277 351
42.22289 439
42.243 536
42.26311 629
42.28323 663
42.30334 808
42.32345 1030
42.34357 1078
42.36368 1270
42.38379 1471
42.40391 1495
42.42402 1617
42.44414 1438
42.46425 1206
42.48436 1026
42.50448 888
42.52459 818
42.5447 725
42.56482 594
42.58493 476
42.60505 317
42.62516 292
42.64527 246
42.66539 249
42.6855 256
42.70561 260
42.72573 239
42.74584 237
42.76595 239
42.78607 211
42.80618 189
42.8263 215
42.84641 214
42.86652 188
42.88664 200
42.90675 217
42.92686 226
42.94698 225
42.96709 229
42.98721 217
43.00732 198
43.02743 227
43.04755 199
43.06766 201
43.08777 173
43.10789 191
43.128 217
43.14812 213
43.16823 222
43.18834 190
43.20846 217
43.22857 217
43.24868 203
43.2688 211
43.28891 199
43.30902 200
43.32914 188
43.34925 207
43.36937 206
43.38948 188
43.40959 191
43.42971 179
43.44982 193
43.46993 213
43.49005 215
43.51016 210
43.53028 206
43.55039 202
43.5705 163
43.59062 203
43.61073 189
43.63084 180
43.65096 188
43.67107 180
43.69119 167
43.7113 196
43.73141 200
43.75153 187
43.77164 208
43.79175 190
43.81187 193
43.83198 189
43.85209 194
43.87221 181
43.89232 197
43.91244 190
43.93255 197
43.95266 193
43.97278 181
43.99289 183
44.013 191
44.03312 208
44.05323 200
44.07335 181
44.09346 185
44.11357 175
44.13369 200
44.1538 183
44.17391 190
44.19403 203
44.21414 170
44.23426 178
44.25437 179
44.27448 215
44.2946 185
44.31471 184
44.33482 198
44.35494 163
44.37505 183
44.39516 193
44.41528 193
44.43539 180
44.45551 206
44.47562 205
44.49573 178
44.51585 198
44.53596 186
44.55607 210
44.57619 182
44.5963 195
44.61642 207
44.63653 182
44.65664 202
44.67676 186
44.69687 190
44.71698 202
44.7371 153
44.75721 185
44.77732 175
44.79744 218
44.81755 189
44.83767 183
44.85778 201
44.87789 197
44.89801 199
44.91812 213
44.93823 202
44.95835 166
44.97846 225
44.99858 198
45.01869 199
45.0388 191
45.05892 184
45.07903 216
45.09914 213
45.11926 184
45.13937 184
45.15949 221
45.1796 182
45.19971 178
45.21983 187
45.23994 198
45.26005 199
45.28017 211
45.30028 205
45.32039 201
45.34051 193
45.36062 213
45.38074 199
45.40085 225
45.42096 227
45.44108 217
45.46119 252
45.4813 260
45.50142 286
45.52153 292
45.54165 297
45.56176 337
45.58187 407
45.60199 430
45.6221 551
45.64221 582
45.66233 673
45.68244 783
45.70256 891
45.72267 1008
45.74278 1016
45.7629 1007
45.78301 930
45.80312 821
45.82324 779
45.84335 586
45.86346 634
45.88358 568
45.90369 541
45.92381 387
45.94392 312
45.96403 255
45.98415 245
46.00426 220
46.02437 217
46.04449 228
46.0646 199
46.08472 198
46.10483 200
46.12494 200
46.14506 186
46.16517 185
46.18528 167
46.2054 178
46.22551 207
46.24563 213
46.26574 167
46.28585 171
46.30597 181
46.32608 154
46.34619 188
46.36631 177
46.38642 173
46.40653 191
46.42665 190
46.44676 174
46.46688 166
46.48699 167
46.5071 185
46.52722 173
46.54733 196
46.56744 165
46.58756 184
46.60767 178
46.62779 157
46.6479 159
46.66801 183
46.68813 179
46.70824 169
46.72835 164
46.74847 170
46.76858 161
46.78869 179
46.80881 201
46.82892 167
46.84904 169
46.86915 180
46.88926 165
46.90938 186
46.92949 167
46.9496 179
46.96972 174
46.98983 172
47.00995 175
47.03006 172
47.05017 193
47.07029 155
47.0904 167
47.11051 191
47.13063 175
47.15074 147
47.17086 165
47.19097 175
47.21108 172
47.2312 190
47.25131 181
47.27142 168
47.29154 166
47.31165 176
47.33176 178
47.35188 185
47.37199 169
47.39211 154
47.41222 163
47.43233 193
47.45245 159
47.47256 202
47.49267 163
47.51279 172
47.5329 184
47.55302 158
47.57313 171
47.59324 171
47.61336 165
47.63347 159
47.65358 167
47.6737 166
47.69381 160
47.71393 174
47.73404 155
47.75415 152
47.77427 179
47.79438 171
47.81449 168
47.83461 171
47.85472 154
47.87483 170
47.89495 161
47.91506 164
47.93518 164
47.95529 186
47.9754 157
47.99552 186
48.01563 175
48.03574 156
48.05586 181
48.07597 179
48.09609 181
48.1162 182
48.13631 174
48.15643 154
48.17654 152
48.19665 185
48.21677 170
48.23688 159
48.257 177
48.27711 171
48.29722 158
48.31734 189
48.33745 172
48.35756 204
48.37768 171
48.39779 166
48.4179 178
48.43802 170
48.45813 183
48.47825 191
48.49836 160
48.51847 183
48.53859 157
48.5587 169
48.57881 175
48.59893 186
48.61904 166
48.63916 173
48.65927 190
48.67938 199
48.6995 174
48.71961 176
48.73972 187
48.75984 177
48.77995 177
48.80006 199
48.82018 186
48.84029 170
48.86041 190
48.88052 162
48.90063 202
48.92075 181
48.94086 167
48.96097 174
48.98109 185
49.0012 168
49.02132 207
49.04143 187
49.06154 188
49.08166 174
49.10177 182
49.12188 182
49.142 199
49.16211 199
49.18223 184
49.20234 215
49.22245 204
49.24257 189
49.26268 196
49.28279 224
49.30291 200
49.32302 184
49.34313 195
49.36325 180
49.38336 209
49.40348 199
49.42359 188
49.4437 226
49.46382 225
49.48393 226
49.50404 211
49.52416 228
49.54427 218
49.56439 213
49.5845 220
49.60461 227
49.62473 222
49.64484 255
49.66495 258
49.68507 287
49.70518 284
49.7253 308
49.74541 320
49.76552 360
49.78564 409
49.80575 483
49.82586 509
49.84598 550
49.86609 667
49.8862 691
49.90632 839
49.92643 987
49.94655 1227
49.96666 1491
49.98677 1779
50.00689 2087
50.027 2536
50.04711 2819
50.06723 3162
50.08734 3334
50.10746 3214
50.12757 2877
50.14768 2395
50.1678 2084
50.18791 1897
50.20802 1805
50.22814 1584
50.24825 1462
50.26837 1180
50.28848 926
50.30859 599
50.32871 472
50.34882 371
50.36893 355
50.38905 309
50.40916 296
50.42927 293
50.44939 288
50.4695 292
50.48962 301
50.50973 261
50.52984 298
50.54996 288
50.57007 291
50.59018 278
50.6103 285
50.63041 250
50.65053 231
50.67064 233
50.69075 211
50.71087 212
50.73098 223
50.75109 199
50.77121 220
50.79132 191
50.81143 198
50.83155 199
50.85166 214
50.87178 184
50.89189 177
50.912 172
50.93212 179
50.95223 210
50.97234 187
50.99246 179
51.01257 183
51.03269 181
51.0528 151
51.07291 185
51.09303 173
51.11314 189
51.13325 155
51.15337 167
51.17348 155
51.1936 171
51.21371 165
51.23382 190
51.25394 166
51.27405 162
51.29416 154
51.31428 164
51.33439 174
51.3545 171
51.37462 179
51.39473 180
51.41485 156
51.43496 180
51.45507 153
51.47519 162
51.4953 148
51.51541 149
51.53553 153
51.55564 152
51.57576 140
51.59587 180
51.61598 172
51.6361 177
51.65621 166
51.67632 162
51.69644 161
51.71655 167
51.73667 169
51.75678 137
51.77689 151
51.79701 166
51.81712 168
51.83723 150
51.85735 169
51.87746 182
51.89757 156
51.91769 187
51.9378 149
51.95792 169
51.97803 172
51.99814 147
52.01826 200
52.03837 162
52.05848 179
52.0786 179
52.09871 167
52.11883 152
52.13894 169
52.15905 165
52.17917 155
52.19928 143
52.21939 178
52.23951 193
52.25962 174
52.27974 173
52.29985 181
52.31996 140
52.34008 169
52.36019 153
52.3803 168
52.40042 167
52.42053 176
52.44064 182
52.46076 157
52.48087 171
52.50099 178
52.5211 173
52.54121 167
52.56133 176
52.58144 164
52.60155 162
52.62167 153
52.64178 152
52.6619 171
52.68201 140
52.70212 155
52.72224 174
52.74235 161
52.76246 143
52.78258 183
52.80269 157
52.8228 154
52.84292 152
52.86303 181
52.88315 164
52.90326 161
52.92337 168
52.94349 176
52.9636 179
52.98371 174
53.00383 175
53.02394 148
53.04406 169
53.06417 176
53.08428 177
53.1044 172
53.12451 158
53.14462 156
53.16474 175
53.18485 197
53.20497 200
53.22508 179
53.24519 192
53.26531 194
53.28542 194
53.30553 181
53.32565 168
53.34576 193
53.36587 195
53.38599 174
53.4061 178
53.42622 173
53.44633 164
53.46644 172
53.48656 176
53.50667 202
53.52678 198
53.5469 194
53.56701 194
53.58713 195
53.60724 190
53.62735 190
53.64747 201
53.66758 192
53.68769 213
53.70781 179
53.72792 205
53.74804 188
53.76815 206
53.78826 210
53.80838 193
53.82849 209
53.8486 189
53.86872 191
53.88883 219
53.90894 193
53.92906 201
53.94917 198
53.96929 210
53.9894 183
54.00951 200
54.02963 195
54.04974 190
54.06985 192
54.08997 186
54.11008 205
54.1302 211
54.15031 180
54.17042 187
54.19054 205
54.21065 220
54.23076 230
54.25088 198
54.27099 190
54.29111 212
54.31122 214
54.33133 209
54.35145 246
54.37156 217
54.39167 216
54.41179 230
54.4319 258
54.45201 229
54.47213 232
54.49224 271
54.51236 270
54.53247 282
54.55258 300
54.5727 284
54.59281 302
54.61292 341
54.63304 385
54.65315 411
54.67327 474
54.69338 589
54.71349 641
54.73361 725
54.75372 805
54.77383 968
54.79395 994
54.81406 1042
54.83417 1049
54.85429 1042
54.8744 833
54.89452 767
54.91463 674
54.93474 682
54.95486 653
54.97497 662
54.99508 606
55.0152 518
55.03531 430
55.05543 366
55.07554 327
55.09565 330
55.11577 362
55.13588 335
55.15599 398
55.17611 424
55.19622 441
55.21634 509
55.23645 586
55.25656 630
55.27668 550
55.29679 533
55.3169 503
55.33702 474
55.35713 429
55.37724 378
55.39736 410
55.41747 378
55.43759 405
55.4577 327
55.47781 295
55.49793 258
55.51804 236
55.53815 245
55.55827 204
55.57838 208
55.5985 219
55.61861 228
55.63872 217
55.65884 202
55.67895 204
55.69906 186
55.71918 181
55.73929 210
55.75941 177
55.77952 222
55.79963 171
55.81975 196
55.83986 205
55.85997 189
55.88009 193
55.9002 176
55.92031 199
55.94043 164
55.96054 159
55.98066 180
56.00077 176
56.02088 189
56.041 171
56.06111 203
56.08122 185
56.10134 195
56.12145 166
56.14157 182
56.16168 150
56.18179 203
56.20191 185
56.22202 179
56.24213 161
56.26225 169
56.28236 185
56.30248 172
56.32259 169
56.3427 187
56.36282 182
56.38293 182
56.40304 183
56.42316 152
56.44327 158
56.46338 189
56.4835 183
56.50361 153
56.52373 180
56.54384 180
56.56395 192
56.58407 153
56.60418 181
56.62429 173
56.64441 178
56.66452 178
56.68464 171
56.70475 186
56.72486 190
56.74498 151
56.76509 184
56.7852 189
56.80532 182
56.82543 164
56.84554 190
56.86566 203
56.88577 175
56.90589 191
56.926 180
56.94611 186
56.96623 182
56.98634 169
57.00645 194
57.02657 190
57.04668 196
57.0668 177
57.08691 199
57.10702 201
57.12714 225
57.14725 213
57.16736 219
57.18748 224
57.20759 221
57.22771 186
57.24782 198
57.26793 187
57.28805 177
57.30816 217
57.32827 193
57.34839 183
57.3685 197
57.38861 180
57.40873 190
57.42884 209
57.44896 196
57.46907 181
57.48918 152
57.5093 148
57.52941 174
57.54952 167
57.56964 165
57.58975 177
57.60987 181
57.62998 171
57.65009 167
57.67021 189
57.69032 160
57.71043 176
57.73055 183
57.75066 177
57.77078 140
57.79089 171
57.811 165
57.83112 181
57.85123 154
57.87134 184
57.89146 164
57.91157 155
57.93168 194
57.9518 186
57.97191 174
57.99203 191
58.01214 179
58.03225 158
58.05237 159
58.07248 174
58.09259 185
58.11271 189
58.13282 173
58.15294 154
58.17305 161
58.19316 157
58.21328 158
58.23339 152
58.2535 188
58.27362 165
58.29373 165
58.31385 183
58.33396 173
58.35407 181
58.37419 181
58.3943 159
58.41441 185
58.43453 169
58.45464 184
58.47475 190
58.49487 149
58.51498 164
58.5351 162
58.55521 169
58.57532 186
58.59544 162
58.61555 194
58.63566 164
58.65578 149
58.67589 176
58.69601 190
58.71612 174
58.73623 188
58.75635 158
58.77646 178
58.79657 185
58.81669 171
58.8368 161
58.85691 179
58.87703 167
58.89714 157
58.91726 174
58.93737 176
58.95748 172
58.9776 192
58.99771 182
59.01782 169
59.03794 179
59.05805 161
59.07817 171
59.09828 147
59.11839 175
59.13851 187
59.15862 186
59.17873 210
59.19885 173
59.21896 185
59.23908 178
59.25919 150
59.2793 204
59.29942 183
59.31953 191
59.33964 165
59.35976 205
59.37987 199
59.39998 213
59.4201 243
59.44021 236
59.46033 206
59.48044 257
59.50055 256
59.52067 281
59.54078 268
59.56089 318
59.58101 315
59.60112 352
59.62124 380
59.64135 418
59.66146 481
59.68158 508
59.70169 572
59.7218 675
59.74192 782
59.76203 951
59.78215 1109
59.80226 1255
59.82237 1489
59.84249 1727
59.8626 1948
59.88271 1992
59.90283 2066
59.92294 2043
59.94305 1829
59.96317 1471
59.98328 1341
60.0034 1104
60.02351 1162
60.04362 1107
60.06374 1165
60.08385 1041
60.10396 911
60.12408 698
60.14419 540
60.16431 438
60.18442 294
60.20453 287
60.22465 275
60.24476 250
60.26487 232
60.28499 232
60.3051 231
60.32522 210
60.34533 208
60.36544 201
60.38556 190
60.40567 197
60.42578 198
60.4459 186
60.46601 203
60.48612 190
60.50624 199
60.52635 180
60.54647 181
60.56658 172
60.58669 193
60.60681 181
60.62692 179
60.64703 192
60.66715 176
60.68726 181
60.70738 171
60.72749 191
60.7476 184
60.76772 166
60.78783 185
60.80794 214
60.82806 191
60.84817 175
60.86828 173
60.8884 199
60.90851 179
60.92863 189
60.94874 170
60.96885 173
60.98897 169
61.00908 189
61.02919 184
61.04931 183
61.06942 197
61.08954 190
61.10965 195
61.12976 176
61.14988 205
61.16999 189
61.1901 185
61.21022 187
61.23033 176
61.25045 188
61.27056 178
61.29067 207
61.31079 208
61.3309 210
61.35101 200
61.37113 188
61.39124 179
61.41135 178
61.43147 228
61.45158 208
61.4717 239
61.49181 226
61.51192 198
61.53204 229
61.55215 261
61.57226 238
61.59238 217
61.61249 219
61.63261 206
61.65272 220
61.67283 231
61.69295 208
61.71306 230
61.73317 238
61.75329 238
61.7734 247
61.79352 220
61.81363 237
61.83374 240
61.85386 236
61.87397 227
61.89408 242
61.9142 250
61.93431 220
61.95442 234
61.97454 211
61.99465 230
62.01477 220
62.03488 232
62.05499 196
62.07511 199
62.09522 184
62.11533 215
62.13545 216
62.15556 203
62.17568 184
62.19579 207
62.2159 199
62.23602 203
62.25613 199
62.27624 217
62.29636 187
62.31647 163
62.33659 178
62.3567 186
62.37681 183
62.39693 198
62.41704 201
62.43715 200
62.45727 174
62.47738 170
62.49749 185
62.51761 181
62.53772 173
62.55784 169
62.57795 169
62.59806 173
62.61818 182
62.63829 184
62.6584 168
62.67852 162
62.69863 161
62.71875 171
62.73886 172
62.75897 168
62.77909 167
62.7992 142
62.81931 174
62.83943 165
62.85954 154
62.87965 188
62.89977 171
62.91988 161
62.94 159
62.96011 162
62.98022 161
63.00034 156
63.02045 183
63.04056 150
63.06068 164
63.08079 151
63.10091 166
63.12102 153
63.14113 156
63.16125 158
63.18136 165
63.20147 174
63.22159 163
63.2417 163
63.26182 157
63.28193 144
63.30204 154
63.32216 161
63.34227 138
63.36238 173
63.3825 167
63.40261 168
63.42272 157
63.44284 147
63.46295 169
63.48307 176
63.50318 169
63.52329 191
63.54341 169
63.56352 158
63.58363 196
63.60375 191
63.62386 203
63.64398 186
63.66409 171
63.6842 191
63.70432 211
63.72443 213
63.74454 192
63.76466 218
63.78477 240
63.80489 242
63.825 280
63.84511 291
63.86523 324
63.88534 357
63.90545 390
63.92557 409
63.94568 442
63.96579 470
63.98591 514
64.00602 457
64.02614 422
64.04625 415
64.06636 343
64.08648 325
64.10659 327
64.1267 329
64.14682 331
64.16693 329
64.18705 291
64.20716 258
64.22727 221
64.24739 229
64.2675 197
64.28761 168
64.30773 193
64.32784 157
64.34796 180
64.36807 149
64.38818 160
64.4083 168
64.42841 139
64.44852 160
64.46864 162
64.48875 173
64.50886 157
64.52898 150
64.54909 160
64.56921 150
64.58932 155
64.60943 153
64.62955 165
64.64966 133
64.66977 151
64.68989 140
64.71 160
64.73012 158
64.75023 151
64.77034 154
64.79046 155
64.81057 152
64.83068 152
64.8508 149
64.87091 177
64.89102 165
64.91114 142
64.93125 166
64.95137 149
64.97148 162
64.99159 156
65.01171 149
65.03182 143
65.05193 159
65.07205 170
65.09216 166
65.11228 183
65.13239 157
65.1525 161
65.17262 147
65.19273 182
65.21284 160
65.23296 148
65.25307 165
65.27319 165
65.2933 151
65.31341 163
65.33353 169
65.35364 149
65.37375 161
65.39387 163
65.41398 160
65.43409 160
65.45421 170
65.47432 178
65.49444 184
65.51455 178
65.53466 182
65.55478 159
65.57489 179
65.595 189
65.61512 217
65.63523 247
65.65535 231
65.67546 246
65.69557 230
65.71569 236
65.7358 258
65.75591 254
65.77603 217
65.79614 227
65.81626 203
65.83637 194
65.85648 185
65.8766 205
65.89671 206
65.91682 210
65.93694 206
65.95705 201
65.97716 172
65.99728 185
66.01739 179
66.03751 177
66.05762 151
66.07773 168
66.09785 145
66.11796 172
66.13807 158
66.15819 168
66.1783 148
66.19842 150
66.21853 169
66.23864 157
66.25876 147
66.27887 153
66.29898 162
66.3191 169
66.33921 161
66.35933 166
66.37944 163
66.39955 162
66.41967 154
66.43978 183
66.45989 160
66.48001 179
66.50012 162
66.52023 189
66.54035 170
66.56046 152
66.58058 153
66.60069 182
66.6208 168
66.64092 179
66.66103 171
66.68114 167
66.70126 155
66.72137 172
66.74149 171
66.7616 158
66.78171 158
66.80183 176
66.82194 175
66.84205 179
66.86217 179
66.88228 168
66.90239 148
66.92251 168
66.94262 179
66.96274 173
66.98285 185
67.00296 191
67.02308 196
67.04319 177
67.0633 197
67.08342 196
67.10353 173
67.12365 201
67.14376 207
67.16387 194
67.18399 213
67.2041 210
67.22421 229
67.24433 235
67.26444 227
67.28456 213
67.30467 282
67.32478 257
67.3449 260
67.36501 288
67.38512 307
67.40524 326
67.42535 341
67.44546 374
67.46558 430
67.48569 470
67.50581 546
67.52592 568
67.54603 649
67.56615 740
67.58626 862
67.60637 1011
67.62649 1080
67.6466 1204
67.66672 1264
67.68683 1331
67.70694 1229
67.72706 1193
67.74717 1068
67.76728 937
67.7874 886
67.80751 884
67.82763 906
67.84774 987
67.86785 1035
67.88797 1044
67.90808 1029
67.92819 1059
67.94831 1035
67.96842 1097
67.98853 1147
68.00865 1267
68.02876 1440
68.04888 1629
68.06899 1727
68.0891 1782
68.10922 1674
68.12933 1656
68.14944 1599
68.16956 1433
68.18967 1504
68.20979 1490
68.2299 1536
68.25001 1552
68.27013 1527
68.29024 1377
68.31035 1282
68.33047 1088
68.35058 835
68.3707 734
68.39081 736
68.41092 657
68.43104 645
68.45115 625
68.47126 567
68.49138 480
68.51149 425
68.5316 345
68.55172 295
68.57183 265
68.59195 231
68.61206 247
68.63217 272
68.65229 220
68.6724 203
68.69251 205
68.71263 176
68.73274 210
68.75286 196
68.77297 171
68.79308 183
68.8132 186
68.83331 188
68.85342 206
68.87354 183
68.89365 168
68.91376 186
68.93388 178
68.95399 165
68.97411 178
68.99422 171
69.01433 173
69.03445 174
69.05456 172
69.07467 150
69.09479 177
69.1149 159
69.13502 154
69.15513 145
69.17524 142
69.19536 158
69.21547 176
69.23558 165
69.2557 188
69.27581 152
69.29593 182
69.31604 184
69.33615 147
69.35627 163
69.37638 179
69.39649 166
69.41661 171
69.43672 154
69.45683 157
69.47695 167
69.49706 157
69.51718 145
69.53729 142
69.5574 144
69.57752 152
69.59763 134
69.61774 159
69.63786 175
69.65797 175
69.67809 167
69.6982 154
69.71831 141
69.73843 147
69.75854 166
69.77865 145
69.79877 163
69.81888 152
69.839 149
69.85911 160
69.87922 153
69.89934 163
69.91945 160
69.93956 154
69.95968 149
69.97979 140
69.9999 156
70.02002 146
70.04013 147
70.06025 159
70.08036 155
70.10047 160
70.12059 142
70.1407 162
70.16081 174
70.18093 152
70.20104 168
70.22116 173
70.24127 175
70.26138 156
70.2815 144
70.30161 142
70.32172 170
70.34184 157
70.36195 168
70.38207 143
70.40218 176
70.42229 153
70.44241 166
70.46252 167
70.48263 148
70.50275 153
70.52286 145
70.54297 161
70.56309 165
70.5832 183
70.60332 165
70.62343 158
70.64354 152
70.66366 144
70.68377 168
70.70388 146
70.724 156
70.74411 149
70.76423 137
70.78434 158
70.80445 167
70.82457 147
70.84468 165
70.86479 149
70.88491 143
70.90502 140
70.92513 144
70.94525 151
70.96536 139
70.98548 144
71.00559 141
71.0257 147
71.04582 161
71.06593 160
71.08604 137
71.10616 145
71.12627 164
71.14639 144
71.1665 137
71.18661 131
71.20673 159
71.22684 159
71.24695 140
71.26707 164
71.28718 160
71.3073 161
71.32741 171
71.34752 149
71.36764 140
71.38775 178
71.40786 162
71.42798 169
71.44809 137
71.4682 169
71.48832 146
71.50843 153
71.52855 172
71.54866 132
71.56877 153
71.58889 129
71.609 159
71.62911 159
71.64923 145
71.66934 148
71.68946 138
71.70957 160
71.72968 155
71.7498 139
71.76991 144
71.79002 167
71.81014 151
71.83025 164
71.85037 150
71.87048 140
71.89059 169
71.91071 150
71.93082 168
71.95093 154
71.97105 162
71.99116 152
72.01127 144
72.03139 144
72.0515 156
72.07162 135
72.09173 154
72.11184 141
72.13196 151
72.15207 144
72.17218 153
72.1923 155
72.21241 137
72.23253 161
72.25264 145
72.27275 156
72.29287 168
72.31298 146
72.33309 151
72.35321 151
72.37332 171
72.39344 164
72.41355 156
72.43366 169
72.45378 154
72.47389 158
72.494 171
72.51412 183
72.53423 156
72.55434 164
72.57446 169
72.59457 150
72.61469 148
72.6348 159
72.65491 169
72.67503 183
72.69514 176
72.71525 156
72.73537 183
72.75548 137
72.7756 157
72.79571 170
72.81582 163
72.83594 197
72.85605 167
72.87616 189
72.89628 160
72.91639 176
72.9365 170
72.95662 165
72.97673 191
72.99685 176
73.01696 189
73.03707 192
73.05719 204
73.0773 188
73.09741 194
73.11753 214
73.13764 228
73.15776 227
73.17787 243
73.19798 254
73.2181 291
73.23821 287
73.25832 291
73.27844 343
73.29855 377
73.31867 435
73.33878 484
73.35889 494
73.37901 526
73.39912 529
73.41923 542
73.43935 500
73.45946 459
73.47957 412
73.49969 367
73.5198 332
73.53992 334
73.56003 343
73.58014 354
73.60026 331
73.62037 341
73.64048 325
73.6606 306
73.68071 266
73.70083 248
73.72094 221
73.74105 219
73.76117 184
73.78128 188
73.80139 167
73.82151 190
73.84162 172
73.86174 169
73.88185 169
73.90196 170
73.92208 165
73.94219 166
73.9623 167
73.98242 159
74.00253 180
74.02264 167
74.04276 148
74.06287 171
74.08299 156
74.1031 169
74.12321 147
74.14333 149
74.16344 144
74.18355 156
74.20367 143
74.22378 169
74.2439 148
74.26401 179
74.28412 159
74.30424 157
74.32435 136
74.34446 152
74.36458 156
74.38469 143
74.40481 162
74.42492 153
74.44503 169
74.46515 144
74.48526 156
74.50537 144
74.52549 149
74.5456 144
74.56571 157
74.58583 167
74.60594 162
74.62606 146
74.64617 152
74.66628 170
74.6864 155
74.70651 153
74.72662 147
74.74674 175
74.76685 152
74.78697 171
74.80708 157
74.82719 150
74.84731 167
74.86742 142
74.88753 151
74.90765 147
74.92776 175
74.94787 153
74.96799 145
74.9881 145
75.00822 170
