3.00117 22070
3.02128 21467
3.0414 21088
3.06151 20335
3.08162 19417
3.10174 19212
3.12185 18515
3.14197 18095
3.16208 17596
3.18219 17024
3.20231 16930
3.22242 15980
3.24253 15689
3.26265 14991
3.28276 14754
3.30288 14391
3.32299 13851
3.3431 13455
3.36322 13103
3.38333 12341
3.40344 12158
3.42356 11685
3.44367 11366
3.46379 10883
3.4839 10530
3.50401 10458
3.52413 10048
3.54424 9666
3.56435 9143
3.58447 8672
3.60458 8608
3.62469 8403
3.64481 8061
3.66492 7584
3.68504 7339
3.70515 7264
3.72526 6762
3.74538 6689
3.76549 6392
3.7856 6067
3.80572 6036
3.82583 5533
3.84595 5333
3.86606 5039
3.88617 4934
3.90629 4577
3.9264 4534
3.94651 4294
3.96663 4040
3.98674 3866
4.00686 3890
4.02697 3533
4.04708 3597
4.0672 3302
4.08731 3131
4.10742 3068
4.12754 2912
4.14765 2800
4.16776 2608
4.18788 2509
4.20799 2470
4.22811 2369
4.24822 2287
4.26833 2169
4.28845 2022
4.30856 2037
4.32867 1985
4.34879 1841
4.3689 1742
4.38902 1693
4.40913 1832
4.42924 1691
4.44936 1702
4.46947 1575
4.48958 1442
4.5097 1527
4.52981 1531
4.54992 1355
4.57004 1397
4.59015 1318
4.61027 1339
4.63038 1309
4.65049 1232
4.67061 1231
4.69072 1241
4.71083 1177
4.73095 1166
4.75106 1068
4.77118 1004
4.79129 1060
4.8114 1034
4.83152 1021
4.85163 1005
4.87174 1031
4.89186 939
4.91197 959
4.93209 1000
4.9522 900
4.97231 937
4.99243 837
5.01254 888
5.03265 830
5.05277 783
5.07288 764
5.09299 747
5.11311 792
5.13322 728
5.15334 682
5.17345 692
5.19356 717
5.21368 726
5.23379 646
5.2539 603
5.27402 658
5.29413 670
5.31425 645
5.33436 585
5.35447 570
5.37459 553
5.3947 613
5.41481 521
5.43493 582
5.45504 528
5.47516 496
5.49527 527
5.51538 479
5.5355 446
5.55561 471
5.57572 462
5.59584 503
5.61595 495
5.63606 459
5.65618 448
5.67629 459
5.69641 438
5.71652 446
5.73663 437
5.75675 403
5.77686 367
5.79697 393
5.81709 441
5.8372 370
5.85732 381
5.87743 386
5.89754 407
5.91766 382
5.93777 389
5.95788 376
5.978 366
5.99811 357
6.01823 326
6.03834 351
6.05845 344
6.07857 355
6.09868 362
6.11879 365
6.13891 339
6.15902 325
6.17913 338
6.19925 287
6.21936 366
6.23948 326
6.25959 353
6.2797 301
6.29982 349
6.31993 344
6.34004 318
6.36016 337
6.38027 319
6.40039 323
6.4205 351
6.44061 327
6.46073 335
6.48084 349
6.50095 322
6.52107 329
6.54118 333
6.56129 302
6.58141 346
6.60152 322
6.62164 299
6.64175 315
6.66186 326
6.68198 302
6.70209 302
6.7222 352
6.74232 315
6.76243 349
6.78255 355
6.80266 309
6.82277 377
6.84289 353
6.863 329
6.88311 326
6.90323 326
6.92334 333
6.94346 352
6.96357 341
6.98368 320
7.0038 333
7.02391 308
7.04402 336
7.06414 334
7.08425 340
7.10436 324
7.12448 382
7.14459 373
7.16471 384
7.18482 369
7.20493 343
7.22505 343
7.24516 374
7.26527 366
7.28539 359
7.3055 362
7.32562 393
7.34573 339
7.36584 367
7.38596 370
7.40607 371
7.42618 369
7.4463 350
7.46641 347
7.48653 413
7.50664 382
7.52675 334
7.54687 340
7.56698 390
7.58709 385
7.60721 369
7.62732 360
7.64743 323
7.66755 344
7.68766 336
7.70778 318
7.72789 347
7.748 329
7.76812 331
7.78823 315
7.80834 370
7.82846 302
7.84857 335
7.86869 273
7.8888 341
7.90891 357
7.92903 343
7.94914 335
7.96925 326
7.98937 336
8.00948 359
8.0296 381
8.04971 346
8.06982 380
8.08994 396
8.11005 357
8.13016 370
8.15028 389
8.17039 395
8.1905 345
8.21062 375
8.23073 340
8.25085 387
8.27096 427
8.29107 411
8.31119 398
8.3313 382
8.35141 386
8.37153 367
8.39164 397
8.41176 358
8.43187 354
8.45198 370
8.4721 416
8.49221 385
8.51232 411
8.53244 375
8.55255 399
8.57266 378
8.59278 375
8.61289 355
8.63301 388
8.65312 382
8.67323 375
8.69335 381
8.71346 346
8.73357 356
8.75369 392
8.7738 388
8.79392 385
8.81403 413
8.83414 356
8.85426 393
8.87437 378
8.89448 383
8.9146 337
8.93471 337
8.95483 390
8.97494 324
8.99505 310
9.01517 299
9.03528 322
9.05539 343
9.07551 303
9.09562 299
9.11573 305
9.13585 306
9.15596 301
9.17608 271
9.19619 272
9.2163 300
9.23642 294
9.25653 286
9.27664 296
9.29676 268
9.31687 271
9.33699 282
9.3571 313
9.37721 269
9.39733 290
9.41744 298
9.43755 271
9.45767 271
9.47778 280
9.4979 253
9.51801 280
9.53812 269
9.55824 322
9.57835 271
9.59846 304
9.61858 263
9.63869 271
9.6588 268
9.67892 259
9.69903 275
9.71915 284
9.73926 302
9.75937 262
9.77949 284
9.7996 282
9.81971 284
9.83983 280
9.85994 262
9.88006 289
9.90017 287
9.92028 273
9.9404 271
9.96051 254
9.98062 243
10.00074 260
10.02085 277
10.04097 268
10.06108 247
10.08119 261
10.10131 268
10.12142 247
10.14153 257
10.16165 260
10.18176 283
10.20187 290
10.22199 297
10.2421 267
10.26222 241
10.28233 242
10.30244 258
10.32256 258
10.34267 295
10.36278 251
10.3829 293
10.40301 301
10.42313 348
10.44324 309
10.46335 307
10.48347 298
10.50358 311
10.52369 318
10.54381 305
10.56392 305
10.58403 330
10.60415 285
10.62426 274
10.64438 261
10.66449 305
10.6846 259
10.70472 279
10.72483 261
10.74494 272
10.76506 275
10.78517 277
10.80529 231
10.8254 282
10.84551 245
10.86563 279
10.88574 269
10.90585 255
10.92597 263
10.94608 284
10.9662 277
10.98631 237
11.00642 245
11.02654 278
11.04665 280
11.06676 262
11.08688 254
11.10699 265
11.1271 298
11.14722 266
11.16733 279
11.18745 255
11.20756 270
11.22767 276
11.24779 268
11.2679 236
11.28801 271
11.30813 308
11.32824 260
11.34836 266
11.36847 257
11.38858 271
11.4087 249
11.42881 277
11.44892 265
11.46904 255
11.48915 276
11.50927 271
11.52938 236
11.54949 262
11.56961 266
11.58972 235
11.60983 230
11.62995 252
11.65006 266
11.67017 227
11.69029 266
11.7104 261
11.73052 233
11.75063 250
11.77074 263
11.79086 265
11.81097 251
11.83108 251
11.8512 258
11.87131 284
11.89143 266
11.91154 266
11.93165 254
11.95177 276
11.97188 269
11.99199 277
12.01211 275
12.03222 283
12.05234 273
12.07245 248
12.09256 235
12.11268 271
12.13279 273
12.1529 269
12.17302 257
12.19313 271
12.21324 308
12.23336 281
12.25347 258
12.27359 254
12.2937 281
12.31381 286
12.33393 250
12.35404 262
12.37415 280
12.39427 286
12.41438 276
12.4345 276
12.45461 289
12.47472 237
12.49484 286
12.51495 279
12.53506 256
12.55518 265
12.57529 254
12.5954 279
12.61552 260
12.63563 286
12.65575 267
12.67586 245
12.69597 266
12.71609 251
12.7362 250
12.75631 269
12.77643 259
12.79654 258
12.81666 260
12.83677 249
12.85688 247
12.877 254
12.89711 280
12.91722 267
12.93734 238
12.95745 264
12.97757 248
12.99768 271
13.01779 249
13.03791 285
13.05802 271
13.07813 246
13.09825 264
13.11836 263
13.13847 280
13.15859 242
13.1787 294
13.19882 250
13.21893 248
13.23904 258
13.25916 263
13.27927 248
13.29938 290
13.3195 272
13.33961 271
13.35973 250
13.37984 251
13.39995 251
13.42007 240
13.44018 237
13.46029 270
13.48041 251
13.50052 262
13.52064 278
13.54075 277
13.56086 287
13.58098 293
13.60109 335
13.6212 312
13.64132 304
13.66143 280
13.68154 306
13.70166 338
13.72177 263
13.74189 281
13.762 321
13.78211 319
13.80223 308
13.82234 338
13.84245 339
13.86257 347
13.88268 328
13.9028 307
13.92291 325
13.94302 294
13.96314 286
13.98325 287
14.00336 279
14.02348 260
14.04359 262
14.06371 285
14.08382 288
14.10393 221
14.12405 232
14.14416 248
14.16427 248
14.18439 211
14.2045 292
14.22461 245
14.24473 220
14.26484 227
14.28496 219
14.30507 274
14.32518 253
14.3453 227
14.36541 202
14.38552 238
14.40564 238
14.42575 213
14.44587 227
14.46598 237
14.48609 253
14.50621 270
14.52632 249
14.54643 249
14.56655 229
14.58666 245
14.60677 245
14.62689 232
14.647 245
14.66712 241
14.68723 244
14.70734 230
14.72746 233
14.74757 254
14.76768 243
14.7878 230
14.80791 262
14.82803 241
14.84814 236
14.86825 266
14.88837 243
14.90848 309
14.92859 294
14.94871 251
14.96882 264
14.98894 267
15.00905 246
15.02916 252
15.04928 246
15.06939 266
15.0895 231
15.10962 259
15.12973 276
15.14984 240
15.16996 268
15.19007 252
15.21019 251
15.2303 245
15.25041 247
15.27053 243
15.29064 262
15.31075 238
15.33087 222
15.35098 233
15.3711 230
15.39121 269
15.41132 223
15.43144 232
15.45155 230
15.47166 238
15.49178 263
15.51189 214
15.53201 238
15.55212 209
15.57223 235
15.59235 235
15.61246 239
15.63257 241
15.65269 261
15.6728 223
15.69291 257
15.71303 237
15.73314 225
15.75326 256
15.77337 245
15.79348 239
15.8136 235
15.83371 250
15.85382 232
15.87394 245
15.89405 234
15.91417 213
15.93428 223
15.95439 250
15.97451 218
15.99462 246
16.01473 242
16.03485 245
16.05496 237
16.07508 236
16.09519 253
16.1153 245
16.13542 210
16.15553 233
16.17564 227
16.19576 229
16.21587 246
16.23598 257
16.2561 237
16.27621 258
16.29633 248
16.31644 230
16.33655 254
16.35667 266
16.37678 229
16.39689 247
16.41701 244
16.43712 246
16.45724 232
16.47735 243
16.49746 235
16.51758 203
16.53769 215
16.5578 229
16.57792 212
16.59803 208
16.61814 261
16.63826 232
16.65837 205
16.67849 247
16.6986 240
16.71871 231
16.73883 229
16.75894 231
16.77905 199
16.79917 247
16.81928 236
16.8394 219
16.85951 260
16.87962 214
16.89974 218
16.91985 272
16.93996 209
16.96008 225
16.98019 228
17.00031 216
17.02042 208
17.04053 237
17.06065 215
17.08076 268
17.10087 230
17.12099 239
17.1411 285
17.16121 219
17.18133 233
17.20144 223
17.22156 212
17.24167 221
17.26178 223
17.2819 213
17.30201 247
17.32212 230
17.34224 231
17.36235 239
17.38247 242
17.40258 235
17.42269 254
17.44281 232
17.46292 259
17.48303 222
17.50315 235
17.52326 214
17.54338 245
17.56349 235
17.5836 248
17.60372 247
17.62383 231
17.64394 229
17.66406 261
17.68417 243
17.70428 255
17.7244 266
17.74451 265
17.76463 271
17.78474 221
17.80485 227
17.82497 268
17.84508 221
17.86519 231
17.88531 256
17.90542 235
17.92554 212
17.94565 209
17.96576 240
17.98588 255
18.00599 242
18.0261 251
18.04622 260
18.06633 244
18.08645 248
18.10656 227
18.12667 255
18.14679 218
18.1669 238
18.18701 245
18.20713 232
18.22724 219
18.24735 239
18.26747 236
18.28758 215
18.3077 256
18.32781 232
18.34792 248
18.36804 239
18.38815 222
18.40826 226
18.42838 269
18.44849 227
18.46861 243
18.48872 251
18.50883 245
18.52895 250
18.54906 210
18.56917 204
18.58929 220
18.6094 230
18.62951 238
18.64963 248
18.66974 255
18.68986 257
18.70997 201
18.73008 208
18.7502 231
18.77031 291
18.79042 246
18.81054 236
18.83065 253
18.85077 219
18.87088 262
18.89099 241
18.91111 246
18.93122 222
18.95133 241
18.97145 260
18.99156 214
19.01168 264
19.03179 250
19.0519 218
19.07202 250
19.09213 274
19.11224 246
19.13236 260
19.15247 274
19.17258 254
19.1927 295
19.21281 295
19.23293 282
19.25304 284
19.27315 289
19.29327 266
19.31338 254
19.33349 306
19.35361 313
19.37372 275
19.39384 277
19.41395 278
19.43406 292
19.45418 321
19.47429 326
19.4944 302
19.51452 323
19.53463 349
19.55475 338
19.57486 362
19.59497 331
19.61509 374
19.6352 384
19.65531 364
19.67543 411
19.69554 420
19.71565 411
19.73577 467
19.75588 428
19.776 444
19.79611 474
19.81622 438
19.83634 401
19.85645 434
19.87656 435
19.89668 382
19.91679 399
19.93691 372
19.95702 388
19.97713 378
19.99725 363
20.01736 327
20.03747 363
20.05759 346
20.0777 374
20.09782 348
20.11793 349
20.13804 350
20.15816 332
20.17827 331
20.19838 358
20.2185 364
20.23861 356
20.25872 362
20.27884 340
20.29895 373
20.31907 373
20.33918 390
20.35929 370
20.37941 350
20.39952 402
20.41963 415
20.43975 386
20.45986 402
20.47998 435
20.50009 411
20.5202 427
20.54032 492
20.56043 457
20.58054 551
20.60066 582
20.62077 626
20.64088 772
20.661 924
20.68111 1130
20.70123 1414
20.72134 1822
20.74145 2319
20.76157 2707
20.78168 3160
20.80179 3742
20.82191 3716
20.84202 3749
20.86214 3278
20.88225 2904
20.90236 2194
20.92248 1702
20.94259 1312
20.9627 952
20.98282 855
21.00293 723
21.02305 692
21.04316 600
21.06327 569
21.08339 551
21.1035 464
21.12361 445
21.14373 392
21.16384 398
21.18395 345
21.20407 389
21.22418 377
21.2443 349
21.26441 364
21.28452 360
21.30464 329
21.32475 343
21.34486 320
21.36498 353
21.38509 298
21.40521 339
21.42532 353
21.44543 320
21.46555 349
21.48566 339
21.50577 326
21.52589 347
21.546 328
21.56612 318
21.58623 375
21.60634 319
21.62646 346
21.64657 355
21.66668 324
21.6868 317
21.70691 337
21.72702 331
21.74714 371
21.76725 318
21.78737 344
21.80748 348
21.82759 424
21.84771 439
21.86782 513
21.88793 505
21.90805 569
21.92816 642
21.94828 687
21.96839 754
21.9885 718
22.00862 810
22.02873 715
22.04884 615
22.06896 555
22.08907 554
22.10919 460
22.1293 413
22.14941 388
22.16953 358
22.18964 372
22.20975 367
22.22987 379
22.24998 370
22.27009 342
22.29021 361
22.31032 331
22.33044 344
22.35055 344
22.37066 327
22.39078 324
22.41089 305
22.431 353
22.45112 289
22.47123 338
22.49135 283
22.51146 314
22.53157 349
22.55169 341
22.5718 331
22.59191 317
22.61203 306
22.63214 310
22.65225 288
22.67237 298
22.69248 319
22.7126 322
22.73271 345
22.75282 322
22.77294 350
22.79305 329
22.81316 334
22.83328 391
22.85339 327
22.87351 344
22.89362 343
22.91373 323
22.93385 384
22.95396 403
22.97407 381
22.99419 402
23.0143 416
23.03442 388
23.05453 448
23.07464 427
23.09476 462
23.11487 444
23.13498 443
23.1551 427
23.17521 409
23.19532 436
23.21544 402
23.23555 403
23.25567 358
23.27578 341
23.29589 353
23.31601 386
23.33612 353
23.35623 384
23.37635 382
23.39646 408
23.41658 417
23.43669 457
23.4568 462
23.47692 497
23.49703 536
23.51714 515
23.53726 535
23.55737 542
23.57749 491
23.5976 493
23.61771 451
23.63783 445
23.65794 423
23.67805 449
23.69817 422
23.71828 427
23.73839 382
23.75851 390
23.77862 411
23.79874 421
23.81885 430
23.83896 444
23.85908 465
23.87919 457
23.8993 459
23.91942 483
23.93953 513
23.95965 563
23.97976 536
23.99987 547
24.01999 529
24.0401 534
24.06021 465
24.08033 473
24.10044 522
24.12056 576
24.14067 524
24.16078 535
24.1809 584
24.20101 591
24.22112 573
24.24124 591
24.26135 596
24.28146 562
24.30158 530
24.32169 503
24.34181 445
24.36192 444
24.38203 422
24.40215 405
24.42226 399
24.44237 407
24.46249 338
24.4826 327
24.50272 367
24.52283 340
24.54294 365
24.56306 326
24.58317 328
24.60328 320
24.6234 355
24.64351 340
24.66362 322
24.68374 327
24.70385 356
24.72397 356
24.74408 335
24.76419 355
24.78431 316
24.80442 317
24.82453 327
24.84465 319
24.86476 316
24.88488 295
24.90499 343
24.9251 310
24.94522 373
24.96533 334
24.98544 337
25.00556 347
25.02567 367
25.04579 321
25.0659 333
25.08601 330
25.10613 293
25.12624 318
25.14635 321
25.16647 321
25.18658 403
25.20669 382
25.22681 346
25.24692 351
25.26704 336
25.28715 365
25.30726 380
25.32738 402
25.34749 469
25.3676 426
25.38772 479
25.40783 518
25.42795 478
25.44806 493
25.46817 538
25.48829 536
25.5084 566
25.52851 583
25.54863 565
25.56874 594
25.58886 536
25.60897 580
25.62908 543
25.6492 516
25.66931 541
25.68942 503
25.70954 461
25.72965 466
25.74976 465
25.76988 478
25.78999 479
25.81011 454
25.83022 445
25.85033 418
25.87045 463
25.89056 423
25.91067 456
25.93079 458
25.9509 438
25.97102 485
25.99113 481
26.01124 471
26.03136 529
26.05147 542
26.07158 560
26.0917 545
26.11181 604
26.13193 633
26.15204 691
26.17215 767
26.19227 718
26.21238 819
26.23249 827
26.25261 992
26.27272 1064
26.29283 1196
26.31295 1321
26.33306 1554
26.35318 1910
26.37329 2189
26.3934 2598
26.41352 3193
26.43363 4080
26.45374 4951
26.47386 6437
26.49397 8205
26.51409 10136
26.5342 12219
26.55431 14493
26.57443 15995
26.59454 16505
26.61465 16129
26.63477 15001
26.65488 12549
26.67499 9708
26.69511 7069
26.71522 5062
26.73534 3385
26.75545 2180
26.77556 1553
26.79568 1260
26.81579 1184
26.8359 1069
26.85602 981
26.87613 914
26.89625 911
26.91636 844
26.93647 866
26.95659 820
26.9767 837
26.99681 822
27.01693 812
27.03704 813
27.05716 808
27.07727 778
27.09738 705
27.1175 640
27.13761 657
27.15772 618
27.17784 582
27.19795 616
27.21806 674
27.23818 582
27.25829 683
27.27841 758
27.29852 767
27.31863 852
27.33875 880
27.35886 914
27.37897 991
27.39909 966
27.4192 1041
27.43932 977
27.45943 962
27.47954 883
27.49966 868
27.51977 894
27.53988 802
27.56 771
27.58011 826
27.60023 790
27.62034 762
27.64045 845
27.66057 978
27.68068 945
27.70079 976
27.72091 1104
27.74102 1014
27.76113 1013
27.78125 1036
27.80136 1078
27.82148 1099
27.84159 1088
27.8617 1141
27.88182 1154
27.90193 1085
27.92204 1094
27.94216 979
27.96227 1029
27.98239 882
28.0025 859
28.02261 737
28.04273 738
28.06284 690
28.08295 630
28.10307 598
28.12318 585
28.1433 568
28.16341 575
28.18352 570
28.20364 563
28.22375 596
28.24386 539
28.26398 522
28.28409 527
28.3042 482
28.32432 484
28.34443 440
28.36455 451
28.38466 397
28.40477 417
28.42489 402
28.445 340
28.46511 387
28.48523 356
28.50534 363
28.52546 402
28.54557 360
28.56568 317
28.5858 357
28.60591 365
28.62602 292
28.64614 363
28.66625 312
28.68636 325
28.70648 359
28.72659 328
28.74671 349
28.76682 320
28.78693 288
28.80705 328
28.82716 315
28.84727 318
28.86739 337
28.8875 342
28.90762 305
28.92773 341
28.94784 337
28.96796 334
28.98807 330
29.00818 318
29.0283 337
29.04841 314
29.06853 336
29.08864 322
29.10875 302
29.12887 347
29.14898 365
29.16909 385
29.18921 386
29.20932 338
29.22943 411
29.24955 380
29.26966 405
29.28978 444
29.30989 455
29.33 529
29.35012 490
29.37023 507
29.39034 527
29.41046 555
29.43057 537
29.45069 531
29.4708 479
29.49091 497
29.51103 460
29.53114 442
29.55125 426
29.57137 427
29.59148 420
29.6116 402
29.63171 424
29.65182 429
29.67194 401
29.69205 435
29.71216 414
29.73228 370
29.75239 389
29.7725 392
29.79262 421
29.81273 397
29.83285 428
29.85296 397
29.87307 399
29.89319 404
29.9133 366
29.93341 396
29.95353 428
29.97364 381
29.99376 434
30.01387 497
30.03398 483
30.0541 445
30.07421 469
30.09432 515
30.11444 544
30.13455 551
30.15467 520
30.17478 559
30.19489 498
30.21501 493
30.23512 500
30.25523 488
30.27535 461
30.29546 471
30.31557 475
30.33569 451
30.3558 491
30.37592 464
30.39603 462
30.41614 459
30.43626 471
30.45637 467
30.47648 427
30.4966 452
30.51671 442
30.53683 410
30.55694 426
30.57705 381
30.59717 387
30.61728 379
30.63739 392
30.65751 438
30.67762 445
30.69773 452
30.71785 404
30.73796 461
30.75808 464
30.77819 437
30.7983 446
30.81842 455
30.83853 418
30.85864 405
30.87876 393
30.89887 391
30.91899 387
30.9391 405
30.95921 337
30.97933 358
30.99944 343
31.01955 304
31.03967 315
31.05978 316
31.0799 296
31.10001 314
31.12012 311
31.14024 345
31.16035 305
31.18046 338
31.20058 324
31.22069 344
31.2408 319
31.26092 325
31.28103 341
31.30115 312
31.32126 333
31.34137 327
31.36149 333
31.3816 314
31.40171 330
31.42183 319
31.44194 300
31.46206 295
31.48217 291
31.50228 284
31.5224 270
31.54251 283
31.56262 307
31.58274 274
31.60285 264
31.62297 281
31.64308 274
31.66319 265
31.68331 267
31.70342 263
31.72353 293
31.74365 283
31.76376 268
31.78387 279
31.80399 264
31.8241 282
31.84422 281
31.86433 289
31.88444 280
31.90456 288
31.92467 289
31.94478 271
31.9649 285
31.98501 284
32.00513 300
32.02524 288
32.04535 309
32.06547 289
32.08558 290
32.10569 307
32.12581 313
32.14592 319
32.16604 283
32.18615 293
32.20626 295
32.22638 307
32.24649 295
32.2666 308
32.28672 282
32.30683 316
32.32694 312
32.34706 319
32.36717 314
32.38729 324
32.4074 313
32.42751 340
32.44763 318
32.46774 314
32.48785 340
32.50797 315
32.52808 319
32.5482 317
32.56831 332
32.58842 289
32.60854 320
32.62865 312
32.64876 321
32.66888 305
32.68899 302
32.7091 296
32.72922 267
32.74933 319
32.76945 262
32.78956 288
32.80967 253
32.82979 300
32.8499 313
32.87001 284
32.89013 273
32.91024 287
32.93036 304
32.95047 313
32.97058 312
32.9907 322
33.01081 322
33.03092 322
33.05104 319
33.07115 288
33.09127 318
33.11138 335
33.13149 331
33.15161 266
33.17172 301
33.19183 289
33.21195 290
33.23206 305
33.25217 284
33.27229 277
33.2924 272
33.31252 300
33.33263 314
33.35274 275
33.37286 278
33.39297 255
33.41308 238
33.4332 258
33.45331 261
33.47343 230
33.49354 285
33.51365 281
33.53377 258
33.55388 268
33.57399 289
33.59411 256
33.61422 282
33.63434 269
33.65445 273
33.67456 303
33.69468 290
33.71479 282
33.7349 276
33.75502 332
33.77513 285
33.79524 315
33.81536 272
33.83547 319
33.85559 301
33.8757 303
33.89581 351
33.91593 311
33.93604 333
33.95615 344
33.97627 316
33.99638 349
34.0165 338
34.03661 312
34.05672 341
34.07684 334
34.09695 362
34.11706 378
34.13718 370
34.15729 356
34.17741 347
34.19752 406
34.21763 369
34.23775 378
34.25786 364
34.27797 368
34.29809 389
34.3182 377
34.33831 385
34.35843 369
34.37854 417
34.39866 424
34.41877 426
34.43888 407
34.459 440
34.47911 431
34.49922 443
34.51934 466
34.53945 484
34.55957 485
34.57968 469
34.59979 534
34.61991 555
34.64002 531
34.66013 560
34.68025 512
34.70036 505
34.72047 501
34.74059 516
34.7607 490
34.78082 490
34.80093 476
34.82104 496
34.84116 500
34.86127 462
34.88138 499
34.9015 463
34.92161 468
34.94173 479
34.96184 471
34.98195 518
35.00207 515
35.02218 487
35.04229 500
35.06241 478
35.08252 503
35.10264 447
35.12275 447
35.14286 453
35.16298 475
35.18309 453
35.2032 449
35.22332 429
35.24343 448
35.26354 461
35.28366 479
35.30377 450
35.32389 426
35.344 421
35.36411 434
35.38423 429
35.40434 449
35.42445 469
35.44457 448
35.46468 459
35.4848 429
35.50491 483
35.52502 450
35.54514 425
35.56525 445
35.58536 419
35.60548 395
35.62559 394
35.64571 381
35.66582 382
35.68593 355
35.70605 361
35.72616 373
35.74627 368
35.76639 327
35.7865 355
35.80661 359
35.82673 377
35.84684 332
35.86696 357
35.88707 345
35.90718 351
35.9273 344
35.94741 341
35.96752 368
35.98764 340
36.00775 352
36.02787 356
36.04798 313
36.06809 350
36.08821 334
36.10832 332
36.12843 350
36.14855 341
36.16866 363
36.18878 368
36.20889 396
36.229 362
36.24912 373
36.26923 435
36.28934 537
36.30946 555
36.32957 638
36.34968 662
36.3698 780
36.38991 902
36.41003 1001
36.43014 1104
36.45025 1216
36.47037 1310
36.49048 1256
36.51059 1333
36.53071 1265
36.55082 1089
36.57094 991
36.59105 874
36.61116 785
36.63128 636
36.65139 549
36.6715 499
36.69162 452
36.71173 395
36.73184 356
36.75196 362
36.77207 368
36.79219 373
36.8123 338
36.83241 362
36.85253 359
36.87264 381
36.89275 353
36.91287 367
36.93298 357
36.9531 369
36.97321 320
36.99332 324
37.01344 375
37.03355 366
37.05366 295
37.07378 333
37.09389 304
37.11401 309
37.13412 310
37.15423 301
37.17435 319
37.19446 300
37.21457 293
37.23469 326
37.2548 301
37.27491 346
37.29503 336
37.31514 297
37.33526 345
37.35537 314
37.37548 284
37.3956 320
37.41571 300
37.43582 332
37.45594 294
37.47605 345
37.49617 312
37.51628 336
37.53639 324
37.55651 360
37.57662 332
37.59673 344
37.61685 297
37.63696 336
37.65708 324
37.67719 312
37.6973 316
37.71742 277
37.73753 276
37.75764 245
37.77776 273
37.79787 293
37.81798 290
37.8381 286
37.85821 267
37.87833 303
37.89844 253
37.91855 258
37.93867 261
37.95878 317
37.97889 244
37.99901 279
38.01912 273
38.03924 302
38.05935 295
38.07946 275
38.09958 293
38.11969 294
38.1398 247
38.15992 274
38.18003 285
38.20015 271
38.22026 287
38.24037 278
38.26049 251
38.2806 315
38.30071 274
38.32083 294
38.34094 315
38.36105 263
38.38117 292
38.40128 277
38.4214 293
38.44151 297
38.46162 321
38.48174 323
38.50185 319
38.52196 285
38.54208 300
38.56219 280
38.58231 317
38.60242 296
38.62253 285
38.64265 274
38.66276 259
38.68287 275
38.70299 293
38.7231 271
38.74321 282
38.76333 281
38.78344 291
38.80356 267
38.82367 275
38.84378 290
38.8639 288
38.88401 302
38.90412 294
38.92424 273
38.94435 284
38.96447 306
38.98458 301
39.00469 312
39.02481 314
39.04492 304
39.06503 313
39.08515 331
39.10526 314
39.12538 353
39.14549 368
39.1656 400
39.18572 383
39.20583 416
39.22594 473
39.24606 591
39.26617 630
39.28628 710
39.3064 740
39.32651 850
39.34663 1064
39.36674 1163
39.38685 1229
39.40697 1281
39.42708 1266
39.44719 1249
39.46731 1068
39.48742 932
39.50754 847
39.52765 712
39.54776 655
39.56788 559
39.58799 496
39.6081 366
39.62822 360
39.64833 364
39.66845 355
39.68856 291
39.70867 321
39.72879 318
39.7489 325
39.76901 280
39.78913 332
39.80924 307
39.82935 328
39.84947 302
39.86958 284
39.8897 350
39.90981 312
39.92992 328
39.95004 308
39.97015 311
39.99026 329
40.01038 349
40.03049 391
40.05061 420
40.07072 399
40.09083 420
40.11095 482
40.13106 568
40.15117 618
40.17129 630
40.1914 663
40.21152 734
40.23163 692
40.25174 714
40.27186 693
40.29197 648
40.31208 564
40.3322 547
40.35231 521
40.37242 443
40.39254 399
40.41265 367
40.43277 362
40.45288 336
40.47299 329
40.49311 306
40.51322 292
40.53333 304
40.55345 315
40.57356 260
40.59368 283
40.61379 291
40.6339 276
40.65402 241
40.67413 257
40.69424 252
40.71436 273
40.73447 283
40.75458 282
40.7747 265
40.79481 254
40.81493 296
40.83504 263
40.85515 237
40.87527 290
40.89538 298
40.91549 281
40.93561 262
40.95572 306
40.97584 308
40.99595 242
41.01606 266
41.03618 288
41.05629 240
41.0764 303
41.09652 293
41.11663 322
41.13675 284
41.15686 275
41.17697 311
41.19709 313
41.2172 294
41.23731 277
41.25743 306
41.27754 280
41.29765 309
41.31777 257
41.33788 282
41.358 283
41.37811 254
41.39822 270
41.41834 281
41.43845 309
41.45856 289
41.47868 306
41.49879 308
41.51891 353
41.53902 342
41.55913 323
41.57925 309
41.59936 340
41.61947 339
41.63959 326
41.6597 340
41.67982 374
41.69993 372
41.72004 377
41.74016 393
41.76027 355
41.78038 382
41.8005 392
41.82061 342
41.84072 326
41.86084 322
41.88095 330
41.90107 284
41.92118 327
41.94129 286
41.96141 293
41.98152 311
42.00163 331
42.02175 343
42.04186 308
42.06198 309
42.08209 321
42.1022 360
42.12232 345
42.14243 376
42.16254 400
42.18266 453
42.20277 432
42.22289 469
42.243 462
42.26311 600
42.28323 657
42.30334 784
42.32345 809
42.34357 896
42.36368 920
42.38379 945
42.40391 1004
42.42402 935
42.44414 870
42.46425 781
42.48436 730
42.50448 622
42.52459 580
42.5447 597
42.56482 466
42.58493 430
42.60505 391
42.62516 323
42.64527 331
42.66539 330
42.6855 334
42.70561 339
42.72573 296
42.74584 304
42.76595 339
42.78607 291
42.80618 315
42.8263 279
42.84641 308
42.86652 295
42.88664 303
42.90675 268
42.92686 276
42.94698 255
42.96709 297
42.98721 268
43.00732 289
43.02743 258
43.04755 286
43.06766 277
43.08777 272
43.10789 273
43.128 294
43.14812 254
43.16823 276
43.18834 290
43.20846 274
43.22857 270
43.24868 275
43.2688 288
43.28891 279
43.30902 279
43.32914 279
43.34925 252
43.36937 246
43.38948 232
43.40959 280
43.42971 251
43.44982 246
43.46993 260
43.49005 289
43.51016 235
43.53028 265
43.55039 275
43.5705 268
43.59062 254
43.61073 250
43.63084 257
43.65096 238
43.67107 245
43.69119 263
43.7113 241
43.73141 234
43.75153 262
43.77164 223
43.79175 254
43.81187 218
43.83198 245
43.85209 239
43.87221 233
43.89232 257
43.91244 231
43.93255 261
43.95266 250
43.97278 289
43.99289 236
44.013 258
44.03312 252
44.05323 241
44.07335 277
44.09346 276
44.11357 258
44.13369 246
44.1538 249
44.17391 271
44.19403 254
44.21414 224
44.23426 273
44.25437 246
44.27448 243
44.2946 276
44.31471 275
44.33482 243
44.35494 233
44.37505 223
44.39516 257
44.41528 225
44.43539 244
44.45551 255
44.47562 240
44.49573 249
44.51585 258
44.53596 263
44.55607 258
44.57619 243
44.5963 245
44.61642 261
44.63653 238
44.65664 278
44.67676 246
44.69687 248
44.71698 252
44.7371 224
44.75721 268
44.77732 252
44.79744 228
44.81755 235
44.83767 276
44.85778 263
44.87789 288
44.89801 247
44.91812 293
44.93823 252
44.95835 264
44.97846 251
44.99858 233
45.01869 252
45.0388 264
45.05892 250
45.07903 243
45.09914 263
45.11926 269
45.13937 279
45.15949 261
45.1796 273
45.19971 288
45.21983 290
45.23994 263
45.26005 272
45.28017 281
45.30028 297
45.32039 290
45.34051 265
45.36062 278
45.38074 297
45.40085 293
45.42096 301
45.44108 357
45.46119 337
45.4813 334
45.50142 346
45.52153 347
45.54165 398
45.56176 422
45.58187 418
45.60199 489
45.6221 557
45.64221 566
45.66233 657
45.68244 697
45.70256 664
45.72267 727
45.74278 705
45.7629 731
45.78301 644
45.80312 569
45.82324 543
45.84335 517
45.86346 484
45.88358 420
45.90369 397
45.92381 352
45.94392 323
45.96403 279
45.98415 270
46.00426 242
46.02437 268
46.04449 250
46.0646 245
46.08472 220
46.10483 277
46.12494 231
46.14506 258
46.16517 268
46.18528 247
46.2054 248
46.22551 257
46.24563 224
46.26574 237
46.28585 255
46.30597 267
46.32608 247
46.34619 221
46.36631 247
46.38642 212
46.40653 230
46.42665 263
46.44676 225
46.46688 200
46.48699 234
46.5071 243
46.52722 250
46.54733 252
46.56744 219
46.58756 249
46.60767 235
46.62779 221
46.6479 234
46.66801 221
46.68813 201
46.70824 229
46.72835 236
46.74847 224
46.76858 228
46.78869 229
46.80881 214
46.82892 244
46.84904 225
46.86915 255
46.88926 239
46.90938 234
46.92949 252
46.9496 251
46.96972 254
46.98983 287
47.00995 273
47.03006 240
47.05017 271
47.07029 270
47.0904 279
47.11051 291
47.13063 260
47.15074 253
47.17086 252
47.19097 280
47.21108 269
47.2312 258
47.25131 277
47.27142 243
47.29154 250
47.31165 256
47.33176 281
47.35188 250
47.37199 265
47.39211 246
47.41222 256
47.43233 253
47.45245 276
47.47256 274
47.49267 255
47.51279 255
47.5329 248
47.55302 247
47.57313 274
47.59324 283
47.61336 239
47.63347 242
47.65358 240
47.6737 241
47.69381 245
47.71393 273
47.73404 242
47.75415 283
47.77427 229
47.79438 224
47.81449 253
47.83461 275
47.85472 256
47.87483 257
47.89495 251
47.91506 238
47.93518 270
47.95529 274
47.9754 252
47.99552 238
48.01563 261
48.03574 248
48.05586 243
48.07597 252
48.09609 276
48.1162 273
48.13631 247
48.15643 228
48.17654 266
48.19665 249
48.21677 250
48.23688 283
48.257 283
48.27711 272
48.29722 258
48.31734 299
48.33745 280
48.35756 279
48.37768 253
48.39779 246
48.4179 274
48.43802 284
48.45813 268
48.47825 315
48.49836 287
48.51847 301
48.53859 297
48.5587 304
48.57881 275
48.59893 252
48.61904 291
48.63916 305
48.65927 307
48.67938 292
48.6995 282
48.71961 291
48.73972 288
48.75984 298
48.77995 268
48.80006 285
48.82018 287
48.84029 267
48.86041 279
48.88052 285
48.90063 293
48.92075 259
48.94086 280
48.96097 278
48.98109 288
49.0012 251
49.02132 309
49.04143 294
49.06154 276
49.08166 309
49.10177 296
49.12188 289
49.142 307
49.16211 301
49.18223 315
49.20234 274
49.22245 272
49.24257 300
49.26268 292
49.28279 268
49.30291 259
49.32302 285
49.34313 238
49.36325 301
49.38336 273
49.40348 289
49.42359 307
49.4437 284
49.46382 275
49.48393 293
49.50404 279
49.52416 293
49.54427 310
49.56439 309
49.5845 327
49.60461 270
49.62473 344
49.64484 331
49.66495 362
49.68507 347
49.70518 420
49.7253 424
49.74541 410
49.76552 465
49.78564 493
49.80575 515
49.82586 551
49.84598 587
49.86609 671
49.8862 718
49.90632 804
49.92643 906
49.94655 1049
49.96666 1159
49.98677 1360
50.00689 1523
50.027 1686
50.04711 1838
50.06723 1889
50.08734 1894
50.10746 1799
50.12757 1568
50.14768 1330
50.1678 1208
50.18791 1143
50.20802 1032
50.22814 933
50.24825 772
50.26837 703
50.28848 561
50.30859 514
50.32871 405
50.34882 409
50.36893 402
50.38905 392
50.40916 425
50.42927 414
50.44939 435
50.4695 391
50.48962 414
50.50973 461
50.52984 422
50.54996 418
50.57007 416
50.59018 383
50.6103 380
50.63041 329
50.65053 352
50.67064 348
50.69075 342
50.71087 322
50.73098 337
50.75109 323
50.77121 289
50.79132 308
50.81143 287
50.83155 291
50.85166 271
50.87178 270
50.89189 281
50.912 277
50.93212 281
50.95223 266
50.97234 284
50.99246 288
51.01257 312
51.03269 282
51.0528 323
51.07291 269
51.09303 290
51.11314 314
51.13325 268
51.15337 284
51.17348 289
51.1936 274
51.21371 271
51.23382 260
51.25394 270
51.27405 272
51.29416 271
51.31428 271
51.33439 264
51.3545 239
51.37462 285
51.39473 260
51.41485 261
51.43496 220
51.45507 222
51.47519 247
51.4953 221
51.51541 224
51.53553 231
51.55564 223
51.57576 227
51.59587 231
51.61598 249
51.6361 219
51.65621 224
51.67632 223
51.69644 203
51.71655 214
51.73667 222
51.75678 239
51.77689 216
51.79701 214
51.81712 225
51.83723 216
51.85735 242
51.87746 227
51.89757 202
51.91769 254
51.9378 232
51.95792 214
51.97803 247
51.99814 226
52.01826 222
52.03837 266
52.05848 251
52.0786 266
52.09871 223
52.11883 250
52.13894 254
52.15905 211
52.17917 248
52.19928 215
52.21939 240
52.23951 238
52.25962 236
52.27974 250
52.29985 224
52.31996 263
52.34008 257
52.36019 260
52.3803 260
52.40042 249
52.42053 242
52.44064 242
52.46076 255
52.48087 244
52.50099 219
52.5211 254
52.54121 216
52.56133 271
52.58144 250
52.60155 244
52.62167 243
52.64178 253
52.6619 264
52.68201 223
52.70212 266
52.72224 267
52.74235 274
52.76246 279
52.78258 247
52.80269 264
52.8228 238
52.84292 248
52.86303 253
52.88315 272
52.90326 275
52.92337 258
52.94349 250
52.9636 274
52.98371 257
53.00383 283
53.02394 252
53.04406 274
53.06417 270
53.08428 283
53.1044 297
53.12451 259
53.14462 258
53.16474 259
53.18485 298
53.20497 261
53.22508 315
53.24519 261
53.26531 269
53.28542 275
53.30553 260
53.32565 268
53.34576 287
53.36587 240
53.38599 261
53.4061 277
53.42622 236
53.44633 251
53.46644 235
53.48656 257
53.50667 270
53.52678 272
53.5469 252
53.56701 256
53.58713 253
53.60724 294
53.62735 252
53.64747 264
53.66758 249
53.68769 261
53.70781 251
53.72792 259
53.74804 247
53.76815 247
53.78826 249
53.80838 285
53.82849 267
53.8486 241
53.86872 256
53.88883 236
53.90894 273
53.92906 270
53.94917 267
53.96929 249
53.9894 243
54.00951 270
54.02963 265
54.04974 256
54.06985 266
54.08997 265
54.11008 276
54.1302 265
54.15031 260
54.17042 265
54.19054 258
54.21065 223
54.23076 236
54.25088 251
54.27099 268
54.29111 267
54.31122 274
54.33133 243
54.35145 287
54.37156 292
54.39167 288
54.41179 273
54.4319 292
54.45201 297
54.47213 291
54.49224 297
54.51236 308
54.53247 329
54.55258 332
54.5727 328
54.59281 374
54.61292 414
54.63304 411
54.65315 430
54.67327 490
54.69338 511
54.71349 587
54.73361 591
54.75372 630
54.77383 740
54.79395 747
54.81406 666
54.83417 669
54.85429 653
54.8744 603
54.89452 579
54.91463 560
54.93474 507
54.95486 507
54.97497 477
54.99508 449
55.0152 428
55.03531 429
55.05543 378
55.07554 375
55.09565 359
55.11577 359
55.13588 395
55.15599 424
55.17611 412
55.19622 408
55.21634 412
55.23645 446
55.25656 457
55.27668 447
55.29679 431
55.3169 391
55.33702 426
55.35713 358
55.37724 359
55.39736 353
55.41747 339
55.43759 347
55.4577 306
55.47781 326
55.49793 307
55.51804 279
55.53815 276
55.55827 257
55.57838 259
55.5985 239
55.61861 273
55.63872 226
55.65884 269
55.67895 254
55.69906 250
55.71918 289
55.73929 254
55.75941 282
55.77952 233
55.79963 239
55.81975 252
55.83986 228
55.85997 248
55.88009 254
55.9002 214
55.92031 260
55.94043 225
55.96054 247
55.98066 238
56.00077 254
56.02088 277
56.041 248
56.06111 271
56.08122 262
56.10134 249
56.12145 246
56.14157 253
56.16168 279
56.18179 265
56.20191 235
56.22202 238
56.24213 233
56.26225 237
56.28236 236
56.30248 237
56.32259 246
56.3427 266
56.36282 213
56.38293 227
56.40304 222
56.42316 236
56.44327 265
56.46338 243
56.4835 235
56.50361 248
56.52373 231
56.54384 236
56.56395 253
56.58407 234
56.60418 234
56.62429 233
56.64441 259
56.66452 236
56.68464 252
56.70475 261
56.72486 274
56.74498 228
56.76509 216
56.7852 222
56.80532 266
56.82543 245
56.84554 233
56.86566 254
56.88577 251
56.90589 227
56.926 238
56.94611 270
56.96623 255
56.98634 253
57.00645 226
57.02657 263
57.04668 274
57.0668 251
57.08691 245
57.10702 257
57.12714 240
57.14725 269
57.16736 296
57.18748 270
57.20759 271
57.22771 265
57.24782 262
57.26793 262
57.28805 265
57.30816 313
57.32827 274
57.34839 255
57.3685 280
57.38861 280
57.40873 260
57.42884 298
57.44896 271
57.46907 274
57.48918 239
57.5093 263
57.52941 291
57.54952 270
57.56964 280
57.58975 235
57.60987 256
57.62998 245
57.65009 259
57.67021 218
57.69032 276
57.71043 248
57.73055 245
57.75066 241
57.77078 232
57.79089 249
57.811 248
57.83112 235
57.85123 239
57.87134 257
57.89146 231
57.91157 252
57.93168 255
57.9518 238
57.97191 232
57.99203 226
58.01214 234
58.03225 248
58.05237 252
58.07248 262
58.09259 237
58.11271 266
58.13282 263
58.15294 228
58.17305 229
58.19316 218
58.21328 271
58.23339 240
58.2535 235
58.27362 236
58.29373 242
58.31385 239
58.33396 246
58.35407 237
58.37419 257
58.3943 237
58.41441 295
58.43453 254
58.45464 267
58.47475 251
58.49487 240
58.51498 257
58.5351 266
58.55521 231
58.57532 227
58.59544 273
58.61555 281
58.63566 248
58.65578 262
58.67589 263
58.69601 253
58.71612 274
58.73623 253
58.75635 266
58.77646 221
58.79657 258
58.81669 233
58.8368 251
58.85691 224
58.87703 257
58.89714 253
58.91726 220
58.93737 238
58.95748 219
58.9776 235
58.99771 242
59.01782 231
59.03794 236
59.05805 238
59.07817 244
59.09828 254
59.11839 252
59.13851 248
59.15862 229
59.17873 226
59.19885 261
59.21896 237
59.23908 243
59.25919 249
59.2793 267
59.29942 259
59.31953 254
59.33964 256
59.35976 233
59.37987 282
59.39998 270
59.4201 291
59.44021 283
59.46033 297
59.48044 303
59.50055 277
59.52067 314
59.54078 318
59.56089 370
59.58101 351
59.60112 378
59.62124 419
59.64135 441
59.66146 461
59.68158 562
59.70169 574
59.7218 668
59.74192 718
59.76203 775
59.78215 901
59.80226 1032
59.82237 1131
59.84249 1206
59.8626 1240
59.88271 1288
59.90283 1320
59.92294 1169
59.94305 1110
59.96317 967
59.98328 897
60.0034 797
60.02351 778
60.04362 783
60.06374 733
60.08385 658
60.10396 588
60.12408 501
60.14419 383
60.16431 356
60.18442 318
60.20453 306
60.22465 283
60.24476 317
60.26487 292
60.28499 292
60.3051 283
60.32522 296
60.34533 262
60.36544 258
60.38556 299
60.40567 256
60.42578 237
60.4459 244
60.46601 234
60.48612 271
60.50624 234
60.52635 278
60.54647 245
60.56658 270
60.58669 252
60.60681 246
60.62692 229
60.64703 232
60.66715 239
60.68726 261
60.70738 248
60.72749 250
60.7476 281
60.76772 231
60.78783 262
60.80794 249
60.82806 263
60.84817 264
60.86828 303
60.8884 258
60.90851 243
60.92863 259
60.94874 269
60.96885 252
60.98897 271
61.00908 280
61.02919 310
61.04931 297
61.06942 286
61.08954 267
61.10965 266
61.12976 292
61.14988 267
61.16999 308
61.1901 283
61.21022 293
61.23033 278
61.25045 275
61.27056 297
61.29067 298
61.31079 257
61.3309 289
61.35101 276
61.37113 299
61.39124 255
61.41135 296
61.43147 281
61.45158 295
61.4717 304
61.49181 312
61.51192 264
61.53204 277
61.55215 281
61.57226 277
61.59238 292
61.61249 308
61.63261 275
61.65272 300
61.67283 281
61.69295 322
61.71306 262
61.73317 256
61.75329 299
61.7734 292
61.79352 271
61.81363 283
61.83374 266
61.85386 266
61.87397 283
61.89408 274
61.9142 241
61.93431 268
61.95442 264
61.97454 270
61.99465 256
62.01477 271
62.03488 234
62.05499 234
62.07511 261
62.09522 264
62.11533 238
62.13545 238
62.15556 252
62.17568 242
62.19579 278
62.2159 301
62.23602 201
62.25613 260
62.27624 259
62.29636 247
62.31647 242
62.33659 256
62.3567 274
62.37681 266
62.39693 262
62.41704 239
62.43715 250
62.45727 236
62.47738 268
62.49749 248
62.51761 249
62.53772 245
62.55784 220
62.57795 251
62.59806 236
62.61818 230
62.63829 222
62.6584 238
62.67852 266
62.69863 222
62.71875 207
62.73886 260
62.75897 245
62.77909 215
62.7992 231
62.81931 249
62.83943 248
62.85954 239
62.87965 249
62.89977 247
62.91988 271
62.94 266
62.96011 254
62.98022 242
63.00034 253
63.02045 258
63.04056 255
63.06068 280
63.08079 246
63.10091 262
63.12102 287
63.14113 257
63.16125 257
63.18136 251
63.20147 261
63.22159 269
63.2417 264
63.26182 249
63.28193 282
63.30204 229
63.32216 228
63.34227 263
63.36238 228
63.3825 249
63.40261 237
63.42272 279
63.44284 262
63.46295 275
63.48307 267
63.50318 260
63.52329 277
63.54341 234
63.56352 252
63.58363 296
63.60375 294
63.62386 309
63.64398 285
63.66409 326
63.6842 298
63.70432 278
63.72443 304
63.74454 330
63.76466 303
63.78477 311
63.80489 338
63.825 350
63.84511 367
63.86523 376
63.88534 418
63.90545 453
63.92557 419
63.94568 456
63.96579 422
63.98591 400
64.00602 412
64.02614 368
64.04625 354
64.06636 381
64.08648 344
64.10659 317
64.1267 332
64.14682 343
64.16693 290
64.18705 287
64.20716 268
64.22727 278
64.24739 249
64.2675 263
64.28761 234
64.30773 250
64.32784 223
64.34796 232
64.36807 245
64.38818 235
64.4083 234
64.42841 235
64.44852 238
64.46864 253
64.48875 231
64.50886 238
64.52898 243
64.54909 215
64.56921 255
64.58932 248
64.60943 250
64.62955 246
64.64966 212
64.66977 241
64.68989 241
64.71 252
64.73012 269
64.75023 244
64.77034 255
64.79046 262
64.81057 250
64.83068 241
64.8508 242
64.87091 241
64.89102 261
64.91114 244
64.93125 228
64.95137 272
64.97148 240
64.99159 247
65.01171 220
65.03182 263
65.05193 264
65.07205 230
65.09216 249
65.11228 228
65.13239 246
65.1525 240
65.17262 256
65.19273 268
65.21284 247
65.23296 277
65.25307 252
65.27319 257
65.2933 215
65.31341 249
65.33353 242
65.35364 219
65.37375 246
65.39387 234
65.41398 251
65.43409 228
65.45421 247
65.47432 248
65.49444 252
65.51455 228
65.53466 238
65.55478 249
65.57489 223
65.595 240
65.61512 267
65.63523 233
65.65535 267
65.67546 263
65.69557 263
65.71569 260
65.7358 257
65.75591 277
65.77603 272
65.79614 279
65.81626 233
65.83637 240
65.85648 243
65.8766 238
65.89671 240
65.91682 246
65.93694 265
65.95705 220
65.97716 236
65.99728 220
66.01739 235
66.03751 221
66.05762 245
66.07773 218
66.09785 221
66.11796 242
66.13807 237
66.15819 210
66.1783 223
66.19842 234
66.21853 242
66.23864 251
66.25876 230
66.27887 232
66.29898 220
66.3191 237
66.33921 235
66.35933 218
66.37944 203
66.39955 245
66.41967 206
66.43978 221
66.45989 192
66.48001 247
66.50012 202
66.52023 225
66.54035 215
66.56046 227
66.58058 216
66.60069 235
66.6208 216
66.64092 203
66.66103 197
66.68114 226
66.70126 224
66.72137 247
66.74149 195
66.7616 212
66.78171 211
66.80183 204
66.82194 223
66.84205 271
66.86217 230
66.88228 233
66.90239 231
66.92251 228
66.94262 217
66.96274 218
66.98285 215
67.00296 220
67.02308 246
67.04319 235
67.0633 229
67.08342 238
67.10353 232
67.12365 244
67.14376 284
67.16387 269
67.18399 255
67.2041 230
67.22421 270
67.24433 251
67.26444 277
67.28456 292
67.30467 287
67.32478 308
67.3449 298
67.36501 288
67.38512 347
67.40524 354
67.42535 348
67.44546 356
67.46558 410
67.48569 454
67.50581 492
67.52592 518
67.54603 556
67.56615 628
67.58626 705
67.60637 738
67.62649 809
67.6466 784
67.66672 814
67.68683 782
67.70694 836
67.72706 768
67.74717 688
67.76728 702
67.7874 665
67.80751 675
67.82763 724
67.84774 719
67.86785 725
67.88797 742
67.90808 757
67.92819 746
67.94831 793
67.96842 865
67.98853 877
68.00865 966
68.02876 1017
68.04888 1118
68.06899 1112
68.0891 1079
68.10922 1057
68.12933 1067
68.14944 1015
68.16956 1044
68.18967 992
68.20979 988
68.2299 965
68.25001 968
68.27013 901
68.29024 861
68.31035 769
68.33047 672
68.35058 571
68.3707 515
68.39081 518
68.41092 503
68.43104 456
68.45115 412
68.47126 419
68.49138 368
68.51149 337
68.5316 324
68.55172 301
68.57183 255
68.59195 261
68.61206 260
68.63217 274
68.65229 259
68.6724 249
68.69251 253
68.71263 259
68.73274 244
68.75286 252
68.77297 254
68.79308 210
68.8132 253
68.83331 260
68.85342 221
68.87354 231
68.89365 223
68.91376 241
68.93388 214
68.95399 229
68.97411 239
68.99422 228
69.01433 218
69.03445 232
69.05456 212
69.07467 247
69.09479 244
69.1149 219
69.13502 232
69.15513 203
69.17524 229
69.19536 224
69.21547 260
69.23558 231
69.2557 252
69.27581 259
69.29593 229
69.31604 237
69.33615 251
69.35627 254
69.37638 269
69.39649 223
69.41661 232
69.43672 236
69.45683 245
69.47695 242
69.49706 222
69.51718 241
69.53729 233
69.5574 257
69.57752 228
69.59763 224
69.61774 250
69.63786 234
69.65797 225
69.67809 227
69.6982 250
69.71831 225
69.73843 214
69.75854 239
69.77865 250
69.79877 240
69.81888 207
69.839 228
69.85911 238
69.87922 235
69.89934 235
69.91945 235
69.93956 219
69.95968 236
69.97979 239
69.9999 222
70.02002 231
70.04013 218
70.06025 227
70.08036 221
70.10047 236
70.12059 185
70.1407 235
70.16081 236
70.18093 226
70.20104 208
70.22116 212
70.24127 202
70.26138 196
70.2815 211
70.30161 217
70.32172 198
70.34184 232
70.36195 202
70.38207 175
70.40218 207
70.42229 218
70.44241 214
70.46252 200
70.48263 202
70.50275 207
70.52286 232
70.54297 231
70.56309 242
70.5832 241
70.60332 206
70.62343 211
70.64354 240
70.66366 227
70.68377 219
70.70388 234
70.724 255
70.74411 206
70.76423 218
70.78434 221
70.80445 203
70.82457 243
70.84468 239
70.86479 222
70.88491 200
70.90502 237
70.92513 204
70.94525 189
70.96536 195
70.98548 208
71.00559 203
71.0257 231
71.04582 204
71.06593 215
71.08604 201
71.10616 229
71.12627 213
71.14639 243
71.1665 221
71.18661 207
71.20673 209
71.22684 204
71.24695 193
71.26707 229
71.28718 219
71.3073 215
71.32741 222
71.34752 215
71.36764 222
71.38775 211
71.40786 230
71.42798 227
71.44809 236
71.4682 219
71.48832 240
71.50843 225
71.52855 220
71.54866 191
71.56877 242
71.58889 216
71.609 228
71.62911 200
71.64923 226
71.66934 201
71.68946 242
71.70957 223
71.72968 206
71.7498 194
71.76991 247
71.79002 238
71.81014 215
71.83025 222
71.85037 210
71.87048 218
71.89059 221
71.91071 212
71.93082 197
71.95093 233
71.97105 231
71.99116 223
72.01127 244
72.03139 226
72.0515 199
72.07162 210
72.09173 246
72.11184 234
72.13196 231
72.15207 232
72.17218 242
72.1923 228
72.21241 221
72.23253 222
72.25264 205
72.27275 215
72.29287 215
72.31298 218
72.33309 235
72.35321 221
72.37332 208
72.39344 226
72.41355 234
72.43366 245
72.45378 218
72.47389 208
72.494 244
72.51412 239
72.53423 224
72.55434 211
72.57446 240
72.59457 205
72.61469 236
72.6348 232
72.65491 201
72.67503 229
72.69514 251
72.71525 207
72.73537 230
72.75548 235
72.7756 211
72.79571 231
72.81582 226
72.83594 251
72.85605 241
72.87616 243
72.89628 243
72.91639 237
72.9365 243
72.95662 227
72.97673 245
72.99685 279
73.01696 258
73.03707 253
73.05719 249
73.0773 242
73.09741 274
73.11753 282
73.13764 275
73.15776 291
73.17787 311
73.19798 299
73.2181 318
73.23821 324
73.25832 330
73.27844 378
73.29855 380
73.31867 387
73.33878 438
73.35889 430
73.37901 485
73.39912 409
73.41923 391
73.43935 381
73.45946 386
73.47957 357
73.49969 334
73.5198 316
73.53992 305
73.56003 318
73.58014 345
73.60026 325
73.62037 298
73.64048 301
73.6606 297
73.68071 283
73.70083 262
73.72094 262
73.74105 249
73.76117 232
73.78128 242
73.80139 235
73.82151 244
73.84162 245
73.86174 232
73.88185 222
73.90196 211
73.92208 224
73.94219 211
73.9623 201
73.98242 212
74.00253 254
74.02264 213
74.04276 240
74.06287 225
74.08299 218
74.1031 253
74.12321 209
74.14333 241
74.16344 205
74.18355 223
74.20367 198
74.22378 214
74.2439 223
74.26401 217
74.28412 234
74.30424 208
74.32435 254
74.34446 223
74.36458 226
74.38469 198
74.40481 227
74.42492 219
74.44503 233
74.46515 217
74.48526 236
74.50537 236
74.52549 213
74.5456 227
74.56571 237
74.58583 215
74.60594 217
74.62606 213
74.64617 215
74.66628 220
74.6864 205
74.70651 218
74.72662 219
74.74674 252
74.76685 256
74.78697 235
74.80708 222
74.82719 259
74.84731 249
74.86742 240
74.88753 204
74.90765 224
74.92776 243
74.94787 231
74.96799 234
74.9881 226
75.00822 207
