3.00117 20267
3.02128 19456
3.0414 18962
3.06151 18954
3.08162 17988
3.10174 17599
3.12185 16857
3.14197 16494
3.16208 15955
3.18219 15495
3.20231 15331
3.22242 14520
3.24253 14224
3.26265 14076
3.28276 13518
3.30288 12927
3.32299 12622
3.3431 12123
3.36322 12039
3.38333 11279
3.40344 11033
3.42356 10588
3.44367 10245
3.46379 9864
3.4839 9793
3.50401 9510
3.52413 8865
3.54424 8664
3.56435 8387
3.58447 8010
3.60458 7813
3.62469 7372
3.64481 7191
3.66492 7088
3.68504 6503
3.70515 6444
3.72526 6151
3.74538 6037
3.76549 5789
3.7856 5483
3.80572 5366
3.82583 4932
3.84595 4896
3.86606 4789
3.88617 4436
3.90629 4498
3.9264 4127
3.94651 3933
3.96663 3876
3.98674 3560
4.00686 3480
4.02697 3280
4.04708 3205
4.0672 3123
4.08731 2927
4.10742 2862
4.12754 2603
4.14765 2666
4.16776 2578
4.18788 2377
4.20799 2439
4.22811 2143
4.24822 2059
4.26833 2166
4.28845 2067
4.30856 2135
4.32867 1889
4.34879 1920
4.3689 1909
4.38902 1862
4.40913 1768
4.42924 1732
4.44936 1710
4.46947 1747
4.48958 1737
4.5097 1654
4.52981 1546
4.54992 1547
4.57004 1506
4.59015 1557
4.61027 1458
4.63038 1464
4.65049 1458
4.67061 1379
4.69072 1431
4.71083 1261
4.73095 1340
4.75106 1305
4.77118 1227
4.79129 1281
4.8114 1222
4.83152 1208
4.85163 1189
4.87174 1192
4.89186 1193
4.91197 1164
4.93209 1079
4.9522 1036
4.97231 1123
4.99243 1051
5.01254 1019
5.03265 1130
5.05277 993
5.07288 963
5.09299 991
5.11311 998
5.13322 967
5.15334 995
5.17345 900
5.19356 959
5.21368 851
5.23379 960
5.2539 915
5.27402 981
5.29413 898
5.31425 866
5.33436 898
5.35447 865
5.37459 878
5.3947 872
5.41481 862
5.43493 882
5.45504 848
5.47516 871
5.49527 910
5.51538 864
5.5355 839
5.55561 924
5.57572 877
5.59584 827
5.61595 842
5.63606 811
5.65618 887
5.67629 862
5.69641 829
5.71652 841
5.73663 872
5.75675 915
5.77686 776
5.79697 820
5.81709 860
5.8372 900
5.85732 826
5.87743 847
5.89754 832
5.91766 872
5.93777 921
5.95788 946
5.978 976
5.99811 1028
6.01823 1014
6.03834 1066
6.05845 1081
6.07857 1056
6.09868 1143
6.11879 1072
6.13891 1055
6.15902 960
6.17913 892
6.19925 852
6.21936 774
6.23948 700
6.25959 681
6.2797 664
6.29982 663
6.31993 634
6.34004 647
6.36016 651
6.38027 594
6.40039 526
6.4205 628
6.44061 581
6.46073 583
6.48084 570
6.50095 546
6.52107 610
6.54118 538
6.56129 525
6.58141 537
6.60152 531
6.62164 539
6.64175 483
6.66186 486
6.68198 487
6.70209 481
6.7222 532
6.74232 465
6.76243 519
6.78255 511
6.80266 491
6.82277 487
6.84289 516
6.863 518
6.88311 490
6.90323 530
6.92334 446
6.94346 471
6.96357 472
6.98368 486
7.0038 505
7.02391 497
7.04402 432
7.06414 471
7.08425 467
7.10436 434
7.12448 451
7.14459 457
7.16471 413
7.18482 389
7.20493 486
7.22505 422
7.24516 429
7.26527 452
7.28539 467
7.3055 389
7.32562 409
7.34573 405
7.36584 416
7.38596 418
7.40607 391
7.42618 426
7.4463 431
7.46641 405
7.48653 400
7.50664 455
7.52675 424
7.54687 418
7.56698 400
7.58709 412
7.60721 418
7.62732 367
7.64743 406
7.66755 405
7.68766 388
7.70778 428
7.72789 366
7.748 421
7.76812 414
7.78823 440
7.80834 407
7.82846 383
7.84857 418
7.86869 378
7.8888 391
7.90891 383
7.92903 408
7.94914 384
7.96925 380
7.98937 425
8.00948 383
8.0296 387
8.04971 389
8.06982 399
8.08994 403
8.11005 384
8.13016 394
8.15028 363
8.17039 416
8.1905 386
8.21062 383
8.23073 380
8.25085 354
8.27096 401
8.29107 393
8.31119 381
8.3313 399
8.35141 394
8.37153 362
8.39164 400
8.41176 334
8.43187 395
8.45198 380
8.4721 401
8.49221 404
8.51232 356
8.53244 382
8.55255 407
8.57266 399
8.59278 362
8.61289 376
8.63301 416
8.65312 418
8.67323 418
8.69335 389
8.71346 389
8.73357 391
8.75369 378
8.7738 428
8.79392 311
8.81403 394
8.83414 390
8.85426 353
8.87437 389
8.89448 398
8.9146 408
8.93471 397
8.95483 394
8.97494 389
8.99505 385
9.01517 374
9.03528 343
9.05539 364
9.07551 385
9.09562 390
9.11573 371
9.13585 415
9.15596 394
9.17608 335
9.19619 359
9.2163 392
9.23642 347
9.25653 348
9.27664 388
9.29676 353
9.31687 369
9.33699 387
9.3571 350
9.37721 388
9.39733 370
9.41744 402
9.43755 401
9.45767 342
9.47778 390
9.4979 391
9.51801 397
9.53812 387
9.55824 351
9.57835 353
9.59846 375
9.61858 363
9.63869 380
9.6588 402
9.67892 383
9.69903 399
9.71915 402
9.73926 398
9.75937 466
9.77949 440
9.7996 406
9.81971 400
9.83983 401
9.85994 392
9.88006 389
9.90017 413
9.92028 357
9.9404 389
9.96051 332
9.98062 371
10.00074 373
10.02085 358
10.04097 378
10.06108 365
10.08119 346
10.10131 369
10.12142 392
10.14153 346
10.16165 325
10.18176 353
10.20187 376
10.22199 363
10.2421 348
10.26222 377
10.28233 426
10.30244 342
10.32256 374
10.34267 394
10.36278 392
10.3829 437
10.40301 476
10.42313 483
10.44324 509
10.46335 503
10.48347 537
10.50358 543
10.52369 479
10.54381 428
10.56392 489
10.58403 390
10.60415 381
10.62426 399
10.64438 407
10.66449 412
10.6846 407
10.70472 410
10.72483 377
10.74494 373
10.76506 390
10.78517 350
10.80529 354
10.8254 347
10.84551 399
10.86563 404
10.88574 373
10.90585 405
10.92597 373
10.94608 358
10.9662 332
10.98631 394
11.00642 447
11.02654 382
11.04665 370
11.06676 355
11.08688 354
11.10699 386
11.1271 359
11.14722 393
11.16733 381
11.18745 370
11.20756 370
11.22767 355
11.24779 356
11.2679 360
11.28801 356
11.30813 327
11.32824 343
11.34836 388
11.36847 380
11.38858 380
11.4087 400
11.42881 374
11.44892 353
11.46904 366
11.48915 375
11.50927 395
11.52938 386
11.54949 369
11.56961 382
11.58972 394
11.60983 371
11.62995 379
11.65006 385
11.67017 425
11.69029 375
11.7104 353
11.73052 432
11.75063 397
11.77074 406
11.79086 398
11.81097 389
11.83108 381
11.8512 398
11.87131 396
11.89143 407
11.91154 411
11.93165 427
11.95177 429
11.97188 428
11.99199 394
12.01211 413
12.03222 403
12.05234 430
12.07245 401
12.09256 400
12.11268 418
12.13279 397
12.1529 419
12.17302 419
12.19313 417
12.21324 400
12.23336 418
12.25347 376
12.27359 424
12.2937 421
12.31381 386
12.33393 399
12.35404 360
12.37415 374
12.39427 412
12.41438 375
12.4345 385
12.45461 368
12.47472 392
12.49484 321
12.51495 337
12.53506 370
12.55518 357
12.57529 334
12.5954 356
12.61552 336
12.63563 386
12.65575 355
12.67586 338
12.69597 353
12.71609 367
12.7362 327
12.75631 357
12.77643 362
12.79654 318
12.81666 377
12.83677 327
12.85688 365
12.877 339
12.89711 346
12.91722 353
12.93734 303
12.95745 345
12.97757 324
12.99768 334
13.01779 341
13.03791 370
13.05802 362
13.07813 333
13.09825 338
13.11836 289
13.13847 342
13.15859 347
13.1787 374
13.19882 339
13.21893 360
13.23904 327
13.25916 365
13.27927 304
13.29938 321
13.3195 356
13.33961 300
13.35973 354
13.37984 337
13.39995 335
13.42007 352
13.44018 315
13.46029 329
13.48041 365
13.50052 354
13.52064 341
13.54075 369
13.56086 367
13.58098 380
13.60109 348
13.6212 327
13.64132 384
13.66143 373
13.68154 369
13.70166 396
13.72177 390
13.74189 406
13.762 481
13.78211 444
13.80223 472
13.82234 457
13.84245 446
13.86257 423
13.88268 495
13.9028 391
13.92291 384
13.94302 404
13.96314 372
13.98325 358
14.00336 323
14.02348 335
14.04359 358
14.06371 343
14.08382 326
14.10393 341
14.12405 363
14.14416 353
14.16427 312
14.18439 315
14.2045 321
14.22461 327
14.24473 309
14.26484 329
14.28496 319
14.30507 343
14.32518 290
14.3453 322
14.36541 336
14.38552 371
14.40564 334
14.42575 318
14.44587 321
14.46598 302
14.48609 322
14.50621 316
14.52632 303
14.54643 285
14.56655 313
14.58666 311
14.60677 305
14.62689 305
14.647 332
14.66712 305
14.68723 315
14.70734 312
14.72746 309
14.74757 313
14.76768 325
14.7878 314
14.80791 335
14.82803 319
14.84814 306
14.86825 305
14.88837 345
14.90848 342
14.92859 298
14.94871 319
14.96882 330
14.98894 411
15.00905 346
15.02916 375
15.04928 394
15.06939 357
15.0895 336
15.10962 379
15.12973 334
15.14984 363
15.16996 335
15.19007 342
15.21019 303
15.2303 325
15.25041 347
15.27053 305
15.29064 288
15.31075 294
15.33087 313
15.35098 307
15.3711 304
15.39121 279
15.41132 309
15.43144 315
15.45155 267
15.47166 305
15.49178 296
15.51189 315
15.53201 317
15.55212 341
15.57223 356
15.59235 357
15.61246 313
15.63257 338
15.65269 353
15.6728 311
15.69291 327
15.71303 349
15.73314 368
15.75326 354
15.77337 342
15.79348 333
15.8136 333
15.83371 328
15.85382 311
15.87394 297
15.89405 311
15.91417 314
15.93428 298
15.95439 311
15.97451 324
15.99462 307
16.01473 344
16.03485 314
16.05496 300
16.07508 322
16.09519 334
16.1153 327
16.13542 315
16.15553 303
16.17564 308
16.19576 349
16.21587 301
16.23598 320
16.2561 327
16.27621 328
16.29633 276
16.31644 310
16.33655 300
16.35667 290
16.37678 300
16.39689 313
16.41701 309
16.43712 309
16.45724 303
16.47735 314
16.49746 271
16.51758 334
16.53769 273
16.5578 317
16.57792 334
16.59803 315
16.61814 280
16.63826 325
16.65837 307
16.67849 335
16.6986 282
16.71871 312
16.73883 302
16.75894 299
16.77905 291
16.79917 326
16.81928 340
16.8394 308
16.85951 292
16.87962 342
16.89974 309
16.91985 344
16.93996 296
16.96008 295
16.98019 312
17.00031 348
17.02042 329
17.04053 287
17.06065 310
17.08076 302
17.10087 305
17.12099 324
17.1411 319
17.16121 340
17.18133 290
17.20144 313
17.22156 307
17.24167 305
17.26178 334
17.2819 343
17.30201 341
17.32212 331
17.34224 339
17.36235 324
17.38247 328
17.40258 329
17.42269 335
17.44281 336
17.46292 348
17.48303 346
17.50315 320
17.52326 310
17.54338 332
17.56349 345
17.5836 309
17.60372 339
17.62383 312
17.64394 312
17.66406 322
17.68417 314
17.70428 318
17.7244 308
17.74451 314
17.76463 315
17.78474 318
17.80485 347
17.82497 350
17.84508 367
17.86519 348
17.88531 370
17.90542 306
17.92554 335
17.94565 344
17.96576 370
17.98588 365
18.00599 343
18.0261 383
18.04622 327
18.06633 361
18.08645 373
18.10656 382
18.12667 332
18.14679 341
18.1669 322
18.18701 318
18.20713 322
18.22724 323
18.24735 355
18.26747 304
18.28758 338
18.3077 305
18.32781 292
18.34792 323
18.36804 329
18.38815 331
18.40826 330
18.42838 343
18.44849 347
18.46861 336
18.48872 344
18.50883 315
18.52895 312
18.54906 343
18.56917 322
18.58929 326
18.6094 311
18.62951 332
18.64963 319
18.66974 341
18.68986 326
18.70997 343
18.73008 334
18.7502 356
18.77031 321
18.79042 343
18.81054 332
18.83065 321
18.85077 316
18.87088 335
18.89099 318
18.91111 378
18.93122 297
18.95133 349
18.97145 366
18.99156 308
19.01168 338
19.03179 315
19.0519 348
19.07202 362
19.09213 303
19.11224 346
19.13236 380
19.15247 382
19.17258 381
19.1927 406
19.21281 361
19.23293 365
19.25304 397
19.27315 371
19.29327 401
19.31338 403
19.33349 340
19.35361 364
19.37372 412
19.39384 406
19.41395 436
19.43406 467
19.45418 476
19.47429 487
19.4944 456
19.51452 490
19.53463 488
19.55475 512
19.57486 530
19.59497 557
19.61509 537
19.6352 554
19.65531 544
19.67543 580
19.69554 509
19.71565 609
19.73577 599
19.75588 543
19.776 597
19.79611 593
19.81622 595
19.83634 575
19.85645 550
19.87656 608
19.89668 607
19.91679 583
19.93691 550
19.95702 597
19.97713 564
19.99725 546
20.01736 547
20.03747 557
20.05759 561
20.0777 529
20.09782 559
20.11793 549
20.13804 515
20.15816 536
20.17827 551
20.19838 544
20.2185 570
20.23861 560
20.25872 525
20.27884 561
20.29895 511
20.31907 553
20.33918 525
20.35929 503
20.37941 573
20.39952 525
20.41963 551
20.43975 482
20.45986 537
20.47998 614
20.50009 542
20.5202 549
20.54032 555
20.56043 561
20.58054 595
20.60066 614
20.62077 642
20.64088 680
20.661 739
20.68111 872
20.70123 997
20.72134 1284
20.74145 1495
20.76157 1857
20.78168 2137
20.80179 2405
20.82191 2469
20.84202 2419
20.86214 2052
20.88225 1697
20.90236 1327
20.92248 1093
20.94259 886
20.9627 768
20.98282 748
21.00293 723
21.02305 638
21.04316 713
21.06327 676
21.08339 580
21.1035 603
21.12361 522
21.14373 518
21.16384 549
21.18395 554
21.20407 554
21.22418 558
21.2443 592
21.26441 555
21.28452 560
21.30464 552
21.32475 543
21.34486 598
21.36498 574
21.38509 562
21.40521 536
21.42532 533
21.44543 494
21.46555 566
21.48566 505
21.50577 534
21.52589 514
21.546 527
21.56612 510
21.58623 493
21.60634 502
21.62646 492
21.64657 524
21.66668 474
21.6868 515
21.70691 499
21.72702 520
21.74714 523
21.76725 537
21.78737 551
21.80748 630
21.82759 621
21.84771 740
21.86782 861
21.88793 996
21.90805 1178
21.92816 1307
21.94828 1374
21.96839 1458
21.9885 1334
22.00862 1201
22.02873 1002
22.04884 871
22.06896 734
22.08907 626
22.10919 554
22.1293 528
22.14941 534
22.16953 499
22.18964 433
22.20975 476
22.22987 452
22.24998 450
22.27009 461
22.29021 460
22.31032 448
22.33044 455
22.35055 425
22.37066 393
22.39078 439
22.41089 417
22.431 440
22.45112 437
22.47123 442
22.49135 432
22.51146 410
22.53157 426
22.55169 439
22.5718 498
22.59191 424
22.61203 395
22.63214 424
22.65225 422
22.67237 411
22.69248 449
22.7126 459
22.73271 483
22.75282 494
22.77294 496
22.79305 497
22.81316 555
22.83328 563
22.85339 611
22.87351 589
22.89362 657
22.91373 649
22.93385 573
22.95396 578
22.97407 498
22.99419 483
23.0143 525
23.03442 457
23.05453 475
23.07464 506
23.09476 493
23.11487 463
23.13498 454
23.1551 467
23.17521 411
23.19532 474
23.21544 424
23.23555 450
23.25567 468
23.27578 441
23.29589 481
23.31601 442
23.33612 462
23.35623 443
23.37635 465
23.39646 513
23.41658 537
23.43669 561
23.4568 539
23.47692 595
23.49703 692
23.51714 713
23.53726 736
23.55737 799
23.57749 842
23.5976 801
23.61771 754
23.63783 775
23.65794 704
23.67805 673
23.69817 614
23.71828 610
23.73839 590
23.75851 617
23.77862 718
23.79874 737
23.81885 773
23.83896 793
23.85908 842
23.87919 862
23.8993 864
23.91942 794
23.93953 675
23.95965 714
23.97976 616
23.99987 632
24.01999 562
24.0401 550
24.06021 578
24.08033 514
24.10044 566
24.12056 564
24.14067 570
24.16078 580
24.1809 639
24.20101 665
24.22112 745
24.24124 802
24.26135 840
24.28146 885
24.30158 826
24.32169 819
24.34181 734
24.36192 679
24.38203 644
24.40215 600
24.42226 602
24.44237 565
24.46249 510
24.4826 491
24.50272 478
24.52283 500
24.54294 478
24.56306 502
24.58317 506
24.60328 464
24.6234 470
24.64351 505
24.66362 497
24.68374 502
24.70385 491
24.72397 481
24.74408 490
24.76419 496
24.78431 439
24.80442 465
24.82453 491
24.84465 457
24.86476 487
24.88488 490
24.90499 469
24.9251 470
24.94522 482
24.96533 466
24.98544 494
25.00556 459
25.02567 473
25.04579 449
25.0659 507
25.08601 468
25.10613 485
25.12624 500
25.14635 466
25.16647 493
25.18658 469
25.20669 476
25.22681 501
25.24692 498
25.26704 500
25.28715 473
25.30726 536
25.32738 526
25.34749 509
25.3676 528
25.38772 547
25.40783 552
25.42795 615
25.44806 616
25.46817 675
25.48829 676
25.5084 697
25.52851 626
25.54863 665
25.56874 652
25.58886 596
25.60897 617
25.62908 581
25.6492 570
25.66931 580
25.68942 564
25.70954 532
25.72965 555
25.74976 541
25.76988 572
25.78999 532
25.81011 529
25.83022 540
25.85033 489
25.87045 565
25.89056 473
25.91067 490
25.93079 494
25.9509 491
25.97102 536
25.99113 504
26.01124 525
26.03136 524
26.05147 530
26.07158 537
26.0917 577
26.11181 635
26.13193 580
26.15204 642
26.17215 631
26.19227 677
26.21238 739
26.23249 751
26.25261 816
26.27272 828
26.29283 877
26.31295 1006
26.33306 1157
26.35318 1167
26.37329 1357
26.3934 1466
26.41352 1822
26.43363 2055
26.45374 2549
26.47386 3311
26.49397 4265
26.51409 5667
26.5342 7438
26.55431 8737
26.57443 9557
26.59454 9947
26.61465 9358
26.63477 8121
26.65488 6346
26.67499 4643
26.69511 3504
26.71522 2488
26.73534 1591
26.75545 1198
26.77556 1019
26.79568 1007
26.81579 837
26.8359 821
26.85602 750
26.87613 767
26.89625 779
26.91636 732
26.93647 701
26.95659 731
26.9767 652
26.99681 720
27.01693 723
27.03704 663
27.05716 676
27.07727 682
27.09738 650
27.1175 622
27.13761 687
27.15772 570
27.17784 563
27.19795 566
27.21806 633
27.23818 579
27.25829 592
27.27841 654
27.29852 677
27.31863 673
27.33875 715
27.35886 741
27.37897 798
27.39909 749
27.4192 739
27.43932 811
27.45943 729
27.47954 802
27.49966 780
27.51977 768
27.53988 718
27.56 755
27.58011 794
27.60023 899
27.62034 1024
27.64045 1136
27.66057 1392
27.68068 1685
27.70079 1861
27.72091 2056
27.74102 2180
27.76113 2299
27.78125 2290
27.80136 2201
27.82148 2076
27.84159 2065
27.8617 1884
27.88182 1816
27.90193 1841
27.92204 1815
27.94216 1907
27.96227 1802
27.98239 1706
28.0025 1397
28.02261 1209
28.04273 1096
28.06284 909
28.08295 866
28.10307 680
28.12318 679
28.1433 671
28.16341 693
28.18352 739
28.20364 773
28.22375 829
28.24386 813
28.26398 862
28.28409 809
28.3042 840
28.32432 781
28.34443 655
28.36455 634
28.38466 549
28.40477 569
28.42489 529
28.445 530
28.46511 541
28.48523 518
28.50534 513
28.52546 547
28.54557 511
28.56568 484
28.5858 464
28.60591 490
28.62602 465
28.64614 445
28.66625 406
28.68636 437
28.70648 404
28.72659 411
28.74671 457
28.76682 411
28.78693 398
28.80705 374
28.82716 382
28.84727 404
28.86739 456
28.8875 403
28.90762 388
28.92773 407
28.94784 408
28.96796 426
28.98807 414
29.00818 397
29.0283 408
29.04841 407
29.06853 391
29.08864 389
29.10875 403
29.12887 441
29.14898 426
29.16909 432
29.18921 395
29.20932 431
29.22943 410
29.24955 450
29.26966 429
29.28978 412
29.30989 424
29.33 409
29.35012 399
29.37023 388
29.39034 382
29.41046 428
29.43057 403
29.45069 394
29.4708 413
29.49091 429
29.51103 437
29.53114 449
29.55125 435
29.57137 445
29.59148 495
29.6116 504
29.63171 483
29.65182 542
29.67194 589
29.69205 634
29.71216 589
29.73228 628
29.75239 629
29.7725 594
29.79262 536
29.81273 534
29.83285 490
29.85296 463
29.87307 474
29.89319 467
29.9133 474
29.93341 448
29.95353 479
29.97364 466
29.99376 442
30.01387 467
30.03398 450
30.0541 470
30.07421 486
30.09432 460
30.11444 467
30.13455 495
30.15467 471
30.17478 480
30.19489 583
30.21501 566
30.23512 609
30.25523 675
30.27535 664
30.29546 743
30.31557 755
30.33569 837
30.3558 768
30.37592 818
30.39603 779
30.41614 790
30.43626 669
30.45637 706
30.47648 638
30.4966 591
30.51671 504
30.53683 479
30.55694 494
30.57705 432
30.59717 452
30.61728 446
30.63739 445
30.65751 428
30.67762 477
30.69773 440
30.71785 488
30.73796 426
30.75808 456
30.77819 407
30.7983 458
30.81842 427
30.83853 377
30.85864 377
30.87876 409
30.89887 422
30.91899 406
30.9391 353
30.95921 376
30.97933 406
30.99944 398
31.01955 384
31.03967 408
31.05978 402
31.0799 373
31.10001 397
31.12012 376
31.14024 394
31.16035 414
31.18046 399
31.20058 378
31.22069 439
31.2408 458
31.26092 487
31.28103 451
31.30115 538
31.32126 508
31.34137 552
31.36149 569
31.3816 569
31.40171 559
31.42183 528
31.44194 450
31.46206 464
31.48217 426
31.50228 470
31.5224 427
31.54251 423
31.56262 450
31.58274 431
31.60285 388
31.62297 451
31.64308 401
31.66319 386
31.68331 369
31.70342 389
31.72353 414
31.74365 350
31.76376 382
31.78387 367
31.80399 383
31.8241 418
31.84422 390
31.86433 375
31.88444 378
31.90456 385
31.92467 344
31.94478 343
31.9649 349
31.98501 378
32.00513 401
32.02524 356
32.04535 395
32.06547 359
32.08558 380
32.10569 362
32.12581 362
32.14592 360
32.16604 400
32.18615 404
32.20626 367
32.22638 397
32.24649 398
32.2666 396
32.28672 408
32.30683 416
32.32694 403
32.34706 431
32.36717 395
32.38729 444
32.4074 423
32.42751 373
32.44763 437
32.46774 423
32.48785 391
32.50797 444
32.52808 428
32.5482 418
32.56831 396
32.58842 401
32.60854 401
32.62865 439
32.64876 413
32.66888 426
32.68899 414
32.7091 405
32.72922 412
32.74933 413
32.76945 391
32.78956 394
32.80967 386
32.82979 386
32.8499 415
32.87001 456
32.89013 460
32.91024 426
32.93036 480
32.95047 454
32.97058 533
32.9907 521
33.01081 505
33.03092 469
33.05104 431
33.07115 434
33.09127 461
33.11138 422
33.13149 380
33.15161 394
33.17172 400
33.19183 414
33.21195 387
33.23206 393
33.25217 391
33.27229 413
33.2924 383
33.31252 389
33.33263 367
33.35274 365
33.37286 386
33.39297 393
33.41308 367
33.4332 398
33.45331 345
33.47343 398
33.49354 369
33.51365 451
33.53377 393
33.55388 360
33.57399 405
33.59411 384
33.61422 394
33.63434 426
33.65445 420
33.67456 429
33.69468 459
33.71479 464
33.7349 450
33.75502 494
33.77513 471
33.79524 414
33.81536 463
33.83547 468
33.85559 456
33.8757 440
33.89581 432
33.91593 405
33.93604 417
33.95615 390
33.97627 389
33.99638 376
34.0165 420
34.03661 397
34.05672 420
34.07684 373
34.09695 392
34.11706 440
34.13718 352
34.15729 440
34.17741 446
34.19752 424
34.21763 430
34.23775 429
34.25786 414
34.27797 435
34.29809 474
34.3182 455
34.33831 471
34.35843 431
34.37854 469
34.39866 475
34.41877 496
34.43888 481
34.459 478
34.47911 451
34.49922 498
34.51934 472
34.53945 477
34.55957 462
34.57968 451
34.59979 503
34.61991 451
34.64002 506
34.66013 458
34.68025 483
34.70036 454
34.72047 492
34.74059 476
34.7607 483
34.78082 473
34.80093 496
34.82104 490
34.84116 490
34.86127 541
34.88138 526
34.9015 528
34.92161 524
34.94173 516
34.96184 563
34.98195 523
35.00207 566
35.02218 570
35.04229 596
35.06241 598
35.08252 592
35.10264 601
35.12275 585
35.14286 631
35.16298 619
35.18309 654
35.2032 652
35.22332 667
35.24343 695
35.26354 740
35.28366 725
35.30377 709
35.32389 749
35.344 688
35.36411 656
35.38423 673
35.40434 628
35.42445 582
35.44457 609
35.46468 579
35.4848 551
35.50491 549
35.52502 552
35.54514 513
35.56525 542
35.58536 553
35.60548 524
35.62559 549
35.64571 540
35.66582 513
35.68593 506
35.70605 501
35.72616 469
35.74627 476
35.76639 466
35.7865 448
35.80661 482
35.82673 487
35.84684 502
35.86696 471
35.88707 524
35.90718 509
35.9273 457
35.94741 571
35.96752 536
35.98764 543
36.00775 531
36.02787 511
36.04798 543
36.06809 575
36.08821 540
36.10832 549
36.12843 563
36.14855 518
36.16866 524
36.18878 531
36.20889 512
36.229 559
36.24912 496
36.26923 490
36.28934 474
36.30946 537
36.32957 585
36.34968 652
36.3698 651
36.38991 691
36.41003 819
36.43014 902
36.45025 1029
36.47037 1031
36.49048 1054
36.51059 1013
36.53071 981
36.55082 918
36.57094 799
36.59105 712
36.61116 712
36.63128 619
36.65139 561
36.6715 517
36.69162 547
36.71173 509
36.73184 495
36.75196 513
36.77207 504
36.79219 507
36.8123 508
36.83241 562
36.85253 493
36.87264 489
36.89275 553
36.91287 495
36.93298 542
36.9531 560
36.97321 517
36.99332 541
37.01344 501
37.03355 521
37.05366 484
37.07378 495
37.09389 458
37.11401 451
37.13412 461
37.15423 469
37.17435 474
37.19446 491
37.21457 407
37.23469 404
37.2548 430
37.27491 448
37.29503 421
37.31514 467
37.33526 495
37.35537 464
37.37548 481
37.3956 442
37.41571 490
37.43582 473
37.45594 472
37.47605 490
37.49617 486
37.51628 475
37.53639 459
37.55651 515
37.57662 505
37.59673 476
37.61685 496
37.63696 453
37.65708 481
37.67719 480
37.6973 471
37.71742 456
37.73753 462
37.75764 443
37.77776 445
37.79787 431
37.81798 416
37.8381 392
37.85821 396
37.87833 430
37.89844 386
37.91855 360
37.93867 419
37.95878 431
37.97889 417
37.99901 397
38.01912 360
38.03924 409
38.05935 401
38.07946 399
38.09958 422
38.11969 417
38.1398 404
38.15992 451
38.18003 435
38.20015 433
38.22026 435
38.24037 418
38.26049 465
38.2806 429
38.30071 486
38.32083 445
38.34094 428
38.36105 452
38.38117 435
38.40128 495
38.4214 430
38.44151 433
38.46162 435
38.48174 416
38.50185 437
38.52196 442
38.54208 441
38.56219 422
38.58231 399
38.60242 423
38.62253 384
38.64265 417
38.66276 434
38.68287 437
38.70299 417
38.7231 402
38.74321 411
38.76333 400
38.78344 386
38.80356 390
38.82367 449
38.84378 421
38.8639 473
38.88401 405
38.90412 431
38.92424 420
38.94435 392
38.96447 456
38.98458 408
39.00469 444
39.02481 433
39.04492 482
39.06503 434
39.08515 482
39.10526 451
39.12538 478
39.14549 503
39.1656 498
39.18572 477
39.20583 459
39.22594 501
39.24606 520
39.26617 544
39.28628 631
39.3064 658
39.32651 681
39.34663 806
39.36674 853
39.38685 973
39.40697 968
39.42708 933
39.44719 901
39.46731 804
39.48742 774
39.50754 731
39.52765 654
39.54776 545
39.56788 571
39.58799 483
39.6081 486
39.62822 469
39.64833 440
39.66845 386
39.68856 365
39.70867 384
39.72879 356
39.7489 386
39.76901 384
39.78913 370
39.80924 406
39.82935 371
39.84947 356
39.86958 411
39.8897 401
39.90981 399
39.92992 367
39.95004 405
39.97015 373
39.99026 384
40.01038 386
40.03049 400
40.05061 422
40.07072 425
40.09083 465
40.11095 494
40.13106 517
40.15117 555
40.17129 605
40.1914 608
40.21152 657
40.23163 689
40.25174 600
40.27186 596
40.29197 578
40.31208 512
40.3322 561
40.35231 494
40.37242 471
40.39254 412
40.41265 403
40.43277 411
40.45288 394
40.47299 343
40.49311 371
40.51322 370
40.53333 378
40.55345 435
40.57356 410
40.59368 380
40.61379 404
40.6339 413
40.65402 417
40.67413 392
40.69424 410
40.71436 396
40.73447 380
40.75458 409
40.7747 410
40.79481 370
40.81493 414
40.83504 388
40.85515 413
40.87527 353
40.89538 386
40.91549 394
40.93561 370
40.95572 362
40.97584 397
40.99595 364
41.01606 404
41.03618 375
41.05629 378
41.0764 376
41.09652 373
41.11663 424
41.13675 384
41.15686 394
41.17697 386
41.19709 400
41.2172 364
41.23731 390
41.25743 404
41.27754 373
41.29765 403
41.31777 404
41.33788 370
41.358 389
41.37811 424
41.39822 384
41.41834 404
41.43845 433
41.45856 418
41.47868 409
41.49879 407
41.51891 396
41.53902 417
41.55913 412
41.57925 401
41.59936 418
41.61947 420
41.63959 448
41.6597 439
41.67982 438
41.69993 414
41.72004 434
41.74016 432
41.76027 434
41.78038 448
41.8005 407
41.82061 387
41.84072 402
41.86084 442
41.88095 395
41.90107 383
41.92118 381
41.94129 360
41.96141 361
41.98152 372
42.00163 372
42.02175 386
42.04186 377
42.06198 426
42.08209 413
42.1022 375
42.12232 404
42.14243 471
42.16254 439
42.18266 464
42.20277 492
42.22289 486
42.243 504
42.26311 539
42.28323 556
42.30334 623
42.32345 659
42.34357 686
42.36368 774
42.38379 778
42.40391 725
42.42402 711
42.44414 661
42.46425 585
42.48436 532
42.50448 549
42.52459 517
42.5447 451
42.56482 424
42.58493 423
42.60505 382
42.62516 388
42.64527 395
42.66539 423
42.6855 425
42.70561 422
42.72573 425
42.74584 415
42.76595 459
42.78607 420
42.80618 464
42.8263 441
42.84641 436
42.86652 423
42.88664 445
42.90675 436
42.92686 430
42.94698 395
42.96709 408
42.98721 377
43.00732 386
43.02743 380
43.04755 326
43.06766 356
43.08777 370
43.10789 360
43.128 336
43.14812 353
43.16823 358
43.18834 347
43.20846 340
43.22857 339
43.24868 375
43.2688 333
43.28891 334
43.30902 339
43.32914 351
43.34925 319
43.36937 352
43.38948 319
43.40959 327
43.42971 327
43.44982 370
43.46993 338
43.49005 319
43.51016 348
43.53028 339
43.55039 267
43.5705 339
43.59062 329
43.61073 358
43.63084 352
43.65096 350
43.67107 292
43.69119 319
43.7113 328
43.73141 323
43.75153 323
43.77164 310
43.79175 344
43.81187 321
43.83198 335
43.85209 344
43.87221 337
43.89232 342
43.91244 319
43.93255 317
43.95266 284
43.97278 344
43.99289 355
44.013 322
44.03312 325
44.05323 331
44.07335 310
44.09346 349
44.11357 328
44.13369 341
44.1538 340
44.17391 374
44.19403 349
44.21414 350
44.23426 336
44.25437 330
44.27448 324
44.2946 325
44.31471 302
44.33482 343
44.35494 334
44.37505 349
44.39516 334
44.41528 287
44.43539 315
44.45551 328
44.47562 350
44.49573 353
44.51585 337
44.53596 342
44.55607 334
44.57619 333
44.5963 322
44.61642 314
44.63653 331
44.65664 351
44.67676 361
44.69687 355
44.71698 336
44.7371 350
44.75721 336
44.77732 374
44.79744 390
44.81755 410
44.83767 414
44.85778 373
44.87789 372
44.89801 386
44.91812 408
44.93823 398
44.95835 399
44.97846 387
44.99858 369
45.01869 385
45.0388 357
45.05892 377
45.07903 349
45.09914 406
45.11926 354
45.13937 370
45.15949 374
45.1796 382
45.19971 331
45.21983 338
45.23994 372
45.26005 345
45.28017 359
45.30028 354
45.32039 351
45.34051 365
45.36062 354
45.38074 391
45.40085 386
45.42096 363
45.44108 345
45.46119 384
45.4813 358
45.50142 427
45.52153 396
45.54165 417
45.56176 452
45.58187 476
45.60199 468
45.6221 538
45.64221 546
45.66233 546
45.68244 559
45.70256 617
45.72267 621
45.74278 645
45.7629 584
45.78301 516
45.80312 490
45.82324 479
45.84335 463
45.86346 453
45.88358 401
45.90369 398
45.92381 392
45.94392 378
45.96403 344
45.98415 353
46.00426 347
46.02437 332
46.04449 347
46.0646 337
46.08472 313
46.10483 362
46.12494 343
46.14506 316
46.16517 332
46.18528 301
46.2054 312
46.22551 327
46.24563 320
46.26574 321
46.28585 333
46.30597 330
46.32608 335
46.34619 278
46.36631 329
46.38642 366
46.40653 354
46.42665 307
46.44676 327
46.46688 344
46.48699 332
46.5071 351
46.52722 328
46.54733 333
46.56744 370
46.58756 335
46.60767 311
46.62779 328
46.6479 327
46.66801 334
46.68813 352
46.70824 347
46.72835 337
46.74847 332
46.76858 371
46.78869 376
46.80881 354
46.82892 343
46.84904 380
46.86915 338
46.88926 362
46.90938 352
46.92949 345
46.9496 338
46.96972 372
46.98983 347
47.00995 341
47.03006 387
47.05017 367
47.07029 347
47.0904 325
47.11051 379
47.13063 337
47.15074 382
47.17086 321
47.19097 322
47.21108 308
47.2312 339
47.25131 323
47.27142 345
47.29154 349
47.31165 360
47.33176 359
47.35188 408
47.37199 417
47.39211 398
47.41222 404
47.43233 422
47.45245 400
47.47256 364
47.49267 454
47.51279 363
47.5329 352
47.55302 325
47.57313 356
47.59324 363
47.61336 349
47.63347 376
47.65358 340
47.6737 340
47.69381 323
47.71393 337
47.73404 344
47.75415 311
47.77427 316
47.79438 318
47.81449 349
47.83461 360
47.85472 329
47.87483 370
47.89495 310
47.91506 340
47.93518 341
47.95529 310
47.9754 356
47.99552 320
48.01563 329
48.03574 347
48.05586 340
48.07597 343
48.09609 361
48.1162 357
48.13631 353
48.15643 379
48.17654 373
48.19665 362
48.21677 330
48.23688 395
48.257 361
48.27711 382
48.29722 366
48.31734 383
48.33745 352
48.35756 326
48.37768 381
48.39779 365
48.4179 366
48.43802 374
48.45813 362
48.47825 380
48.49836 333
48.51847 336
48.53859 338
48.5587 346
48.57881 359
48.59893 360
48.61904 389
48.63916 353
48.65927 365
48.67938 329
48.6995 363
48.71961 376
48.73972 347
48.75984 369
48.77995 379
48.80006 343
48.82018 399
48.84029 364
48.86041 382
48.88052 367
48.90063 361
48.92075 400
48.94086 380
48.96097 362
48.98109 356
49.0012 357
49.02132 381
49.04143 402
49.06154 445
49.08166 383
49.10177 438
49.12188 408
49.142 455
49.16211 418
49.18223 401
49.20234 448
49.22245 397
49.24257 390
49.26268 395
49.28279 370
49.30291 374
49.32302 344
49.34313 406
49.36325 373
49.38336 346
49.40348 347
49.42359 323
49.4437 338
49.46382 362
49.48393 376
49.50404 366
49.52416 381
49.54427 358
49.56439 395
49.5845 399
49.60461 362
49.62473 426
49.64484 448
49.66495 464
49.68507 472
49.70518 511
49.7253 535
49.74541 492
49.76552 535
49.78564 604
49.80575 577
49.82586 592
49.84598 625
49.86609 632
49.8862 612
49.90632 665
49.92643 698
49.94655 765
49.96666 776
49.98677 889
50.00689 1007
50.027 1074
50.04711 1162
50.06723 1182
50.08734 1211
50.10746 1104
50.12757 1004
50.14768 912
50.1678 850
50.18791 768
50.20802 731
50.22814 661
50.24825 603
50.26837 543
50.28848 460
50.30859 427
50.32871 432
50.34882 419
50.36893 394
50.38905 390
50.40916 410
50.42927 399
50.44939 391
50.4695 380
50.48962 412
50.50973 428
50.52984 411
50.54996 426
50.57007 408
50.59018 426
50.6103 429
50.63041 430
50.65053 448
50.67064 419
50.69075 405
50.71087 388
50.73098 426
50.75109 384
50.77121 401
50.79132 375
50.81143 372
50.83155 397
50.85166 368
50.87178 380
50.89189 352
50.912 327
50.93212 313
50.95223 352
50.97234 348
50.99246 379
51.01257 375
51.03269 375
51.0528 346
51.07291 377
51.09303 396
51.11314 406
51.13325 409
51.15337 412
51.17348 401
51.1936 415
51.21371 443
51.23382 433
51.25394 458
51.27405 468
51.29416 499
51.31428 472
51.33439 429
51.3545 413
51.37462 415
51.39473 384
51.41485 357
51.43496 392
51.45507 376
51.47519 354
51.4953 345
51.51541 313
51.53553 321
51.55564 339
51.57576 328
51.59587 320
51.61598 343
51.6361 298
51.65621 330
51.67632 333
51.69644 294
51.71655 323
51.73667 307
51.75678 288
51.77689 313
51.79701 313
51.81712 299
51.83723 296
51.85735 329
51.87746 308
51.89757 334
51.91769 276
51.9378 302
51.95792 304
51.97803 319
51.99814 302
52.01826 314
52.03837 327
52.05848 311
52.0786 301
52.09871 356
52.11883 317
52.13894 340
52.15905 359
52.17917 328
52.19928 340
52.21939 328
52.23951 342
52.25962 378
52.27974 354
52.29985 363
52.31996 366
52.34008 362
52.36019 327
52.3803 366
52.40042 347
52.42053 342
52.44064 353
52.46076 367
52.48087 373
52.50099 315
52.5211 349
52.54121 375
52.56133 399
52.58144 383
52.60155 351
52.62167 376
52.64178 347
52.6619 354
52.68201 351
52.70212 348
52.72224 368
52.74235 340
52.76246 351
52.78258 361
52.80269 388
52.8228 339
52.84292 369
52.86303 360
52.88315 384
52.90326 378
52.92337 378
52.94349 374
52.9636 388
52.98371 427
53.00383 420
53.02394 422
53.04406 405
53.06417 432
53.08428 401
53.1044 378
53.12451 430
53.14462 404
53.16474 385
53.18485 386
53.20497 384
53.22508 413
53.24519 388
53.26531 360
53.28542 369
53.30553 373
53.32565 377
53.34576 361
53.36587 382
53.38599 347
53.4061 343
53.42622 368
53.44633 355
53.46644 357
53.48656 380
53.50667 379
53.52678 371
53.5469 334
53.56701 396
53.58713 400
53.60724 375
53.62735 400
53.64747 381
53.66758 368
53.68769 379
53.70781 377
53.72792 360
53.74804 399
53.76815 351
53.78826 396
53.80838 393
53.82849 396
53.8486 390
53.86872 389
53.88883 362
53.90894 389
53.92906 348
53.94917 387
53.96929 377
53.9894 358
54.00951 382
54.02963 385
54.04974 395
54.06985 372
54.08997 391
54.11008 370
54.1302 392
54.15031 396
54.17042 402
54.19054 426
54.21065 363
54.23076 411
54.25088 416
54.27099 383
54.29111 458
54.31122 407
54.33133 395
54.35145 424
54.37156 398
54.39167 398
54.41179 379
54.4319 412
54.45201 423
54.47213 354
54.49224 397
54.51236 365
54.53247 344
54.55258 371
54.5727 414
54.59281 374
54.61292 443
54.63304 398
54.65315 470
54.67327 492
54.69338 519
54.71349 490
54.73361 561
54.75372 564
54.77383 582
54.79395 594
54.81406 607
54.83417 571
54.85429 533
54.8744 490
54.89452 510
54.91463 507
54.93474 449
54.95486 490
54.97497 447
54.99508 433
55.0152 413
55.03531 378
55.05543 394
55.07554 401
55.09565 395
55.11577 379
55.13588 399
55.15599 430
55.17611 423
55.19622 451
55.21634 452
55.23645 446
55.25656 464
55.27668 454
55.29679 457
55.3169 450
55.33702 416
55.35713 435
55.37724 426
55.39736 385
55.41747 408
55.43759 414
55.4577 384
55.47781 347
55.49793 379
55.51804 366
55.53815 356
55.55827 385
55.57838 356
55.5985 340
55.61861 361
55.63872 364
55.65884 366
55.67895 336
55.69906 353
55.71918 334
55.73929 386
55.75941 335
55.77952 359
55.79963 329
55.81975 333
55.83986 325
55.85997 335
55.88009 376
55.9002 364
55.92031 335
55.94043 321
55.96054 305
55.98066 345
56.00077 332
56.02088 355
56.041 285
56.06111 328
56.08122 336
56.10134 339
56.12145 361
56.14157 350
56.16168 347
56.18179 313
56.20191 303
56.22202 346
56.24213 329
56.26225 339
56.28236 333
56.30248 334
56.32259 332
56.3427 306
56.36282 305
56.38293 312
56.40304 278
56.42316 314
56.44327 318
56.46338 330
56.4835 324
56.50361 307
56.52373 304
56.54384 314
56.56395 310
56.58407 292
56.60418 279
56.62429 354
56.64441 299
56.66452 297
56.68464 326
56.70475 311
56.72486 289
56.74498 332
56.76509 337
56.7852 367
56.80532 320
56.82543 347
56.84554 289
56.86566 289
56.88577 303
56.90589 324
56.926 289
56.94611 303
56.96623 337
56.98634 346
57.00645 330
57.02657 313
57.04668 301
57.0668 341
57.08691 292
57.10702 322
57.12714 345
57.14725 303
57.16736 326
57.18748 323
57.20759 320
57.22771 348
57.24782 318
57.26793 309
57.28805 355
57.30816 349
57.32827 351
57.34839 339
57.3685 348
57.38861 338
57.40873 365
57.42884 352
57.44896 338
57.46907 358
57.48918 284
57.5093 311
57.52941 322
57.54952 330
57.56964 322
57.58975 300
57.60987 304
57.62998 331
57.65009 336
57.67021 337
57.69032 318
57.71043 329
57.73055 301
57.75066 292
57.77078 345
57.79089 346
57.811 356
57.83112 357
57.85123 325
57.87134 301
57.89146 345
57.91157 321
57.93168 340
57.9518 318
57.97191 307
57.99203 326
58.01214 321
58.03225 313
58.05237 302
58.07248 331
58.09259 290
58.11271 305
58.13282 308
58.15294 334
58.17305 315
58.19316 299
58.21328 330
58.23339 360
58.2535 337
58.27362 366
58.29373 326
58.31385 318
58.33396 314
58.35407 327
58.37419 340
58.3943 352
58.41441 326
58.43453 333
58.45464 357
58.47475 363
58.49487 333
58.51498 303
58.5351 349
58.55521 338
58.57532 351
58.59544 336
58.61555 367
58.63566 325
58.65578 354
58.67589 337
58.69601 313
58.71612 333
58.73623 338
58.75635 328
58.77646 310
58.79657 329
58.81669 326
58.8368 306
58.85691 318
58.87703 349
58.89714 321
58.91726 328
58.93737 290
58.95748 295
58.9776 321
58.99771 332
59.01782 314
59.03794 293
59.05805 306
59.07817 342
59.09828 320
59.11839 335
59.13851 323
59.15862 302
59.17873 326
59.19885 326
59.21896 325
59.23908 358
59.25919 344
59.2793 348
59.29942 335
59.31953 320
59.33964 315
59.35976 335
59.37987 348
59.39998 336
59.4201 372
59.44021 328
59.46033 325
59.48044 359
59.50055 353
59.52067 366
59.54078 342
59.56089 369
59.58101 397
59.60112 389
59.62124 402
59.64135 464
59.66146 425
59.68158 435
59.70169 411
59.7218 495
59.74192 546
59.76203 616
59.78215 606
59.80226 694
59.82237 747
59.84249 826
59.8626 861
59.88271 916
59.90283 853
59.92294 776
59.94305 713
59.96317 654
59.98328 642
60.0034 651
60.02351 619
60.04362 615
60.06374 583
60.08385 540
60.10396 524
60.12408 443
60.14419 429
60.16431 400
60.18442 375
60.20453 395
60.22465 388
60.24476 377
60.26487 376
60.28499 362
60.3051 365
60.32522 354
60.34533 330
60.36544 368
60.38556 343
60.40567 354
60.42578 327
60.4459 330
60.46601 340
60.48612 347
60.50624 327
60.52635 349
60.54647 344
60.56658 356
60.58669 335
60.60681 333
60.62692 338
60.64703 336
60.66715 344
60.68726 336
60.70738 354
60.72749 341
60.7476 327
60.76772 324
60.78783 347
60.80794 338
60.82806 323
60.84817 354
60.86828 317
60.8884 347
60.90851 333
60.92863 356
60.94874 330
60.96885 343
60.98897 337
61.00908 328
61.02919 318
61.04931 330
61.06942 364
61.08954 343
61.10965 388
61.12976 344
61.14988 335
61.16999 335
61.1901 352
61.21022 319
61.23033 365
61.25045 359
61.27056 353
61.29067 367
61.31079 340
61.3309 351
61.35101 366
61.37113 341
61.39124 332
61.41135 376
61.43147 369
61.45158 353
61.4717 378
61.49181 350
61.51192 385
61.53204 364
61.55215 378
61.57226 419
61.59238 376
61.61249 384
61.63261 377
61.65272 375
61.67283 398
61.69295 375
61.71306 367
61.73317 389
61.75329 374
61.7734 384
61.79352 381
61.81363 391
61.83374 378
61.85386 397
61.87397 343
61.89408 386
61.9142 414
61.93431 390
61.95442 387
61.97454 405
61.99465 365
62.01477 384
62.03488 372
62.05499 378
62.07511 357
62.09522 397
62.11533 406
62.13545 397
62.15556 402
62.17568 385
62.19579 406
62.2159 395
62.23602 353
62.25613 384
62.27624 341
62.29636 406
62.31647 349
62.33659 375
62.3567 348
62.37681 353
62.39693 343
62.41704 319
62.43715 308
62.45727 349
62.47738 306
62.49749 312
62.51761 314
62.53772 330
62.55784 334
62.57795 320
62.59806 339
62.61818 354
62.63829 348
62.6584 351
62.67852 340
62.69863 311
62.71875 370
62.73886 357
62.75897 386
62.77909 351
62.7992 351
62.81931 378
62.83943 357
62.85954 365
62.87965 343
62.89977 333
62.91988 282
62.94 329
62.96011 323
62.98022 353
63.00034 327
63.02045 329
63.04056 364
63.06068 348
63.08079 351
63.10091 369
63.12102 311
63.14113 344
63.16125 354
63.18136 331
63.20147 331
63.22159 356
63.2417 358
63.26182 345
63.28193 356
63.30204 349
63.32216 355
63.34227 354
63.36238 351
63.3825 347
63.40261 352
63.42272 372
63.44284 355
63.46295 348
63.48307 359
63.50318 343
63.52329 355
63.54341 344
63.56352 359
63.58363 342
63.60375 342
63.62386 395
63.64398 394
63.66409 386
63.6842 362
63.70432 392
63.72443 384
63.74454 395
63.76466 422
63.78477 389
63.80489 376
63.825 426
63.84511 421
63.86523 430
63.88534 426
63.90545 418
63.92557 437
63.94568 428
63.96579 433
63.98591 429
64.00602 435
64.02614 415
64.04625 369
64.06636 373
64.08648 365
64.10659 360
64.1267 381
64.14682 388
64.16693 370
64.18705 362
64.20716 333
64.22727 341
64.24739 321
64.2675 302
64.28761 332
64.30773 330
64.32784 307
64.34796 319
64.36807 332
64.38818 315
64.4083 314
64.42841 322
64.44852 325
64.46864 334
64.48875 304
64.50886 318
64.52898 305
64.54909 298
64.56921 330
64.58932 276
64.60943 298
64.62955 321
64.64966 344
64.66977 321
64.68989 322
64.71 336
64.73012 312
64.75023 328
64.77034 304
64.79046 331
64.81057 338
64.83068 284
64.8508 287
64.87091 319
64.89102 345
64.91114 347
64.93125 315
64.95137 313
64.97148 317
64.99159 314
65.01171 311
65.03182 305
65.05193 321
65.07205 295
65.09216 311
65.11228 308
65.13239 286
65.1525 297
65.17262 345
65.19273 269
65.21284 317
65.23296 318
65.25307 295
65.27319 334
65.2933 308
65.31341 308
65.33353 334
65.35364 335
65.37375 303
65.39387 343
65.41398 313
65.43409 314
65.45421 325
65.47432 329
65.49444 301
65.51455 339
65.53466 294
65.55478 290
65.57489 308
65.595 312
65.61512 334
65.63523 307
65.65535 312
65.67546 350
65.69557 271
65.71569 295
65.7358 305
65.75591 300
65.77603 292
65.79614 317
65.81626 312
65.83637 271
65.85648 315
65.8766 275
65.89671 288
65.91682 311
65.93694 285
65.95705 301
65.97716 340
65.99728 318
66.01739 296
66.03751 280
66.05762 316
66.07773 294
66.09785 276
66.11796 311
66.13807 253
66.15819 290
66.1783 342
66.19842 294
66.21853 319
66.23864 309
66.25876 277
66.27887 303
66.29898 281
66.3191 291
66.33921 279
66.35933 303
66.37944 261
66.39955 285
66.41967 315
66.43978 287
66.45989 282
66.48001 298
66.50012 306
66.52023 312
66.54035 291
66.56046 309
66.58058 324
66.60069 317
66.6208 324
66.64092 271
66.66103 279
66.68114 289
66.70126 340
66.72137 288
66.74149 297
66.7616 289
66.78171 298
66.80183 278
66.82194 309
66.84205 308
66.86217 283
66.88228 298
66.90239 305
66.92251 309
66.94262 311
66.96274 326
66.98285 311
67.00296 317
67.02308 286
67.04319 313
67.0633 300
67.08342 318
67.10353 288
67.12365 310
67.14376 323
67.16387 325
67.18399 292
67.2041 300
67.22421 328
67.24433 336
67.26444 311
67.28456 308
67.30467 300
67.32478 320
67.3449 333
67.36501 321
67.38512 319
67.40524 350
67.42535 359
67.44546 390
67.46558 383
67.48569 393
67.50581 401
67.52592 410
67.54603 487
67.56615 493
67.58626 547
67.60637 598
67.62649 585
67.6466 660
67.66672 624
67.68683 644
67.70694 583
67.72706 538
67.74717 541
67.76728 467
67.7874 481
67.80751 471
67.82763 508
67.84774 502
67.86785 530
67.88797 584
67.90808 565
67.92819 518
67.94831 551
67.96842 551
67.98853 580
68.00865 623
68.02876 710
68.04888 732
68.06899 770
68.0891 743
68.10922 680
68.12933 678
68.14944 710
68.16956 658
68.18967 699
68.20979 679
68.2299 647
68.25001 680
68.27013 657
68.29024 629
68.31035 546
68.33047 566
68.35058 501
68.3707 444
68.39081 483
68.41092 456
68.43104 430
68.45115 446
68.47126 393
68.49138 380
68.51149 383
68.5316 369
68.55172 352
68.57183 351
68.59195 319
68.61206 286
68.63217 303
68.65229 327
68.6724 327
68.69251 342
68.71263 322
68.73274 321
68.75286 317
68.77297 335
68.79308 315
68.8132 301
68.83331 300
68.85342 321
68.87354 314
68.89365 296
68.91376 297
68.93388 314
68.95399 308
68.97411 310
68.99422 291
69.01433 335
69.03445 312
69.05456 313
69.07467 298
69.09479 305
69.1149 310
69.13502 313
69.15513 329
69.17524 334
69.19536 336
69.21547 330
69.23558 328
69.2557 346
69.27581 361
69.29593 361
69.31604 320
69.33615 315
69.35627 319
69.37638 295
69.39649 332
69.41661 345
69.43672 319
69.45683 328
69.47695 329
69.49706 331
69.51718 296
69.53729 306
69.5574 337
69.57752 340
69.59763 333
69.61774 319
69.63786 320
69.65797 333
69.67809 313
69.6982 344
69.71831 304
69.73843 342
69.75854 339
69.77865 297
69.79877 313
69.81888 324
69.839 329
69.85911 295
69.87922 308
69.89934 309
69.91945 315
69.93956 326
69.95968 300
69.97979 320
69.9999 286
70.02002 282
70.04013 265
70.06025 295
70.08036 288
70.10047 272
70.12059 314
70.1407 281
70.16081 295
70.18093 277
70.20104 270
70.22116 251
70.24127 287
70.26138 280
70.2815 263
70.30161 311
70.32172 249
70.34184 300
70.36195 275
70.38207 285
70.40218 294
70.42229 287
70.44241 280
70.46252 255
70.48263 295
70.50275 256
70.52286 286
70.54297 284
70.56309 298
70.5832 302
70.60332 283
70.62343 278
70.64354 291
70.66366 270
70.68377 310
70.70388 291
70.724 299
70.74411 275
70.76423 293
70.78434 303
70.80445 292
70.82457 272
70.84468 291
70.86479 306
70.88491 298
70.90502 310
70.92513 273
70.94525 280
70.96536 292
70.98548 286
71.00559 296
71.0257 306
71.04582 276
71.06593 317
71.08604 282
71.10616 291
71.12627 350
71.14639 305
71.1665 324
71.18661 296
71.20673 304
71.22684 275
71.24695 270
71.26707 299
71.28718 281
71.3073 321
71.32741 296
71.34752 283
71.36764 294
71.38775 311
71.40786 298
71.42798 288
71.44809 269
71.4682 299
71.48832 307
71.50843 286
71.52855 283
71.54866 284
71.56877 272
71.58889 306
71.609 291
71.62911 293
71.64923 298
71.66934 293
71.68946 281
71.70957 266
71.72968 286
71.7498 282
71.76991 281
71.79002 272
71.81014 280
71.83025 281
71.85037 268
71.87048 288
71.89059 291
71.91071 275
71.93082 266
71.95093 264
71.97105 282
71.99116 259
72.01127 287
72.03139 261
72.0515 278
72.07162 297
72.09173 304
72.11184 284
72.13196 273
72.15207 276
72.17218 281
72.1923 303
72.21241 250
72.23253 295
72.25264 277
72.27275 257
72.29287 285
72.31298 284
72.33309 267
72.35321 277
72.37332 279
72.39344 280
72.41355 232
72.43366 294
72.45378 235
72.47389 297
72.494 274
72.51412 280
72.53423 286
72.55434 297
72.57446 269
72.59457 265
72.61469 274
72.6348 257
72.65491 259
72.67503 268
72.69514 269
72.71525 261
72.73537 277
72.75548 259
72.7756 266
72.79571 300
72.81582 263
72.83594 245
72.85605 320
72.87616 308
72.89628 292
72.91639 282
72.9365 260
72.95662 284
72.97673 283
72.99685 274
73.01696 309
73.03707 308
73.05719 286
73.0773 325
73.09741 290
73.11753 279
73.13764 284
73.15776 292
73.17787 321
73.19798 314
73.2181 303
73.23821 345
73.25832 327
73.27844 346
73.29855 351
73.31867 372
73.33878 363
73.35889 362
73.37901 366
73.39912 350
73.41923 382
73.43935 369
73.45946 304
73.47957 364
73.49969 352
73.5198 351
73.53992 323
73.56003 357
73.58014 331
73.60026 336
73.62037 314
73.64048 314
73.6606 336
73.68071 325
73.70083 330
73.72094 299
73.74105 297
73.76117 281
73.78128 281
73.80139 311
73.82151 296
73.84162 300
73.86174 319
73.88185 302
73.90196 287
73.92208 270
73.94219 296
73.9623 267
73.98242 293
74.00253 271
74.02264 263
74.04276 264
74.06287 278
74.08299 318
74.1031 291
74.12321 263
74.14333 272
74.16344 257
74.18355 260
74.20367 270
74.22378 280
74.2439 284
74.26401 254
74.28412 239
74.30424 285
74.32435 284
74.34446 272
74.36458 295
74.38469 243
74.40481 276
74.42492 287
74.44503 299
74.46515 310
74.48526 284
74.50537 292
74.52549 308
74.5456 285
74.56571 275
74.58583 267
74.60594 295
74.62606 293
74.64617 298
74.66628 266
74.6864 300
74.70651 297
74.72662 276
74.74674 306
74.76685 321
74.78697 291
74.80708 284
74.82719 286
74.84731 296
74.86742 295
74.88753 279
74.90765 288
74.92776 269
74.94787 277
74.96799 279
74.9881 275
75.00822 263
