3.00117 19457
3.02128 18663
3.0414 18027
3.06151 18050
3.08162 17428
3.10174 16957
3.12185 16333
3.14197 15989
3.16208 15355
3.18219 14973
3.20231 14568
3.22242 13794
3.24253 13836
3.26265 13557
3.28276 12858
3.30288 12548
3.32299 11648
3.3431 11652
3.36322 11630
3.38333 10777
3.40344 10848
3.42356 10119
3.44367 9970
3.46379 9721
3.4839 9208
3.50401 9349
3.52413 8496
3.54424 8517
3.56435 8126
3.58447 7770
3.60458 7668
3.62469 7192
3.64481 7051
3.66492 6903
3.68504 6468
3.70515 6295
3.72526 5966
3.74538 5744
3.76549 5675
3.7856 5172
3.80572 5156
3.82583 4931
3.84595 4673
3.86606 4679
3.88617 4226
3.90629 4314
3.9264 3820
3.94651 3949
3.96663 3807
3.98674 3398
4.00686 3299
4.02697 3238
4.04708 3123
4.0672 3125
4.08731 2773
4.10742 2784
4.12754 2561
4.14765 2634
4.16776 2490
4.18788 2343
4.20799 2318
4.22811 2148
4.24822 2174
4.26833 2163
4.28845 1893
4.30856 1887
4.32867 1958
4.34879 1862
4.3689 1952
4.38902 1639
4.40913 1710
4.42924 1652
4.44936 1615
4.46947 1615
4.48958 1472
4.5097 1535
4.52981 1422
4.54992 1319
4.57004 1447
4.59015 1397
4.61027 1318
4.63038 1256
4.65049 1242
4.67061 1264
4.69072 1156
4.71083 1178
4.73095 1200
4.75106 1162
4.77118 1198
4.79129 1092
4.8114 1084
4.83152 1124
4.85163 1064
4.87174 1101
4.89186 1040
4.91197 956
4.93209 933
4.9522 962
4.97231 989
4.99243 967
5.01254 915
5.03265 862
5.05277 870
5.07288 860
5.09299 814
5.11311 801
5.13322 823
5.15334 829
5.17345 781
5.19356 795
5.21368 777
5.23379 791
5.2539 742
5.27402 718
5.29413 669
5.31425 695
5.33436 694
5.35447 712
5.37459 595
5.3947 636
5.41481 731
5.43493 668
5.45504 661
5.47516 599
5.49527 630
5.51538 600
5.5355 597
5.55561 601
5.57572 561
5.59584 564
5.61595 541
5.63606 565
5.65618 530
5.67629 538
5.69641 534
5.71652 578
5.73663 514
5.75675 501
5.77686 499
5.79697 500
5.81709 465
5.8372 493
5.85732 545
5.87743 484
5.89754 472
5.91766 481
5.93777 470
5.95788 477
5.978 489
5.99811 446
6.01823 479
6.03834 492
6.05845 501
6.07857 452
6.09868 467
6.11879 449
6.13891 473
6.15902 481
6.17913 466
6.19925 474
6.21936 466
6.23948 453
6.25959 429
6.2797 492
6.29982 455
6.31993 463
6.34004 469
6.36016 445
6.38027 445
6.40039 457
6.4205 464
6.44061 462
6.46073 440
6.48084 415
6.50095 406
6.52107 428
6.54118 458
6.56129 424
6.58141 407
6.60152 431
6.62164 435
6.64175 362
6.66186 462
6.68198 424
6.70209 401
6.7222 403
6.74232 423
6.76243 394
6.78255 410
6.80266 437
6.82277 420
6.84289 408
6.863 386
6.88311 409
6.90323 456
6.92334 428
6.94346 405
6.96357 384
6.98368 416
7.0038 440
7.02391 461
7.04402 412
7.06414 421
7.08425 415
7.10436 412
7.12448 401
7.14459 423
7.16471 414
7.18482 379
7.20493 411
7.22505 390
7.24516 433
7.26527 405
7.28539 396
7.3055 417
7.32562 435
7.34573 406
7.36584 407
7.38596 427
7.40607 407
7.42618 366
7.4463 423
7.46641 354
7.48653 431
7.50664 386
7.52675 444
7.54687 394
7.56698 416
7.58709 381
7.60721 404
7.62732 405
7.64743 423
7.66755 398
7.68766 403
7.70778 394
7.72789 377
7.748 397
7.76812 464
7.78823 366
7.80834 398
7.82846 409
7.84857 448
7.86869 390
7.8888 395
7.90891 358
7.92903 391
7.94914 407
7.96925 420
7.98937 401
8.00948 440
8.0296 437
8.04971 435
8.06982 413
8.08994 416
8.11005 395
8.13016 393
8.15028 419
8.17039 411
8.1905 396
8.21062 394
8.23073 400
8.25085 407
8.27096 417
8.29107 390
8.31119 374
8.3313 407
8.35141 410
8.37153 432
8.39164 424
8.41176 389
8.43187 391
8.45198 389
8.4721 416
8.49221 382
8.51232 404
8.53244 390
8.55255 391
8.57266 417
8.59278 389
8.61289 420
8.63301 421
8.65312 363
8.67323 399
8.69335 364
8.71346 374
8.73357 373
8.75369 442
8.7738 424
8.79392 428
8.81403 418
8.83414 382
8.85426 391
8.87437 412
8.89448 394
8.9146 390
8.93471 393
8.95483 400
8.97494 416
8.99505 410
9.01517 394
9.03528 412
9.05539 407
9.07551 454
9.09562 388
9.11573 428
9.13585 377
9.15596 433
9.17608 389
9.19619 404
9.2163 388
9.23642 419
9.25653 407
9.27664 410
9.29676 420
9.31687 389
9.33699 425
9.3571 423
9.37721 408
9.39733 381
9.41744 418
9.43755 450
9.45767 380
9.47778 374
9.4979 369
9.51801 424
9.53812 381
9.55824 392
9.57835 396
9.59846 405
9.61858 386
9.63869 416
9.6588 365
9.67892 404
9.69903 383
9.71915 389
9.73926 412
9.75937 401
9.77949 414
9.7996 425
9.81971 432
9.83983 410
9.85994 386
9.88006 376
9.90017 388
9.92028 373
9.9404 431
9.96051 408
9.98062 427
10.00074 413
10.02085 387
10.04097 423
10.06108 414
10.08119 419
10.10131 389
10.12142 363
10.14153 391
10.16165 386
10.18176 356
10.20187 377
10.22199 390
10.2421 395
10.26222 405
10.28233 387
10.30244 368
10.32256 406
10.34267 401
10.36278 423
10.3829 390
10.40301 369
10.42313 378
10.44324 384
10.46335 391
10.48347 379
10.50358 362
10.52369 438
10.54381 399
10.56392 409
10.58403 413
10.60415 404
10.62426 427
10.64438 419
10.66449 408
10.6846 397
10.70472 387
10.72483 390
10.74494 371
10.76506 453
10.78517 374
10.80529 397
10.8254 405
10.84551 404
10.86563 393
10.88574 422
10.90585 391
10.92597 398
10.94608 369
10.9662 403
10.98631 411
11.00642 419
11.02654 415
11.04665 407
11.06676 403
11.08688 432
11.10699 420
11.1271 411
11.14722 426
11.16733 405
11.18745 433
11.20756 392
11.22767 401
11.24779 394
11.2679 386
11.28801 449
11.30813 427
11.32824 415
11.34836 430
11.36847 408
11.38858 437
11.4087 448
11.42881 461
11.44892 408
11.46904 439
11.48915 383
11.50927 422
11.52938 441
11.54949 446
11.56961 464
11.58972 429
11.60983 429
11.62995 448
11.65006 444
11.67017 441
11.69029 431
11.7104 420
11.73052 478
11.75063 456
11.77074 532
11.79086 466
11.81097 490
11.83108 465
11.8512 506
11.87131 498
11.89143 517
11.91154 488
11.93165 462
11.95177 513
11.97188 521
11.99199 521
12.01211 515
12.03222 491
12.05234 558
12.07245 584
12.09256 566
12.11268 575
12.13279 577
12.1529 586
12.17302 651
12.19313 648
12.21324 594
12.23336 641
12.25347 671
12.27359 679
12.2937 679
12.31381 680
12.33393 699
12.35404 681
12.37415 658
12.39427 628
12.41438 584
12.4345 610
12.45461 553
12.47472 568
12.49484 502
12.51495 526
12.53506 460
12.55518 521
12.57529 480
12.5954 445
12.61552 444
12.63563 432
12.65575 418
12.67586 441
12.69597 462
12.71609 417
12.7362 408
12.75631 419
12.77643 471
12.79654 422
12.81666 430
12.83677 444
12.85688 385
12.877 409
12.89711 405
12.91722 407
12.93734 415
12.95745 401
12.97757 413
12.99768 402
13.01779 393
13.03791 408
13.05802 377
13.07813 432
13.09825 365
13.11836 378
13.13847 380
13.15859 380
13.1787 408
13.19882 388
13.21893 352
13.23904 399
13.25916 374
13.27927 377
13.29938 390
13.3195 366
13.33961 378
13.35973 376
13.37984 357
13.39995 397
13.42007 386
13.44018 380
13.46029 372
13.48041 401
13.50052 405
13.52064 367
13.54075 368
13.56086 356
13.58098 391
13.60109 308
13.6212 381
13.64132 367
13.66143 365
13.68154 369
13.70166 377
13.72177 391
13.74189 345
13.762 393
13.78211 384
13.80223 380
13.82234 377
13.84245 402
13.86257 365
13.88268 381
13.9028 382
13.92291 338
13.94302 343
13.96314 393
13.98325 330
14.00336 377
14.02348 370
14.04359 366
14.06371 348
14.08382 378
14.10393 373
14.12405 380
14.14416 392
14.16427 358
14.18439 362
14.2045 401
14.22461 348
14.24473 324
14.26484 390
14.28496 334
14.30507 350
14.32518 396
14.3453 354
14.36541 363
14.38552 356
14.40564 339
14.42575 360
14.44587 341
14.46598 347
14.48609 376
14.50621 376
14.52632 327
14.54643 366
14.56655 375
14.58666 382
14.60677 345
14.62689 371
14.647 371
14.66712 332
14.68723 354
14.70734 369
14.72746 344
14.74757 345
14.76768 330
14.7878 375
14.80791 347
14.82803 364
14.84814 405
14.86825 373
14.88837 375
14.90848 371
14.92859 375
14.94871 339
14.96882 336
14.98894 354
15.00905 325
15.02916 344
15.04928 374
15.06939 363
15.0895 363
15.10962 354
15.12973 376
15.14984 388
15.16996 392
15.19007 312
15.21019 384
15.2303 360
15.25041 352
15.27053 356
15.29064 358
15.31075 344
15.33087 386
15.35098 382
15.3711 330
15.39121 328
15.41132 372
15.43144 365
15.45155 372
15.47166 374
15.49178 343
15.51189 319
15.53201 359
15.55212 346
15.57223 319
15.59235 385
15.61246 344
15.63257 362
15.65269 315
15.6728 344
15.69291 357
15.71303 324
15.73314 347
15.75326 354
15.77337 395
15.79348 363
15.8136 352
15.83371 354
15.85382 376
15.87394 349
15.89405 358
15.91417 335
15.93428 356
15.95439 359
15.97451 305
15.99462 320
16.01473 305
16.03485 344
16.05496 371
16.07508 386
16.09519 339
16.1153 381
16.13542 347
16.15553 334
16.17564 327
16.19576 384
16.21587 347
16.23598 348
16.2561 344
16.27621 329
16.29633 331
16.31644 341
16.33655 343
16.35667 322
16.37678 370
16.39689 320
16.41701 361
16.43712 367
16.45724 322
16.47735 362
16.49746 395
16.51758 320
16.53769 341
16.5578 323
16.57792 360
16.59803 372
16.61814 357
16.63826 378
16.65837 322
16.67849 374
16.6986 376
16.71871 312
16.73883 337
16.75894 337
16.77905 345
16.79917 320
16.81928 363
16.8394 350
16.85951 340
16.87962 337
16.89974 361
16.91985 329
16.93996 323
16.96008 352
16.98019 353
17.00031 354
17.02042 339
17.04053 365
17.06065 324
17.08076 353
17.10087 352
17.12099 365
17.1411 352
17.16121 331
17.18133 367
17.20144 333
17.22156 369
17.24167 390
17.26178 341
17.2819 364
17.30201 363
17.32212 332
17.34224 349
17.36235 324
17.38247 353
17.40258 407
17.42269 352
17.44281 345
17.46292 314
17.48303 372
17.50315 354
17.52326 342
17.54338 355
17.56349 364
17.5836 366
17.60372 355
17.62383 371
17.64394 365
17.66406 360
17.68417 358
17.70428 318
17.7244 339
17.74451 392
17.76463 412
17.78474 367
17.80485 362
17.82497 388
17.84508 382
17.86519 364
17.88531 364
17.90542 391
17.92554 402
17.94565 399
17.96576 361
17.98588 362
18.00599 333
18.0261 371
18.04622 395
18.06633 356
18.08645 363
18.10656 372
18.12667 377
18.14679 368
18.1669 368
18.18701 384
18.20713 374
18.22724 371
18.24735 404
18.26747 411
18.28758 383
18.3077 387
18.32781 407
18.34792 380
18.36804 377
18.38815 402
18.40826 395
18.42838 386
18.44849 367
18.46861 355
18.48872 372
18.50883 372
18.52895 383
18.54906 372
18.56917 386
18.58929 377
18.6094 350
18.62951 396
18.64963 356
18.66974 365
18.68986 399
18.70997 362
18.73008 341
18.7502 377
18.77031 384
18.79042 369
18.81054 385
18.83065 355
18.85077 392
18.87088 366
18.89099 374
18.91111 382
18.93122 380
18.95133 369
18.97145 342
18.99156 344
19.01168 362
19.03179 378
19.0519 358
19.07202 382
19.09213 355
19.11224 356
19.13236 363
19.15247 401
19.17258 420
19.1927 341
19.21281 366
19.23293 355
19.25304 338
19.27315 423
19.29327 367
19.31338 401
19.33349 367
19.35361 369
19.37372 373
19.39384 399
19.41395 412
19.43406 421
19.45418 394
19.47429 425
19.4944 408
19.51452 400
19.53463 431
19.55475 456
19.57486 466
19.59497 480
19.61509 429
19.6352 474
19.65531 495
19.67543 556
19.69554 505
19.71565 552
19.73577 581
19.75588 588
19.776 597
19.79611 679
19.81622 675
19.83634 711
19.85645 702
19.87656 711
19.89668 729
19.91679 742
19.93691 686
19.95702 723
19.97713 741
19.99725 726
20.01736 728
20.03747 633
20.05759 663
20.0777 663
20.09782 627
20.11793 651
20.13804 654
20.15816 625
20.17827 678
20.19838 632
20.2185 716
20.23861 612
20.25872 692
20.27884 652
20.29895 635
20.31907 623
20.33918 694
20.35929 648
20.37941 612
20.39952 682
20.41963 598
20.43975 678
20.45986 709
20.47998 640
20.50009 639
20.5202 668
20.54032 645
20.56043 660
20.58054 731
20.60066 722
20.62077 740
20.64088 755
20.661 880
20.68111 975
20.70123 1089
20.72134 1399
20.74145 1901
20.76157 2494
20.78168 3257
20.80179 4091
20.82191 4480
20.84202 4536
20.86214 3969
20.88225 3169
20.90236 2412
20.92248 1620
20.94259 1151
20.9627 916
20.98282 799
21.00293 719
21.02305 697
21.04316 695
21.06327 659
21.08339 724
21.1035 630
21.12361 599
21.14373 643
21.16384 655
21.18395 629
21.20407 630
21.22418 605
21.2443 601
21.26441 639
21.28452 645
21.30464 698
21.32475 668
21.34486 634
21.36498 629
21.38509 634
21.40521 635
21.42532 598
21.44543 666
21.46555 619
21.48566 626
21.50577 569
21.52589 559
21.546 621
21.56612 618
21.58623 635
21.60634 597
21.62646 561
21.64657 641
21.66668 542
21.6868 617
21.70691 577
21.72702 548
21.74714 534
21.76725 544
21.78737 552
21.80748 583
21.82759 513
21.84771 518
21.86782 554
21.88793 495
21.90805 563
21.92816 522
21.94828 490
21.96839 544
21.9885 489
22.00862 498
22.02873 513
22.04884 535
22.06896 490
22.08907 510
22.10919 520
22.1293 484
22.14941 490
22.16953 479
22.18964 444
22.20975 496
22.22987 505
22.24998 514
22.27009 503
22.29021 490
22.31032 508
22.33044 466
22.35055 451
22.37066 478
22.39078 511
22.41089 484
22.431 463
22.45112 453
22.47123 460
22.49135 451
22.51146 451
22.53157 410
22.55169 484
22.5718 474
22.59191 508
22.61203 479
22.63214 468
22.65225 425
22.67237 459
22.69248 478
22.7126 427
22.73271 409
22.75282 476
22.77294 446
22.79305 462
22.81316 460
22.83328 476
22.85339 424
22.87351 405
22.89362 484
22.91373 482
22.93385 402
22.95396 416
22.97407 479
22.99419 464
23.0143 480
23.03442 425
23.05453 433
23.07464 486
23.09476 421
23.11487 455
23.13498 442
23.1551 443
23.17521 453
23.19532 446
23.21544 483
23.23555 444
23.25567 433
23.27578 397
23.29589 481
23.31601 436
23.33612 460
23.35623 439
23.37635 438
23.39646 448
23.41658 472
23.43669 448
23.4568 435
23.47692 447
23.49703 442
23.51714 473
23.53726 479
23.55737 445
23.57749 432
23.5976 466
23.61771 426
23.63783 456
23.65794 468
23.67805 449
23.69817 455
23.71828 503
23.73839 464
23.75851 466
23.77862 475
23.79874 476
23.81885 482
23.83896 446
23.85908 494
23.87919 452
23.8993 485
23.91942 501
23.93953 518
23.95965 503
23.97976 538
23.99987 512
24.01999 589
24.0401 529
24.06021 522
24.08033 488
24.10044 560
24.12056 502
24.14067 492
24.16078 465
24.1809 501
24.20101 538
24.22112 511
24.24124 505
24.26135 522
24.28146 441
24.30158 514
24.32169 489
24.34181 525
24.36192 531
24.38203 504
24.40215 471
24.42226 490
24.44237 517
24.46249 496
24.4826 526
24.50272 541
24.52283 508
24.54294 552
24.56306 502
24.58317 520
24.60328 555
24.6234 565
24.64351 551
24.66362 601
24.68374 590
24.70385 519
24.72397 591
24.74408 667
24.76419 611
24.78431 643
24.80442 650
24.82453 657
24.84465 630
24.86476 708
24.88488 711
24.90499 651
24.9251 625
24.94522 646
24.96533 643
24.98544 619
25.00556 615
25.02567 652
25.04579 574
25.0659 546
25.08601 602
25.10613 554
25.12624 534
25.14635 581
25.16647 641
25.18658 596
25.20669 582
25.22681 599
25.24692 656
25.26704 630
25.28715 596
25.30726 534
25.32738 550
25.34749 530
25.3676 526
25.38772 524
25.40783 500
25.42795 494
25.44806 498
25.46817 470
25.48829 498
25.5084 464
25.52851 469
25.54863 509
25.56874 462
25.58886 491
25.60897 515
25.62908 527
25.6492 479
25.66931 489
25.68942 497
25.70954 563
25.72965 560
25.74976 494
25.76988 518
25.78999 534
25.81011 519
25.83022 592
25.85033 532
25.87045 583
25.89056 507
25.91067 555
25.93079 589
25.9509 565
25.97102 583
25.99113 638
26.01124 556
26.03136 566
26.05147 540
26.07158 548
26.0917 610
26.11181 605
26.13193 619
26.15204 642
26.17215 687
26.19227 699
26.21238 725
26.23249 758
26.25261 754
26.27272 828
26.29283 820
26.31295 927
26.33306 948
26.35318 983
26.37329 1077
26.3934 1247
26.41352 1455
26.43363 1894
26.45374 2384
26.47386 3183
26.49397 4782
26.51409 6648
26.5342 9862
26.55431 13483
26.57443 16866
26.59454 18791
26.61465 19294
26.63477 17315
26.65488 14401
26.67499 10735
26.69511 7862
26.71522 5165
26.73534 3251
26.75545 1951
26.77556 1395
26.79568 1168
26.81579 1103
26.8359 1017
26.85602 954
26.87613 943
26.89625 892
26.91636 874
26.93647 872
26.95659 810
26.9767 762
26.99681 724
27.01693 662
27.03704 628
27.05716 627
27.07727 599
27.09738 554
27.1175 532
27.13761 547
27.15772 516
27.17784 534
27.19795 521
27.21806 538
27.23818 541
27.25829 538
27.27841 542
27.29852 528
27.31863 525
27.33875 504
27.35886 550
27.37897 535
27.39909 516
27.4192 492
27.43932 554
27.45943 523
27.47954 495
27.49966 499
27.51977 450
27.53988 468
27.56 480
27.58011 471
27.60023 453
27.62034 465
27.64045 473
27.66057 468
27.68068 450
27.70079 453
27.72091 474
27.74102 431
27.76113 472
27.78125 475
27.80136 438
27.82148 459
27.84159 471
27.8617 443
27.88182 464
27.90193 431
27.92204 443
27.94216 437
27.96227 460
27.98239 421
28.0025 401
28.02261 418
28.04273 416
28.06284 429
28.08295 403
28.10307 418
28.12318 524
28.1433 424
28.16341 411
28.18352 405
28.20364 393
28.22375 422
28.24386 432
28.26398 440
28.28409 414
28.3042 427
28.32432 450
28.34443 452
28.36455 399
28.38466 395
28.40477 410
28.42489 408
28.445 413
28.46511 404
28.48523 438
28.50534 387
28.52546 409
28.54557 395
28.56568 425
28.5858 394
28.60591 419
28.62602 413
28.64614 406
28.66625 427
28.68636 419
28.70648 399
28.72659 411
28.74671 390
28.76682 417
28.78693 398
28.80705 417
28.82716 386
28.84727 421
28.86739 380
28.8875 419
28.90762 386
28.92773 399
28.94784 428
28.96796 407
28.98807 429
29.00818 433
29.0283 420
29.04841 394
29.06853 380
29.08864 356
29.10875 396
29.12887 369
29.14898 427
29.16909 389
29.18921 370
29.20932 352
29.22943 401
29.24955 412
29.26966 420
29.28978 380
29.30989 388
29.33 425
29.35012 387
29.37023 418
29.39034 396
29.41046 404
29.43057 352
29.45069 410
29.4708 415
29.49091 409
29.51103 407
29.53114 381
29.55125 389
29.57137 422
29.59148 426
29.6116 362
29.63171 406
29.65182 386
29.67194 395
29.69205 406
29.71216 371
29.73228 383
29.75239 410
29.7725 381
29.79262 405
29.81273 399
29.83285 393
29.85296 370
29.87307 395
29.89319 375
29.9133 391
29.93341 348
29.95353 399
29.97364 361
29.99376 406
30.01387 387
30.03398 412
30.0541 418
30.07421 397
30.09432 404
30.11444 404
30.13455 395
30.15467 415
30.17478 416
30.19489 390
30.21501 380
30.23512 389
30.25523 399
30.27535 440
30.29546 425
30.31557 421
30.33569 385
30.3558 405
30.37592 415
30.39603 393
30.41614 354
30.43626 417
30.45637 395
30.47648 413
30.4966 384
30.51671 407
30.53683 379
30.55694 397
30.57705 401
30.59717 368
30.61728 384
30.63739 338
30.65751 423
30.67762 404
30.69773 397
30.71785 414
30.73796 396
30.75808 385
30.77819 402
30.7983 409
30.81842 379
30.83853 379
30.85864 392
30.87876 367
30.89887 377
30.91899 361
30.9391 372
30.95921 364
30.97933 386
30.99944 402
31.01955 350
31.03967 405
31.05978 383
31.0799 366
31.10001 366
31.12012 402
31.14024 364
31.16035 369
31.18046 434
31.20058 384
31.22069 370
31.2408 394
31.26092 405
31.28103 376
31.30115 405
31.32126 382
31.34137 375
31.36149 400
31.3816 410
31.40171 410
31.42183 338
31.44194 367
31.46206 371
31.48217 356
31.50228 409
31.5224 364
31.54251 347
31.56262 358
31.58274 376
31.60285 364
31.62297 376
31.64308 354
31.66319 379
31.68331 369
31.70342 400
31.72353 375
31.74365 345
31.76376 377
31.78387 379
31.80399 383
31.8241 368
31.84422 371
31.86433 401
31.88444 368
31.90456 388
31.92467 395
31.94478 380
31.9649 401
31.98501 394
32.00513 402
32.02524 369
32.04535 414
32.06547 376
32.08558 378
32.10569 387
32.12581 382
32.14592 394
32.16604 382
32.18615 423
32.20626 405
32.22638 405
32.24649 389
32.2666 388
32.28672 379
32.30683 410
32.32694 368
32.34706 416
32.36717 386
32.38729 406
32.4074 408
32.42751 399
32.44763 401
32.46774 379
32.48785 431
32.50797 386
32.52808 415
32.5482 399
32.56831 410
32.58842 452
32.60854 410
32.62865 425
32.64876 403
32.66888 418
32.68899 394
32.7091 390
32.72922 431
32.74933 414
32.76945 393
32.78956 432
32.80967 419
32.82979 421
32.8499 461
32.87001 476
32.89013 488
32.91024 501
32.93036 470
32.95047 463
32.97058 472
32.9907 436
33.01081 480
33.03092 551
33.05104 504
33.07115 515
33.09127 516
33.11138 519
33.13149 498
33.15161 542
33.17172 498
33.19183 522
33.21195 507
33.23206 534
33.25217 514
33.27229 504
33.2924 492
33.31252 539
33.33263 515
33.35274 505
33.37286 497
33.39297 513
33.41308 491
33.4332 502
33.45331 513
33.47343 420
33.49354 471
33.51365 464
33.53377 507
33.55388 425
33.57399 460
33.59411 448
33.61422 488
33.63434 478
33.65445 444
33.67456 460
33.69468 474
33.71479 453
33.7349 417
33.75502 454
33.77513 406
33.79524 427
33.81536 460
33.83547 412
33.85559 411
33.8757 434
33.89581 458
33.91593 433
33.93604 418
33.95615 457
33.97627 463
33.99638 422
34.0165 373
34.03661 374
34.05672 404
34.07684 381
34.09695 410
34.11706 400
34.13718 396
34.15729 408
34.17741 398
34.19752 400
34.21763 392
34.23775 394
34.25786 399
34.27797 380
34.29809 417
34.3182 432
34.33831 415
34.35843 404
34.37854 430
34.39866 413
34.41877 403
34.43888 457
34.459 396
34.47911 437
34.49922 442
34.51934 402
34.53945 439
34.55957 469
34.57968 446
34.59979 420
34.61991 422
34.64002 423
34.66013 459
34.68025 462
34.70036 470
34.72047 438
34.74059 464
34.7607 475
34.78082 494
34.80093 538
34.82104 506
34.84116 515
34.86127 505
34.88138 526
34.9015 525
34.92161 541
34.94173 512
34.96184 514
34.98195 604
35.00207 543
35.02218 516
35.04229 543
35.06241 484
35.08252 504
35.10264 504
35.12275 496
35.14286 486
35.16298 522
35.18309 501
35.2032 502
35.22332 558
35.24343 555
35.26354 513
35.28366 538
35.30377 508
35.32389 513
35.344 527
35.36411 513
35.38423 561
35.40434 554
35.42445 558
35.44457 575
35.46468 595
35.4848 580
35.50491 658
35.52502 587
35.54514 619
35.56525 617
35.58536 594
35.60548 702
35.62559 654
35.64571 647
35.66582 673
35.68593 671
35.70605 676
35.72616 691
35.74627 643
35.76639 687
35.7865 676
35.80661 668
35.82673 626
35.84684 648
35.86696 673
35.88707 618
35.90718 630
35.9273 631
35.94741 641
35.96752 628
35.98764 681
36.00775 579
36.02787 608
36.04798 582
36.06809 550
36.08821 558
36.10832 550
36.12843 538
36.14855 601
36.16866 496
36.18878 513
36.20889 530
36.229 521
36.24912 531
36.26923 544
36.28934 537
36.30946 564
36.32957 619
36.34968 695
36.3698 727
36.38991 872
36.41003 941
36.43014 1103
36.45025 1318
36.47037 1503
36.49048 1693
36.51059 1662
36.53071 1634
36.55082 1364
36.57094 1256
36.59105 1106
36.61116 994
36.63128 867
36.65139 700
36.6715 564
36.69162 583
36.71173 541
36.73184 526
36.75196 550
36.77207 505
36.79219 497
36.8123 495
36.83241 548
36.85253 537
36.87264 509
36.89275 527
36.91287 568
36.93298 519
36.9531 483
36.97321 487
36.99332 513
37.01344 470
37.03355 468
37.05366 493
37.07378 515
37.09389 477
37.11401 475
37.13412 502
37.15423 515
37.17435 511
37.19446 456
37.21457 458
37.23469 524
37.2548 496
37.27491 511
37.29503 468
37.31514 501
37.33526 474
37.35537 502
37.37548 471
37.3956 495
37.41571 480
37.43582 520
37.45594 478
37.47605 494
37.49617 514
37.51628 498
37.53639 503
37.55651 500
37.57662 511
37.59673 511
37.61685 492
37.63696 488
37.65708 533
37.67719 483
37.6973 512
37.71742 480
37.73753 453
37.75764 468
37.77776 466
37.79787 477
37.81798 488
37.8381 491
37.85821 471
37.87833 472
37.89844 484
37.91855 504
37.93867 454
37.95878 484
37.97889 441
37.99901 459
38.01912 440
38.03924 463
38.05935 437
38.07946 474
38.09958 451
38.11969 490
38.1398 475
38.15992 450
38.18003 467
38.20015 501
38.22026 488
38.24037 496
38.26049 492
38.2806 482
38.30071 505
38.32083 522
38.34094 533
38.36105 541
38.38117 513
38.40128 494
38.4214 542
38.44151 480
38.46162 509
38.48174 518
38.50185 555
38.52196 497
38.54208 473
38.56219 516
38.58231 486
38.60242 474
38.62253 462
38.64265 512
38.66276 490
38.68287 481
38.70299 464
38.7231 456
38.74321 464
38.76333 449
38.78344 477
38.80356 439
38.82367 442
38.84378 503
38.8639 474
38.88401 450
38.90412 501
38.92424 449
38.94435 451
38.96447 433
38.98458 458
39.00469 428
39.02481 493
39.04492 493
39.06503 432
39.08515 481
39.10526 445
39.12538 499
39.14549 494
39.1656 514
39.18572 482
39.20583 492
39.22594 529
39.24606 553
39.26617 561
39.28628 594
39.3064 719
39.32651 817
39.34663 1013
39.36674 1196
39.38685 1362
39.40697 1505
39.42708 1556
39.44719 1469
39.46731 1285
39.48742 1129
39.50754 982
39.52765 888
39.54776 874
39.56788 710
39.58799 599
39.6081 519
39.62822 457
39.64833 428
39.66845 448
39.68856 471
39.70867 417
39.72879 460
39.7489 425
39.76901 417
39.78913 414
39.80924 392
39.82935 402
39.84947 424
39.86958 394
39.8897 460
39.90981 413
39.92992 409
39.95004 407
39.97015 449
39.99026 395
40.01038 427
40.03049 396
40.05061 470
40.07072 444
40.09083 459
40.11095 516
40.13106 604
40.15117 585
40.17129 729
40.1914 723
40.21152 885
40.23163 941
40.25174 955
40.27186 884
40.29197 862
40.31208 788
40.3322 732
40.35231 698
40.37242 638
40.39254 563
40.41265 499
40.43277 476
40.45288 437
40.47299 431
40.49311 414
40.51322 443
40.53333 396
40.55345 449
40.57356 437
40.59368 415
40.61379 393
40.6339 449
40.65402 437
40.67413 424
40.69424 456
40.71436 397
40.73447 407
40.75458 430
40.7747 415
40.79481 417
40.81493 497
40.83504 455
40.85515 408
40.87527 440
40.89538 428
40.91549 486
40.93561 423
40.95572 449
40.97584 451
40.99595 452
41.01606 455
41.03618 470
41.05629 489
41.0764 439
41.09652 436
41.11663 458
41.13675 444
41.15686 500
41.17697 456
41.19709 394
41.2172 435
41.23731 443
41.25743 439
41.27754 469
41.29765 437
41.31777 400
41.33788 404
41.358 422
41.37811 401
41.39822 440
41.41834 411
41.43845 431
41.45856 435
41.47868 402
41.49879 421
41.51891 432
41.53902 392
41.55913 417
41.57925 381
41.59936 425
41.61947 404
41.63959 394
41.6597 393
41.67982 379
41.69993 391
41.72004 405
41.74016 351
41.76027 380
41.78038 392
41.8005 368
41.82061 414
41.84072 374
41.86084 406
41.88095 382
41.90107 408
41.92118 393
41.94129 398
41.96141 381
41.98152 395
42.00163 408
42.02175 397
42.04186 388
42.06198 358
42.08209 409
42.1022 422
42.12232 408
42.14243 392
42.16254 403
42.18266 438
42.20277 410
42.22289 493
42.243 494
42.26311 526
42.28323 569
42.30334 693
42.32345 792
42.34357 941
42.36368 1039
42.38379 1114
42.40391 1205
42.42402 1142
42.44414 978
42.46425 839
42.48436 767
42.50448 838
42.52459 717
42.5447 690
42.56482 606
42.58493 449
42.60505 438
42.62516 378
42.64527 388
42.66539 402
42.6855 363
42.70561 411
42.72573 365
42.74584 356
42.76595 349
42.78607 366
42.80618 369
42.8263 355
42.84641 362
42.86652 382
42.88664 379
42.90675 356
42.92686 386
42.94698 367
42.96709 381
42.98721 382
43.00732 366
43.02743 364
43.04755 352
43.06766 324
43.08777 351
43.10789 340
43.128 296
43.14812 337
43.16823 345
43.18834 363
43.20846 323
43.22857 346
43.24868 368
43.2688 336
43.28891 355
43.30902 353
43.32914 383
43.34925 314
43.36937 355
43.38948 329
43.40959 358
43.42971 348
43.44982 370
43.46993 334
43.49005 379
43.51016 351
43.53028 375
43.55039 371
43.5705 356
43.59062 344
43.61073 356
43.63084 341
43.65096 377
43.67107 361
43.69119 362
43.7113 383
43.73141 317
43.75153 369
43.77164 370
43.79175 368
43.81187 324
43.83198 346
43.85209 384
43.87221 381
43.89232 343
43.91244 347
43.93255 377
43.95266 377
43.97278 322
43.99289 376
44.013 334
44.03312 335
44.05323 393
44.07335 396
44.09346 370
44.11357 390
44.13369 388
44.1538 348
44.17391 368
44.19403 356
44.21414 347
44.23426 339
44.25437 351
44.27448 370
44.2946 367
44.31471 376
44.33482 344
44.35494 336
44.37505 363
44.39516 364
44.41528 335
44.43539 355
44.45551 335
44.47562 373
44.49573 328
44.51585 351
44.53596 346
44.55607 342
44.57619 395
44.5963 332
44.61642 396
44.63653 377
44.65664 381
44.67676 374
44.69687 348
44.71698 353
44.7371 362
44.75721 334
44.77732 378
44.79744 329
44.81755 340
44.83767 351
44.85778 357
44.87789 369
44.89801 323
44.91812 348
44.93823 344
44.95835 340
44.97846 346
44.99858 363
45.01869 367
45.0388 354
45.05892 348
45.07903 391
45.09914 394
45.11926 386
45.13937 390
45.15949 374
45.1796 380
45.19971 399
45.21983 384
45.23994 408
45.26005 389
45.28017 342
45.30028 391
45.32039 371
45.34051 384
45.36062 404
45.38074 368
45.40085 398
45.42096 412
45.44108 415
45.46119 379
45.4813 402
45.50142 389
45.52153 414
45.54165 442
45.56176 418
45.58187 455
45.60199 469
45.6221 477
45.64221 566
45.66233 618
45.68244 736
45.70256 779
45.72267 841
45.74278 851
45.7629 887
45.78301 780
45.80312 720
45.82324 649
45.84335 655
45.86346 580
45.88358 633
45.90369 528
45.92381 442
45.94392 436
45.96403 419
45.98415 414
46.00426 408
46.02437 407
46.04449 361
46.0646 374
46.08472 404
46.10483 368
46.12494 368
46.14506 385
46.16517 369
46.18528 374
46.2054 357
46.22551 376
46.24563 388
46.26574 354
46.28585 362
46.30597 341
46.32608 348
46.34619 357
46.36631 360
46.38642 370
46.40653 345
46.42665 381
46.44676 385
46.46688 378
46.48699 374
46.5071 367
46.52722 355
46.54733 351
46.56744 337
46.58756 339
46.60767 334
46.62779 343
46.6479 374
46.66801 348
46.68813 370
46.70824 352
46.72835 361
46.74847 354
46.76858 399
46.78869 361
46.80881 355
46.82892 305
46.84904 326
46.86915 364
46.88926 381
46.90938 341
46.92949 350
46.9496 346
46.96972 333
46.98983 362
47.00995 411
47.03006 373
47.05017 377
47.07029 377
47.0904 341
47.11051 365
47.13063 348
47.15074 372
47.17086 386
47.19097 379
47.21108 359
47.2312 346
47.25131 351
47.27142 346
47.29154 364
47.31165 389
47.33176 361
47.35188 375
47.37199 342
47.39211 376
47.41222 352
47.43233 376
47.45245 359
47.47256 373
47.49267 375
47.51279 365
47.5329 368
47.55302 326
47.57313 357
47.59324 342
47.61336 378
47.63347 347
47.65358 379
47.6737 360
47.69381 375
47.71393 387
47.73404 354
47.75415 342
47.77427 361
47.79438 380
47.81449 398
47.83461 385
47.85472 376
47.87483 398
47.89495 361
47.91506 379
47.93518 424
47.95529 406
47.9754 424
47.99552 389
48.01563 381
48.03574 379
48.05586 359
48.07597 433
48.09609 362
48.1162 375
48.13631 334
48.15643 391
48.17654 383
48.19665 355
48.21677 341
48.23688 366
48.257 377
48.27711 362
48.29722 340
48.31734 421
48.33745 375
48.35756 336
48.37768 368
48.39779 348
48.4179 358
48.43802 369
48.45813 391
48.47825 359
48.49836 380
48.51847 334
48.53859 407
48.5587 374
48.57881 350
48.59893 344
48.61904 351
48.63916 365
48.65927 377
48.67938 359
48.6995 332
48.71961 382
48.73972 333
48.75984 358
48.77995 354
48.80006 363
48.82018 343
48.84029 391
48.86041 373
48.88052 339
48.90063 375
48.92075 386
48.94086 372
48.96097 388
48.98109 382
49.0012 420
49.02132 371
49.04143 415
49.06154 349
49.08166 361
49.10177 370
49.12188 405
49.142 358
49.16211 384
49.18223 386
49.20234 448
49.22245 361
49.24257 386
49.26268 384
49.28279 378
49.30291 399
49.32302 386
49.34313 392
49.36325 402
49.38336 404
49.40348 395
49.42359 385
49.4437 393
49.46382 354
49.48393 412
49.50404 389
49.52416 376
49.54427 434
49.56439 394
49.5845 444
49.60461 428
49.62473 423
49.64484 463
49.66495 397
49.68507 404
49.70518 416
49.7253 457
49.74541 433
49.76552 434
49.78564 470
49.80575 475
49.82586 497
49.84598 507
49.86609 489
49.8862 527
49.90632 585
49.92643 684
49.94655 768
49.96666 919
49.98677 1108
50.00689 1297
50.027 1625
50.04711 2003
50.06723 2141
50.08734 2259
50.10746 2039
50.12757 1937
50.14768 1630
50.1678 1392
50.18791 1341
50.20802 1367
50.22814 1249
50.24825 1155
50.26837 937
50.28848 688
50.30859 566
50.32871 495
50.34882 510
50.36893 426
50.38905 467
50.40916 406
50.42927 434
50.44939 393
50.4695 392
50.48962 417
50.50973 431
50.52984 406
50.54996 405
50.57007 392
50.59018 412
50.6103 400
50.63041 423
50.65053 420
50.67064 397
50.69075 376
50.71087 352
50.73098 393
50.75109 398
50.77121 382
50.79132 357
50.81143 357
50.83155 378
50.85166 391
50.87178 385
50.89189 373
50.912 381
50.93212 372
50.95223 367
50.97234 342
50.99246 365
51.01257 358
51.03269 385
51.0528 349
51.07291 340
51.09303 355
51.11314 368
51.13325 364
51.15337 330
51.17348 333
51.1936 347
51.21371 351
51.23382 339
51.25394 338
51.27405 351
51.29416 341
51.31428 343
51.33439 348
51.3545 333
51.37462 361
51.39473 359
51.41485 364
51.43496 366
51.45507 339
51.47519 367
51.4953 351
51.51541 356
51.53553 352
51.55564 344
51.57576 333
51.59587 397
51.61598 320
51.6361 348
51.65621 354
51.67632 340
51.69644 334
51.71655 358
51.73667 346
51.75678 316
51.77689 315
51.79701 325
51.81712 326
51.83723 350
51.85735 335
51.87746 315
51.89757 357
51.91769 332
51.9378 335
51.95792 338
51.97803 338
51.99814 339
52.01826 360
52.03837 339
52.05848 321
52.0786 359
52.09871 355
52.11883 371
52.13894 348
52.15905 316
52.17917 328
52.19928 355
52.21939 334
52.23951 358
52.25962 346
52.27974 339
52.29985 361
52.31996 364
52.34008 367
52.36019 354
52.3803 313
52.40042 367
52.42053 336
52.44064 322
52.46076 352
52.48087 312
52.50099 348
52.5211 393
52.54121 335
52.56133 321
52.58144 353
52.60155 320
52.62167 315
52.64178 303
52.6619 339
52.68201 341
52.70212 371
52.72224 356
52.74235 356
52.76246 339
52.78258 344
52.80269 349
52.8228 329
52.84292 344
52.86303 364
52.88315 348
52.90326 325
52.92337 367
52.94349 344
52.9636 365
52.98371 353
53.00383 323
53.02394 362
53.04406 332
53.06417 354
53.08428 369
53.1044 375
53.12451 377
53.14462 335
53.16474 378
53.18485 396
53.20497 366
53.22508 380
53.24519 353
53.26531 350
53.28542 380
53.30553 395
53.32565 379
53.34576 409
53.36587 382
53.38599 388
53.4061 411
53.42622 391
53.44633 389
53.46644 415
53.48656 420
53.50667 389
53.52678 375
53.5469 393
53.56701 352
53.58713 376
53.60724 402
53.62735 416
53.64747 404
53.66758 431
53.68769 398
53.70781 412
53.72792 424
53.74804 464
53.76815 429
53.78826 417
53.80838 437
53.82849 459
53.8486 454
53.86872 447
53.88883 462
53.90894 476
53.92906 464
53.94917 449
53.96929 520
53.9894 445
54.00951 471
54.02963 453
54.04974 447
54.06985 468
54.08997 489
54.11008 490
54.1302 450
54.15031 513
54.17042 512
54.19054 490
54.21065 478
54.23076 530
54.25088 480
54.27099 532
54.29111 516
54.31122 504
54.33133 479
54.35145 483
54.37156 508
54.39167 492
54.41179 527
54.4319 472
54.45201 459
54.47213 462
54.49224 468
54.51236 472
54.53247 460
54.55258 460
54.5727 463
54.59281 489
54.61292 477
54.63304 509
54.65315 508
54.67327 535
54.69338 559
54.71349 617
54.73361 669
54.75372 746
54.77383 842
54.79395 901
54.81406 926
54.83417 929
54.85429 897
54.8744 780
54.89452 740
54.91463 713
54.93474 700
54.95486 701
54.97497 728
54.99508 699
55.0152 579
55.03531 549
55.05543 512
55.07554 497
55.09565 467
55.11577 457
55.13588 457
55.15599 475
55.17611 527
55.19622 554
55.21634 563
55.23645 636
55.25656 632
55.27668 618
55.29679 633
55.3169 573
55.33702 511
55.35713 501
55.37724 560
55.39736 484
55.41747 511
55.43759 498
55.4577 499
55.47781 486
55.49793 427
55.51804 454
55.53815 400
55.55827 396
55.57838 392
55.5985 406
55.61861 393
55.63872 411
55.65884 430
55.67895 394
55.69906 409
55.71918 379
55.73929 379
55.75941 356
55.77952 382
55.79963 384
55.81975 367
55.83986 357
55.85997 399
55.88009 390
55.9002 390
55.92031 345
55.94043 362
55.96054 386
55.98066 385
56.00077 365
56.02088 349
56.041 375
56.06111 392
56.08122 375
56.10134 340
56.12145 381
56.14157 394
56.16168 355
56.18179 395
56.20191 358
56.22202 371
56.24213 355
56.26225 366
56.28236 381
56.30248 339
56.32259 351
56.3427 367
56.36282 372
56.38293 357
56.40304 345
56.42316 370
56.44327 339
56.46338 388
56.4835 342
56.50361 342
56.52373 380
56.54384 333
56.56395 364
56.58407 402
56.60418 396
56.62429 382
56.64441 348
56.66452 378
56.68464 347
56.70475 349
56.72486 367
56.74498 356
56.76509 360
56.7852 361
56.80532 400
56.82543 362
56.84554 351
56.86566 393
56.88577 370
56.90589 369
56.926 387
56.94611 336
56.96623 339
56.98634 306
57.00645 345
57.02657 370
57.04668 350
57.0668 344
57.08691 369
57.10702 343
57.12714 361
57.14725 398
57.16736 407
57.18748 430
57.20759 367
57.22771 393
57.24782 365
57.26793 382
57.28805 349
57.30816 347
57.32827 360
57.34839 393
57.3685 376
57.38861 380
57.40873 326
57.42884 364
57.44896 355
57.46907 350
57.48918 372
57.5093 355
57.52941 359
57.54952 341
57.56964 349
57.58975 381
57.60987 326
57.62998 350
57.65009 331
57.67021 327
57.69032 393
57.71043 356
57.73055 361
57.75066 352
57.77078 333
57.79089 362
57.811 358
57.83112 336
57.85123 357
57.87134 383
57.89146 359
57.91157 376
57.93168 337
57.9518 366
57.97191 349
57.99203 324
58.01214 367
58.03225 343
58.05237 332
58.07248 336
58.09259 338
58.11271 340
58.13282 369
58.15294 341
58.17305 355
58.19316 343
58.21328 358
58.23339 358
58.2535 352
58.27362 390
58.29373 365
58.31385 367
58.33396 356
58.35407 343
58.37419 313
58.3943 365
58.41441 339
58.43453 351
58.45464 319
58.47475 335
58.49487 357
58.51498 366
58.5351 326
58.55521 351
58.57532 350
58.59544 343
58.61555 326
58.63566 370
58.65578 322
58.67589 354
58.69601 361
58.71612 330
58.73623 347
58.75635 350
58.77646 370
58.79657 373
58.81669 324
58.8368 321
58.85691 321
58.87703 381
58.89714 383
58.91726 337
58.93737 316
58.95748 355
58.9776 348
58.99771 355
59.01782 349
59.03794 388
59.05805 307
59.07817 326
59.09828 353
59.11839 329
59.13851 322
59.15862 362
59.17873 307
59.19885 330
59.21896 347
59.23908 358
59.25919 336
59.2793 360
59.29942 340
59.31953 367
59.33964 331
59.35976 328
59.37987 359
59.39998 362
59.4201 382
59.44021 376
59.46033 393
59.48044 358
59.50055 341
59.52067 374
59.54078 408
59.56089 382
59.58101 392
59.60112 407
59.62124 399
59.64135 438
59.66146 432
59.68158 453
59.70169 461
59.7218 584
59.74192 573
59.76203 684
59.78215 712
59.80226 904
59.82237 1013
59.84249 1256
59.8626 1349
59.88271 1517
59.90283 1494
59.92294 1420
59.94305 1292
59.96317 1077
59.98328 942
60.0034 882
60.02351 953
60.04362 925
60.06374 949
60.08385 870
60.10396 727
60.12408 656
60.14419 523
60.16431 488
60.18442 423
60.20453 403
60.22465 395
60.24476 433
60.26487 372
60.28499 376
60.3051 398
60.32522 394
60.34533 361
60.36544 366
60.38556 413
60.40567 386
60.42578 359
60.4459 356
60.46601 369
60.48612 341
60.50624 371
60.52635 342
60.54647 354
60.56658 358
60.58669 309
60.60681 340
60.62692 348
60.64703 372
60.66715 316
60.68726 328
60.70738 349
60.72749 341
60.7476 394
60.76772 361
60.78783 366
60.80794 350
60.82806 373
60.84817 350
60.86828 327
60.8884 337
60.90851 380
60.92863 318
60.94874 311
60.96885 322
60.98897 345
61.00908 303
61.02919 315
61.04931 325
61.06942 348
61.08954 357
61.10965 355
61.12976 327
61.14988 350
61.16999 326
61.1901 338
61.21022 317
61.23033 351
61.25045 345
61.27056 321
61.29067 335
61.31079 341
61.3309 302
61.35101 343
61.37113 346
61.39124 341
61.41135 355
61.43147 354
61.45158 323
61.4717 366
61.49181 389
61.51192 348
61.53204 338
61.55215 377
61.57226 362
61.59238 373
61.61249 348
61.63261 344
61.65272 397
61.67283 376
61.69295 388
61.71306 357
61.73317 344
61.75329 360
61.7734 370
61.79352 376
61.81363 386
61.83374 400
61.85386 397
61.87397 391
61.89408 380
61.9142 400
61.93431 410
61.95442 408
61.97454 403
61.99465 433
62.01477 397
62.03488 463
62.05499 429
62.07511 461
62.09522 430
62.11533 474
62.13545 455
62.15556 418
62.17568 457
62.19579 482
62.2159 477
62.23602 471
62.25613 492
62.27624 483
62.29636 468
62.31647 490
62.33659 469
62.3567 452
62.37681 465
62.39693 450
62.41704 440
62.43715 432
62.45727 458
62.47738 475
62.49749 432
62.51761 398
62.53772 439
62.55784 417
62.57795 432
62.59806 356
62.61818 429
62.63829 401
62.6584 409
62.67852 388
62.69863 442
62.71875 418
62.73886 388
62.75897 406
62.77909 411
62.7992 363
62.81931 379
62.83943 377
62.85954 372
62.87965 419
62.89977 363
62.91988 374
62.94 362
62.96011 371
62.98022 357
63.00034 370
63.02045 353
63.04056 377
63.06068 385
63.08079 366
63.10091 334
63.12102 399
63.14113 370
63.16125 401
63.18136 364
63.20147 358
63.22159 353
63.2417 356
63.26182 370
63.28193 384
63.30204 364
63.32216 376
63.34227 373
63.36238 378
63.3825 377
63.40261 349
63.42272 328
63.44284 367
63.46295 342
63.48307 356
63.50318 365
63.52329 379
63.54341 364
63.56352 390
63.58363 366
63.60375 378
63.62386 362
63.64398 388
63.66409 372
63.6842 381
63.70432 392
63.72443 366
63.74454 365
63.76466 382
63.78477 373
63.80489 402
63.825 404
63.84511 435
63.86523 455
63.88534 473
63.90545 504
63.92557 518
63.94568 570
63.96579 608
63.98591 561
64.00602 600
64.02614 535
64.04625 506
64.06636 439
64.08648 455
64.10659 455
64.1267 484
64.14682 495
64.16693 529
64.18705 484
64.20716 427
64.22727 462
64.24739 404
64.2675 370
64.28761 391
64.30773 367
64.32784 401
64.34796 413
64.36807 368
64.38818 347
64.4083 362
64.42841 375
64.44852 401
64.46864 363
64.48875 370
64.50886 374
64.52898 349
64.54909 377
64.56921 342
64.58932 397
64.60943 338
64.62955 351
64.64966 342
64.66977 343
64.68989 349
64.71 329
64.73012 316
64.75023 353
64.77034 341
64.79046 333
64.81057 392
64.83068 351
64.8508 349
64.87091 357
64.89102 342
64.91114 328
64.93125 345
64.95137 336
64.97148 345
64.99159 342
65.01171 312
65.03182 342
65.05193 360
65.07205 332
65.09216 318
65.11228 341
65.13239 318
65.1525 347
65.17262 354
65.19273 329
65.21284 322
65.23296 338
65.25307 321
65.27319 365
65.2933 313
65.31341 310
65.33353 321
65.35364 349
65.37375 329
65.39387 331
65.41398 334
65.43409 328
65.45421 315
65.47432 287
65.49444 347
65.51455 314
65.53466 326
65.55478 333
65.57489 359
65.595 305
65.61512 371
65.63523 332
65.65535 317
65.67546 364
65.69557 389
65.71569 354
65.7358 343
65.75591 381
65.77603 361
65.79614 369
65.81626 345
65.83637 340
65.85648 325
65.8766 346
65.89671 346
65.91682 363
65.93694 351
65.95705 335
65.97716 359
65.99728 324
66.01739 342
66.03751 317
66.05762 322
66.07773 328
66.09785 320
66.11796 319
66.13807 322
66.15819 313
66.1783 305
66.19842 321
66.21853 318
66.23864 338
66.25876 311
66.27887 303
66.29898 330
66.3191 307
66.33921 298
66.35933 322
66.37944 320
66.39955 340
66.41967 329
66.43978 309
66.45989 324
66.48001 341
66.50012 321
66.52023 325
66.54035 306
66.56046 325
66.58058 314
66.60069 302
66.6208 350
66.64092 344
66.66103 304
66.68114 307
66.70126 317
66.72137 301
66.74149 303
66.7616 302
66.78171 315
66.80183 317
66.82194 298
66.84205 319
66.86217 327
66.88228 318
66.90239 331
66.92251 310
66.94262 314
66.96274 311
66.98285 308
67.00296 326
67.02308 310
67.04319 330
67.0633 356
67.08342 317
67.10353 320
67.12365 337
67.14376 343
67.16387 333
67.18399 337
67.2041 319
67.22421 343
67.24433 332
67.26444 357
67.28456 341
67.30467 312
67.32478 349
67.3449 358
67.36501 316
67.38512 385
67.40524 323
67.42535 395
67.44546 364
67.46558 391
67.48569 433
67.50581 434
67.52592 458
67.54603 539
67.56615 507
67.58626 604
67.60637 714
67.62649 797
67.6466 915
67.66672 974
67.68683 1005
67.70694 903
67.72706 869
67.74717 762
67.76728 643
67.7874 677
67.80751 658
67.82763 657
67.84774 764
67.86785 749
67.88797 717
67.90808 722
67.92819 723
67.94831 750
67.96842 742
67.98853 801
68.00865 853
68.02876 1045
68.04888 1098
68.06899 1199
68.0891 1194
68.10922 1132
68.12933 1103
68.14944 986
68.16956 915
68.18967 1030
68.20979 1029
68.2299 1161
68.25001 1122
68.27013 1174
68.29024 1101
68.31035 947
68.33047 768
68.35058 692
68.3707 639
68.39081 587
68.41092 644
68.43104 608
68.45115 595
68.47126 552
68.49138 511
68.51149 447
68.5316 426
68.55172 400
68.57183 379
68.59195 345
68.61206 350
68.63217 361
68.65229 343
68.6724 358
68.69251 348
68.71263 365
68.73274 357
68.75286 340
68.77297 311
68.79308 314
68.8132 358
68.83331 345
68.85342 342
68.87354 334
68.89365 340
68.91376 330
68.93388 337
68.95399 327
68.97411 347
68.99422 299
69.01433 315
69.03445 340
69.05456 324
69.07467 334
69.09479 346
69.1149 316
69.13502 295
69.15513 303
69.17524 306
69.19536 287
69.21547 333
69.23558 291
69.2557 329
69.27581 339
69.29593 291
69.31604 315
69.33615 311
69.35627 337
69.37638 288
69.39649 303
69.41661 319
69.43672 293
69.45683 305
69.47695 298
69.49706 345
69.51718 291
69.53729 296
69.5574 312
69.57752 311
69.59763 271
69.61774 317
69.63786 326
69.65797 319
69.67809 331
69.6982 317
69.71831 293
69.73843 306
69.75854 274
69.77865 324
69.79877 349
69.81888 312
69.839 322
69.85911 302
69.87922 321
69.89934 299
69.91945 321
69.93956 328
69.95968 325
69.97979 335
69.9999 281
70.02002 305
70.04013 322
70.06025 296
70.08036 300
70.10047 308
70.12059 349
70.1407 306
70.16081 335
70.18093 330
70.20104 322
70.22116 308
70.24127 295
70.26138 298
70.2815 307
70.30161 310
70.32172 327
70.34184 291
70.36195 316
70.38207 343
70.40218 335
70.42229 284
70.44241 309
70.46252 305
70.48263 300
70.50275 322
70.52286 305
70.54297 295
70.56309 281
70.5832 319
70.60332 296
70.62343 304
70.64354 319
70.66366 291
70.68377 307
70.70388 332
70.724 308
70.74411 312
70.76423 313
70.78434 301
70.80445 320
70.82457 301
70.84468 332
70.86479 307
70.88491 300
70.90502 294
70.92513 304
70.94525 294
70.96536 323
70.98548 274
71.00559 308
71.0257 313
71.04582 269
71.06593 287
71.08604 309
71.10616 278
71.12627 315
71.14639 305
71.1665 297
71.18661 295
71.20673 303
71.22684 305
71.24695 295
71.26707 294
71.28718 329
71.3073 291
71.32741 313
71.34752 288
71.36764 299
71.38775 305
71.40786 307
71.42798 310
71.44809 317
71.4682 292
71.48832 295
71.50843 276
71.52855 304
71.54866 304
71.56877 280
71.58889 290
71.609 305
71.62911 331
71.64923 288
71.66934 270
71.68946 294
71.70957 287
71.72968 310
71.7498 278
71.76991 300
71.79002 331
71.81014 302
71.83025 319
71.85037 315
71.87048 300
71.89059 294
71.91071 295
71.93082 316
71.95093 301
71.97105 326
71.99116 294
72.01127 345
72.03139 328
72.0515 322
72.07162 297
72.09173 332
72.11184 285
72.13196 339
72.15207 311
72.17218 342
72.1923 319
72.21241 293
72.23253 274
72.25264 309
72.27275 333
72.29287 311
72.31298 310
72.33309 325
72.35321 340
72.37332 306
72.39344 327
72.41355 287
72.43366 318
72.45378 308
72.47389 318
72.494 328
72.51412 333
72.53423 323
72.55434 272
72.57446 309
72.59457 294
72.61469 319
72.6348 300
72.65491 323
72.67503 299
72.69514 294
72.71525 317
72.73537 300
72.75548 315
72.7756 306
72.79571 327
72.81582 329
72.83594 307
72.85605 292
72.87616 308
72.89628 300
72.91639 305
72.9365 310
72.95662 310
72.97673 304
72.99685 284
73.01696 294
73.03707 297
73.05719 309
73.0773 305
73.09741 323
73.11753 309
73.13764 317
73.15776 325
73.17787 342
73.19798 349
73.2181 352
73.23821 393
73.25832 372
73.27844 393
73.29855 405
73.31867 427
73.33878 431
73.35889 460
73.37901 504
73.39912 569
73.41923 531
73.43935 502
73.45946 467
73.47957 439
73.49969 409
73.5198 372
73.53992 405
73.56003 403
73.58014 398
73.60026 422
73.62037 409
73.64048 404
73.6606 389
73.68071 355
73.70083 321
73.72094 332
73.74105 309
73.76117 366
73.78128 301
73.80139 301
73.82151 293
73.84162 298
73.86174 291
73.88185 340
73.90196 306
73.92208 325
73.94219 312
73.9623 292
73.98242 309
74.00253 311
74.02264 294
74.04276 295
74.06287 336
74.08299 276
74.1031 321
74.12321 321
74.14333 301
74.16344 311
74.18355 310
74.20367 255
74.22378 293
74.2439 323
74.26401 327
74.28412 279
74.30424 286
74.32435 290
74.34446 282
74.36458 309
74.38469 318
74.40481 277
74.42492 276
74.44503 266
74.46515 311
74.48526 293
74.50537 300
74.52549 295
74.5456 299
74.56571 299
74.58583 283
74.60594 299
74.62606 301
74.64617 272
74.66628 302
74.6864 286
74.70651 285
74.72662 310
74.74674 283
74.76685 308
74.78697 311
74.80708 298
74.82719 330
74.84731 327
74.86742 282
74.88753 313
74.90765 303
74.92776 303
74.94787 333
74.96799 321
74.9881 301
75.00822 309
