3.00117 20485
3.02128 19370
3.0414 19185
3.06151 19016
3.08162 18170
3.10174 17820
3.12185 17021
3.14197 16653
3.16208 16000
3.18219 15820
3.20231 15403
3.22242 14656
3.24253 14631
3.26265 13943
3.28276 13386
3.30288 13318
3.32299 12553
3.3431 12113
3.36322 11873
3.38333 11426
3.40344 11015
3.42356 10614
3.44367 10676
3.46379 10111
3.4839 9850
3.50401 9489
3.52413 9157
3.54424 8820
3.56435 8347
3.58447 7882
3.60458 7748
3.62469 7333
3.64481 7240
3.66492 6987
3.68504 6673
3.70515 6475
3.72526 5988
3.74538 6044
3.76549 5695
3.7856 5323
3.80572 5313
3.82583 4702
3.84595 4698
3.86606 4588
3.88617 4285
3.90629 4234
3.9264 4102
3.94651 3931
3.96663 3708
3.98674 3341
4.00686 3324
4.02697 3197
4.04708 3080
4.0672 2929
4.08731 2645
4.10742 2695
4.12754 2405
4.14765 2444
4.16776 2342
4.18788 2073
4.20799 2081
4.22811 1866
4.24822 2091
4.26833 1969
4.28845 1667
4.30856 1740
4.32867 1694
4.34879 1654
4.3689 1615
4.38902 1523
4.40913 1508
4.42924 1443
4.44936 1420
4.46947 1398
4.48958 1243
4.5097 1288
4.52981 1218
4.54992 1225
4.57004 1260
4.59015 1134
4.61027 1110
4.63038 1166
4.65049 1091
4.67061 1131
4.69072 969
4.71083 968
4.73095 918
4.75106 943
4.77118 925
4.79129 817
4.8114 863
4.83152 830
4.85163 803
4.87174 848
4.89186 747
4.91197 683
4.93209 765
4.9522 712
4.97231 743
4.99243 633
5.01254 687
5.03265 679
5.05277 602
5.07288 658
5.09299 550
5.11311 603
5.13322 632
5.15334 562
5.17345 584
5.19356 518
5.21368 528
5.23379 483
5.2539 467
5.27402 488
5.29413 405
5.31425 456
5.33436 463
5.35447 384
5.37459 417
5.3947 380
5.41481 399
5.43493 398
5.45504 380
5.47516 408
5.49527 343
5.51538 361
5.5355 368
5.55561 361
5.57572 325
5.59584 336
5.61595 313
5.63606 317
5.65618 340
5.67629 267
5.69641 305
5.71652 281
5.73663 298
5.75675 294
5.77686 299
5.79697 285
5.81709 258
5.8372 228
5.85732 262
5.87743 233
5.89754 216
5.91766 253
5.93777 245
5.95788 242
5.978 255
5.99811 224
6.01823 208
6.03834 222
6.05845 248
6.07857 212
6.09868 216
6.11879 213
6.13891 227
6.15902 246
6.17913 203
6.19925 204
6.21936 223
6.23948 180
6.25959 216
6.2797 208
6.29982 216
6.31993 219
6.34004 195
6.36016 200
6.38027 183
6.40039 219
6.4205 162
6.44061 207
6.46073 166
6.48084 213
6.50095 169
6.52107 157
6.54118 195
6.56129 171
6.58141 177
6.60152 206
6.62164 184
6.64175 177
6.66186 179
6.68198 189
6.70209 196
6.7222 204
6.74232 193
6.76243 196
6.78255 185
6.80266 195
6.82277 187
6.84289 213
6.863 162
6.88311 195
6.90323 193
6.92334 170
6.94346 169
6.96357 184
6.98368 164
7.0038 186
7.02391 184
7.04402 165
7.06414 168
7.08425 192
7.10436 184
7.12448 191
7.14459 185
7.16471 176
7.18482 178
7.20493 189
7.22505 185
7.24516 200
7.26527 187
7.28539 205
7.3055 198
7.32562 211
7.34573 192
7.36584 203
7.38596 207
7.40607 199
7.42618 203
7.4463 159
7.46641 211
7.48653 192
7.50664 186
7.52675 168
7.54687 195
7.56698 189
7.58709 207
7.60721 241
7.62732 210
7.64743 217
7.66755 209
7.68766 195
7.70778 200
7.72789 195
7.748 195
7.76812 219
7.78823 208
7.80834 201
7.82846 216
7.84857 217
7.86869 200
7.8888 181
7.90891 187
7.92903 191
7.94914 242
7.96925 227
7.98937 180
8.00948 232
8.0296 195
8.04971 206
8.06982 177
8.08994 203
8.11005 219
8.13016 184
8.15028 244
8.17039 204
8.1905 210
8.21062 196
8.23073 241
8.25085 231
8.27096 206
8.29107 209
8.31119 181
8.3313 206
8.35141 219
8.37153 207
8.39164 207
8.41176 260
8.43187 207
8.45198 215
8.4721 197
8.49221 247
8.51232 210
8.53244 221
8.55255 202
8.57266 242
8.59278 255
8.61289 209
8.63301 196
8.65312 214
8.67323 203
8.69335 232
8.71346 229
8.73357 210
8.75369 228
8.7738 219
8.79392 218
8.81403 224
8.83414 210
8.85426 233
8.87437 231
8.89448 238
8.9146 214
8.93471 207
8.95483 232
8.97494 230
8.99505 213
9.01517 215
9.03528 216
9.05539 186
9.07551 201
9.09562 202
9.11573 214
9.13585 223
9.15596 240
9.17608 216
9.19619 250
9.2163 202
9.23642 217
9.25653 262
9.27664 217
9.29676 251
9.31687 255
9.33699 226
9.3571 255
9.37721 250
9.39733 234
9.41744 255
9.43755 210
9.45767 267
9.47778 238
9.4979 220
9.51801 232
9.53812 250
9.55824 207
9.57835 221
9.59846 230
9.61858 246
9.63869 249
9.6588 233
9.67892 231
9.69903 223
9.71915 194
9.73926 190
9.75937 234
9.77949 231
9.7996 235
9.81971 219
9.83983 216
9.85994 222
9.88006 221
9.90017 234
9.92028 232
9.9404 224
9.96051 264
9.98062 218
10.00074 223
10.02085 239
10.04097 223
10.06108 239
10.08119 226
10.10131 221
10.12142 217
10.14153 212
10.16165 203
10.18176 189
10.20187 227
10.22199 215
10.2421 230
10.26222 246
10.28233 229
10.30244 230
10.32256 218
10.34267 226
10.36278 254
10.3829 259
10.40301 244
10.42313 219
10.44324 224
10.46335 224
10.48347 229
10.50358 199
10.52369 212
10.54381 211
10.56392 221
10.58403 198
10.60415 268
10.62426 207
10.64438 259
10.66449 247
10.6846 237
10.70472 222
10.72483 244
10.74494 242
10.76506 211
10.78517 224
10.80529 243
10.8254 221
10.84551 211
10.86563 190
10.88574 208
10.90585 239
10.92597 257
10.94608 249
10.9662 243
10.98631 268
11.00642 245
11.02654 206
11.04665 221
11.06676 249
11.08688 252
11.10699 216
11.1271 229
11.14722 233
11.16733 255
11.18745 226
11.20756 221
11.22767 238
11.24779 216
11.2679 226
11.28801 215
11.30813 196
11.32824 218
11.34836 231
11.36847 222
11.38858 223
11.4087 227
11.42881 219
11.44892 234
11.46904 246
11.48915 213
11.50927 220
11.52938 211
11.54949 243
11.56961 254
11.58972 237
11.60983 205
11.62995 240
11.65006 229
11.67017 256
11.69029 239
11.7104 237
11.73052 213
11.75063 244
11.77074 211
11.79086 237
11.81097 242
11.83108 222
11.8512 241
11.87131 246
11.89143 249
11.91154 250
11.93165 255
11.95177 225
11.97188 258
11.99199 245
12.01211 255
12.03222 269
12.05234 293
12.07245 315
12.09256 276
12.11268 314
12.13279 312
12.1529 289
12.17302 323
12.19313 327
12.21324 375
12.23336 388
12.25347 398
12.27359 397
12.2937 440
12.31381 431
12.33393 416
12.35404 402
12.37415 419
12.39427 412
12.41438 372
12.4345 401
12.45461 317
12.47472 348
12.49484 313
12.51495 264
12.53506 274
12.55518 302
12.57529 272
12.5954 262
12.61552 274
12.63563 234
12.65575 228
12.67586 241
12.69597 237
12.71609 237
12.7362 237
12.75631 254
12.77643 237
12.79654 248
12.81666 224
12.83677 241
12.85688 240
12.877 211
12.89711 235
12.91722 224
12.93734 192
12.95745 222
12.97757 203
12.99768 222
13.01779 231
13.03791 211
13.05802 227
13.07813 208
13.09825 229
13.11836 223
13.13847 247
13.15859 202
13.1787 211
13.19882 186
13.21893 223
13.23904 227
13.25916 195
13.27927 198
13.29938 206
13.3195 223
13.33961 173
13.35973 236
13.37984 232
13.39995 238
13.42007 220
13.44018 227
13.46029 193
13.48041 213
13.50052 190
13.52064 203
13.54075 201
13.56086 226
13.58098 209
13.60109 204
13.6212 191
13.64132 191
13.66143 196
13.68154 214
13.70166 204
13.72177 218
13.74189 196
13.762 187
13.78211 217
13.80223 195
13.82234 190
13.84245 200
13.86257 200
13.88268 184
13.9028 218
13.92291 216
13.94302 211
13.96314 211
13.98325 204
14.00336 192
14.02348 209
14.04359 229
14.06371 195
14.08382 186
14.10393 188
14.12405 196
14.14416 177
14.16427 213
14.18439 165
14.2045 212
14.22461 227
14.24473 214
14.26484 205
14.28496 213
14.30507 227
14.32518 179
14.3453 187
14.36541 224
14.38552 187
14.40564 212
14.42575 213
14.44587 220
14.46598 206
14.48609 169
14.50621 194
14.52632 192
14.54643 231
14.56655 202
14.58666 174
14.60677 189
14.62689 193
14.647 188
14.66712 200
14.68723 189
14.70734 171
14.72746 178
14.74757 204
14.76768 177
14.7878 192
14.80791 196
14.82803 218
14.84814 191
14.86825 196
14.88837 192
14.90848 195
14.92859 241
14.94871 228
14.96882 198
14.98894 208
15.00905 197
15.02916 191
15.04928 169
15.06939 196
15.0895 190
15.10962 186
15.12973 175
15.14984 174
15.16996 206
15.19007 177
15.21019 195
15.2303 154
15.25041 167
15.27053 201
15.29064 202
15.31075 197
15.33087 204
15.35098 199
15.3711 192
15.39121 206
15.41132 189
15.43144 191
15.45155 182
15.47166 172
15.49178 185
15.51189 192
15.53201 174
15.55212 175
15.57223 201
15.59235 216
15.61246 182
15.63257 180
15.65269 158
15.6728 187
15.69291 182
15.71303 207
15.73314 201
15.75326 186
15.77337 183
15.79348 195
15.8136 176
15.83371 208
15.85382 212
15.87394 182
15.89405 210
15.91417 200
15.93428 183
15.95439 191
15.97451 175
15.99462 184
16.01473 175
16.03485 186
16.05496 189
16.07508 214
16.09519 202
16.1153 176
16.13542 204
16.15553 157
16.17564 156
16.19576 187
16.21587 169
16.23598 191
16.2561 182
16.27621 172
16.29633 182
16.31644 192
16.33655 180
16.35667 176
16.37678 167
16.39689 194
16.41701 193
16.43712 182
16.45724 209
16.47735 183
16.49746 183
16.51758 173
16.53769 180
16.5578 180
16.57792 202
16.59803 186
16.61814 169
16.63826 175
16.65837 200
16.67849 170
16.6986 181
16.71871 178
16.73883 197
16.75894 201
16.77905 165
16.79917 180
16.81928 179
16.8394 164
16.85951 173
16.87962 178
16.89974 169
16.91985 193
16.93996 178
16.96008 170
16.98019 174
17.00031 160
17.02042 182
17.04053 158
17.06065 172
17.08076 178
17.10087 174
17.12099 167
17.1411 187
17.16121 207
17.18133 176
17.20144 153
17.22156 216
17.24167 173
17.26178 185
17.2819 177
17.30201 186
17.32212 180
17.34224 176
17.36235 161
17.38247 199
17.40258 186
17.42269 165
17.44281 178
17.46292 169
17.48303 197
17.50315 180
17.52326 181
17.54338 187
17.56349 181
17.5836 180
17.60372 171
17.62383 167
17.64394 173
17.66406 159
17.68417 155
17.70428 192
17.7244 158
17.74451 174
17.76463 169
17.78474 178
17.80485 168
17.82497 173
17.84508 196
17.86519 165
17.88531 160
17.90542 179
17.92554 198
17.94565 176
17.96576 170
17.98588 190
18.00599 197
18.0261 180
18.04622 172
18.06633 203
18.08645 165
18.10656 195
18.12667 186
18.14679 170
18.1669 198
18.18701 165
18.20713 186
18.22724 175
18.24735 141
18.26747 152
18.28758 162
18.3077 177
18.32781 162
18.34792 179
18.36804 178
18.38815 157
18.40826 156
18.42838 164
18.44849 185
18.46861 168
18.48872 181
18.50883 177
18.52895 178
18.54906 185
18.56917 172
18.58929 201
18.6094 184
18.62951 198
18.64963 169
18.66974 162
18.68986 160
18.70997 156
18.73008 222
18.7502 204
18.77031 172
18.79042 191
18.81054 159
18.83065 178
18.85077 198
18.87088 207
18.89099 208
18.91111 176
18.93122 178
18.95133 219
18.97145 195
18.99156 199
19.01168 187
19.03179 199
19.0519 175
19.07202 194
19.09213 163
19.11224 186
19.13236 176
19.15247 167
19.17258 174
19.1927 195
19.21281 232
19.23293 175
19.25304 177
19.27315 184
19.29327 173
19.31338 187
19.33349 203
19.35361 185
19.37372 171
19.39384 177
19.41395 191
19.43406 196
19.45418 206
19.47429 182
19.4944 177
19.51452 183
19.53463 184
19.55475 189
19.57486 229
19.59497 201
19.61509 191
19.6352 179
19.65531 214
19.67543 191
19.69554 193
19.71565 203
19.73577 233
19.75588 241
19.776 243
19.79611 277
19.81622 278
19.83634 263
19.85645 304
19.87656 295
19.89668 275
19.91679 340
19.93691 325
19.95702 342
19.97713 352
19.99725 316
20.01736 311
20.03747 311
20.05759 306
20.0777 281
20.09782 316
20.11793 287
20.13804 298
20.15816 316
20.17827 326
20.19838 310
20.2185 329
20.23861 338
20.25872 374
20.27884 348
20.29895 315
20.31907 332
20.33918 348
20.35929 378
20.37941 399
20.39952 360
20.41963 362
20.43975 412
20.45986 415
20.47998 421
20.50009 405
20.5202 434
20.54032 459
20.56043 458
20.58054 519
20.60066 511
20.62077 553
20.64088 665
20.661 705
20.68111 807
20.70123 1124
20.72134 1379
20.74145 1954
20.76157 2688
20.78168 3712
20.80179 5141
20.82191 6913
20.84202 8378
20.86214 8939
20.88225 8414
20.90236 6526
20.92248 4599
20.94259 3153
20.9627 1888
20.98282 1095
21.00293 779
21.02305 624
21.04316 574
21.06327 504
21.08339 502
21.1035 482
21.12361 502
21.14373 424
21.16384 415
21.18395 396
21.20407 370
21.22418 360
21.2443 381
21.26441 341
21.28452 393
21.30464 311
21.32475 346
21.34486 333
21.36498 312
21.38509 333
21.40521 383
21.42532 348
21.44543 319
21.46555 276
21.48566 288
21.50577 289
21.52589 299
21.546 244
21.56612 300
21.58623 286
21.60634 271
21.62646 258
21.64657 289
21.66668 295
21.6868 256
21.70691 284
21.72702 283
21.74714 262
21.76725 268
21.78737 247
21.80748 247
21.82759 256
21.84771 253
21.86782 281
21.88793 288
21.90805 246
21.92816 246
21.94828 257
21.96839 235
21.9885 274
22.00862 273
22.02873 259
22.04884 246
22.06896 258
22.08907 229
22.10919 257
22.1293 225
22.14941 244
22.16953 259
22.18964 232
22.20975 240
22.22987 218
22.24998 252
22.27009 238
22.29021 238
22.31032 238
22.33044 252
22.35055 223
22.37066 238
22.39078 208
22.41089 256
22.431 205
22.45112 231
22.47123 248
22.49135 190
22.51146 209
22.53157 245
22.55169 233
22.5718 226
22.59191 223
22.61203 227
22.63214 268
22.65225 241
22.67237 251
22.69248 209
22.7126 190
22.73271 215
22.75282 229
22.77294 217
22.79305 231
22.81316 195
22.83328 220
22.85339 234
22.87351 233
22.89362 200
22.91373 197
22.93385 218
22.95396 210
22.97407 255
22.99419 191
23.0143 233
23.03442 230
23.05453 237
23.07464 227
23.09476 183
23.11487 233
23.13498 218
23.1551 226
23.17521 209
23.19532 197
23.21544 204
23.23555 198
23.25567 233
23.27578 218
23.29589 222
23.31601 173
23.33612 199
23.35623 222
23.37635 207
23.39646 218
23.41658 216
23.43669 212
23.4568 207
23.47692 215
23.49703 242
23.51714 201
23.53726 227
23.55737 227
23.57749 241
23.5976 209
23.61771 204
23.63783 194
23.65794 225
23.67805 244
23.69817 216
23.71828 211
23.73839 199
23.75851 203
23.77862 196
23.79874 204
23.81885 225
23.83896 208
23.85908 258
23.87919 235
23.8993 230
23.91942 281
23.93953 248
23.95965 291
23.97976 297
23.99987 296
24.01999 329
24.0401 311
24.06021 292
24.08033 267
24.10044 224
24.12056 245
24.14067 233
24.16078 263
24.1809 208
24.20101 243
24.22112 240
24.24124 251
24.26135 214
24.28146 230
24.30158 219
24.32169 236
24.34181 228
24.36192 241
24.38203 232
24.40215 217
24.42226 243
24.44237 223
24.46249 254
24.4826 259
24.50272 233
24.52283 221
24.54294 259
24.56306 242
24.58317 255
24.60328 253
24.6234 267
24.64351 278
24.66362 287
24.68374 304
24.70385 301
24.72397 313
24.74408 332
24.76419 363
24.78431 338
24.80442 386
24.82453 339
24.84465 341
24.86476 356
24.88488 341
24.90499 313
24.9251 340
24.94522 353
24.96533 308
24.98544 316
25.00556 290
25.02567 266
25.04579 269
25.0659 250
25.08601 266
25.10613 254
25.12624 251
25.14635 265
25.16647 266
25.18658 240
25.20669 243
25.22681 263
25.24692 275
25.26704 260
25.28715 245
25.30726 247
25.32738 244
25.34749 230
25.3676 229
25.38772 266
25.40783 267
25.42795 243
25.44806 236
25.46817 273
25.48829 266
25.5084 263
25.52851 281
25.54863 277
25.56874 263
25.58886 273
25.60897 293
25.62908 310
25.6492 318
25.66931 335
25.68942 382
25.70954 380
25.72965 408
25.74976 421
25.76988 445
25.78999 427
25.81011 458
25.83022 490
25.85033 455
25.87045 458
25.89056 484
25.91067 522
25.93079 499
25.9509 504
25.97102 551
25.99113 502
26.01124 576
26.03136 561
26.05147 614
26.07158 601
26.0917 606
26.11181 633
26.13193 702
26.15204 651
26.17215 741
26.19227 789
26.21238 834
26.23249 901
26.25261 1016
26.27272 1118
26.29283 1174
26.31295 1287
26.33306 1415
26.35318 1478
26.37329 1731
26.3934 1976
26.41352 2379
26.43363 2884
26.45374 3613
26.47386 4825
26.49397 6458
26.51409 9049
26.5342 12459
26.55431 17265
26.57443 23591
26.59454 30496
26.61465 36939
26.63477 39720
26.65488 37876
26.67499 30876
26.69511 23824
26.71522 18111
26.73534 12233
26.75545 7318
26.77556 4107
26.79568 2635
26.81579 2111
26.8359 1823
26.85602 1575
26.87613 1497
26.89625 1344
26.91636 1245
26.93647 1157
26.95659 978
26.9767 906
26.99681 874
27.01693 782
27.03704 699
27.05716 636
27.07727 617
27.09738 576
27.1175 515
27.13761 498
27.15772 522
27.17784 479
27.19795 465
27.21806 457
27.23818 448
27.25829 458
27.27841 462
27.29852 398
27.31863 372
27.33875 413
27.35886 410
27.37897 403
27.39909 380
27.4192 386
27.43932 395
27.45943 402
27.47954 417
27.49966 341
27.51977 363
27.53988 345
27.56 300
27.58011 347
27.60023 350
27.62034 307
27.64045 315
27.66057 340
27.68068 330
27.70079 331
27.72091 330
27.74102 297
27.76113 309
27.78125 329
27.80136 283
27.82148 340
27.84159 313
27.8617 287
27.88182 307
27.90193 314
27.92204 301
27.94216 320
27.96227 325
27.98239 265
28.0025 267
28.02261 309
28.04273 271
28.06284 278
28.08295 280
28.10307 294
28.12318 303
28.1433 250
28.16341 231
28.18352 287
28.20364 297
28.22375 268
28.24386 316
28.26398 291
28.28409 260
28.3042 272
28.32432 273
28.34443 249
28.36455 272
28.38466 256
28.40477 272
28.42489 280
28.445 243
28.46511 272
28.48523 234
28.50534 296
28.52546 269
28.54557 271
28.56568 296
28.5858 256
28.60591 234
28.62602 243
28.64614 236
28.66625 239
28.68636 236
28.70648 259
28.72659 240
28.74671 228
28.76682 253
28.78693 247
28.80705 233
28.82716 228
28.84727 247
28.86739 258
28.8875 252
28.90762 232
28.92773 241
28.94784 237
28.96796 251
28.98807 246
29.00818 213
29.0283 243
29.04841 220
29.06853 247
29.08864 229
29.10875 245
29.12887 232
29.14898 228
29.16909 221
29.18921 221
29.20932 233
29.22943 242
29.24955 244
29.26966 222
29.28978 251
29.30989 226
29.33 234
29.35012 237
29.37023 221
29.39034 228
29.41046 224
29.43057 234
29.45069 211
29.4708 213
29.49091 236
29.51103 230
29.53114 229
29.55125 231
29.57137 246
29.59148 232
29.6116 253
29.63171 214
29.65182 242
29.67194 208
29.69205 226
29.71216 222
29.73228 225
29.75239 190
29.7725 220
29.79262 235
29.81273 195
29.83285 226
29.85296 218
29.87307 213
29.89319 198
29.9133 231
29.93341 234
29.95353 222
29.97364 215
29.99376 210
30.01387 210
30.03398 206
30.0541 209
30.07421 198
30.09432 208
30.11444 242
30.13455 219
30.15467 208
30.17478 189
30.19489 195
30.21501 203
30.23512 226
30.25523 227
30.27535 198
30.29546 199
30.31557 212
30.33569 206
30.3558 220
30.37592 223
30.39603 185
30.41614 197
30.43626 218
30.45637 213
30.47648 213
30.4966 211
30.51671 242
30.53683 205
30.55694 196
30.57705 230
30.59717 199
30.61728 212
30.63739 198
30.65751 227
30.67762 204
30.69773 189
30.71785 194
30.73796 171
30.75808 214
30.77819 180
30.7983 195
30.81842 189
30.83853 205
30.85864 192
30.87876 208
30.89887 191
30.91899 193
30.9391 206
30.95921 205
30.97933 212
30.99944 199
31.01955 199
31.03967 180
31.05978 207
31.0799 223
31.10001 201
31.12012 198
31.14024 208
31.16035 186
31.18046 231
31.20058 194
31.22069 160
31.2408 184
31.26092 189
31.28103 181
31.30115 193
31.32126 212
31.34137 184
31.36149 204
31.3816 203
31.40171 214
31.42183 211
31.44194 194
31.46206 212
31.48217 193
31.50228 199
31.5224 197
31.54251 201
31.56262 185
31.58274 210
31.60285 208
31.62297 169
31.64308 205
31.66319 167
31.68331 206
31.70342 176
31.72353 185
31.74365 179
31.76376 196
31.78387 203
31.80399 153
31.8241 193
31.84422 165
31.86433 176
31.88444 176
31.90456 173
31.92467 188
31.94478 169
31.9649 174
31.98501 172
32.00513 179
32.02524 166
32.04535 172
32.06547 182
32.08558 163
32.10569 190
32.12581 181
32.14592 161
32.16604 177
32.18615 170
32.20626 188
32.22638 204
32.24649 172
32.2666 163
32.28672 157
32.30683 182
32.32694 185
32.34706 168
32.36717 184
32.38729 203
32.4074 171
32.42751 167
32.44763 189
32.46774 201
32.48785 200
32.50797 212
32.52808 206
32.5482 165
32.56831 175
32.58842 179
32.60854 188
32.62865 188
32.64876 196
32.66888 193
32.68899 174
32.7091 184
32.72922 169
32.74933 185
32.76945 190
32.78956 174
32.80967 171
32.82979 202
32.8499 166
32.87001 172
32.89013 180
32.91024 171
32.93036 180
32.95047 195
32.97058 171
32.9907 215
33.01081 182
33.03092 226
33.05104 219
33.07115 223
33.09127 192
33.11138 212
33.13149 188
33.15161 217
33.17172 180
33.19183 202
33.21195 223
33.23206 186
33.25217 192
33.27229 203
33.2924 175
33.31252 175
33.33263 206
33.35274 193
33.37286 185
33.39297 187
33.41308 192
33.4332 186
33.45331 169
33.47343 189
33.49354 176
33.51365 179
33.53377 167
33.55388 178
33.57399 177
33.59411 169
33.61422 184
33.63434 153
33.65445 177
33.67456 162
33.69468 155
33.71479 183
33.7349 151
33.75502 159
33.77513 162
33.79524 146
33.81536 165
33.83547 162
33.85559 168
33.8757 162
33.89581 172
33.91593 175
33.93604 173
33.95615 167
33.97627 158
33.99638 153
34.0165 167
34.03661 152
34.05672 150
34.07684 166
34.09695 162
34.11706 145
34.13718 176
34.15729 155
34.17741 151
34.19752 156
34.21763 162
34.23775 156
34.25786 171
34.27797 154
34.29809 154
34.3182 170
34.33831 179
34.35843 174
34.37854 159
34.39866 161
34.41877 168
34.43888 168
34.459 166
34.47911 184
34.49922 147
34.51934 148
34.53945 138
34.55957 163
34.57968 173
34.59979 165
34.61991 180
34.64002 191
34.66013 184
34.68025 175
34.70036 201
34.72047 190
34.74059 210
34.7607 148
34.78082 208
34.80093 190
34.82104 180
34.84116 181
34.86127 221
34.88138 210
34.9015 218
34.92161 217
34.94173 223
34.96184 209
34.98195 228
35.00207 228
35.02218 195
35.04229 238
35.06241 219
35.08252 192
35.10264 201
35.12275 211
35.14286 206
35.16298 195
35.18309 212
35.2032 207
35.22332 206
35.24343 237
35.26354 188
35.28366 197
35.30377 242
35.32389 203
35.344 240
35.36411 229
35.38423 207
35.40434 224
35.42445 201
35.44457 221
35.46468 218
35.4848 223
35.50491 224
35.52502 240
35.54514 227
35.56525 236
35.58536 253
35.60548 227
35.62559 238
35.64571 219
35.66582 252
35.68593 228
35.70605 233
35.72616 226
35.74627 218
35.76639 224
35.7865 234
35.80661 228
35.82673 192
35.84684 240
35.86696 228
35.88707 220
35.90718 226
35.9273 229
35.94741 198
35.96752 220
35.98764 225
36.00775 243
36.02787 199
36.04798 234
36.06809 236
36.08821 271
36.10832 274
36.12843 279
36.14855 233
36.16866 267
36.18878 280
36.20889 303
36.229 264
36.24912 298
36.26923 325
36.28934 364
36.30946 402
36.32957 412
36.34968 485
36.3698 639
36.38991 816
36.41003 902
36.43014 1161
36.45025 1506
36.47037 1803
36.49048 2196
36.51059 2463
36.53071 2684
36.55082 2543
36.57094 2101
36.59105 1621
36.61116 1454
36.63128 1362
36.65139 1088
36.6715 774
36.69162 532
36.71173 414
36.73184 342
36.75196 301
36.77207 320
36.79219 285
36.8123 251
36.83241 275
36.85253 276
36.87264 258
36.89275 209
36.91287 230
36.93298 225
36.9531 217
36.97321 257
36.99332 203
37.01344 223
37.03355 210
37.05366 207
37.07378 199
37.09389 213
37.11401 202
37.13412 186
37.15423 172
37.17435 186
37.19446 208
37.21457 203
37.23469 202
37.2548 181
37.27491 188
37.29503 182
37.31514 158
37.33526 178
37.35537 183
37.37548 198
37.3956 216
37.41571 196
37.43582 183
37.45594 228
37.47605 163
37.49617 183
37.51628 213
37.53639 187
37.55651 156
37.57662 171
37.59673 204
37.61685 186
37.63696 190
37.65708 192
37.67719 189
37.6973 209
37.71742 201
37.73753 191
37.75764 196
37.77776 179
37.79787 165
37.81798 193
37.8381 189
37.85821 193
37.87833 211
37.89844 196
37.91855 183
37.93867 199
37.95878 189
37.97889 172
37.99901 194
38.01912 195
38.03924 211
38.05935 204
38.07946 210
38.09958 200
38.11969 210
38.1398 193
38.15992 202
38.18003 215
38.20015 229
38.22026 217
38.24037 220
38.26049 202
38.2806 204
38.30071 209
38.32083 207
38.34094 218
38.36105 224
38.38117 230
38.40128 235
38.4214 217
38.44151 210
38.46162 179
38.48174 225
38.50185 210
38.52196 225
38.54208 211
38.56219 205
38.58231 225
38.60242 217
38.62253 204
38.64265 220
38.66276 211
38.68287 211
38.70299 198
38.7231 204
38.74321 211
38.76333 198
38.78344 209
38.80356 191
38.82367 211
38.84378 194
38.8639 218
38.88401 213
38.90412 207
38.92424 219
38.94435 208
38.96447 222
38.98458 220
39.00469 228
39.02481 236
39.04492 255
39.06503 205
39.08515 228
39.10526 266
39.12538 285
39.14549 266
39.1656 307
39.18572 308
39.20583 341
39.22594 360
39.24606 446
39.26617 516
39.28628 542
39.3064 659
39.32651 789
39.34663 997
39.36674 1274
39.38685 1583
39.40697 1830
39.42708 2222
39.44719 2440
39.46731 2380
39.48742 2048
39.50754 1612
39.52765 1417
39.54776 1305
39.56788 1195
39.58799 907
39.6081 631
39.62822 457
39.64833 344
39.66845 312
39.68856 273
39.70867 276
39.72879 241
39.7489 243
39.76901 221
39.78913 251
39.80924 254
39.82935 235
39.84947 201
39.86958 257
39.8897 233
39.90981 206
39.92992 210
39.95004 235
39.97015 246
39.99026 273
40.01038 272
40.03049 270
40.05061 296
40.07072 297
40.09083 315
40.11095 382
40.13106 425
40.15117 538
40.17129 613
40.1914 759
40.21152 926
40.23163 1031
40.25174 1155
40.27186 1250
40.29197 1167
40.31208 1016
40.3322 899
40.35231 783
40.37242 712
40.39254 634
40.41265 535
40.43277 422
40.45288 293
40.47299 254
40.49311 217
40.51322 247
40.53333 197
40.55345 235
40.57356 224
40.59368 212
40.61379 220
40.6339 169
40.65402 199
40.67413 200
40.69424 166
40.71436 203
40.73447 187
40.75458 198
40.7747 192
40.79481 179
40.81493 178
40.83504 217
40.85515 168
40.87527 175
40.89538 208
40.91549 199
40.93561 157
40.95572 186
40.97584 192
40.99595 181
41.01606 190
41.03618 185
41.05629 166
41.0764 186
41.09652 205
41.11663 189
41.13675 210
41.15686 186
41.17697 181
41.19709 165
41.2172 169
41.23731 192
41.25743 187
41.27754 213
41.29765 207
41.31777 187
41.33788 208
41.358 202
41.37811 170
41.39822 211
41.41834 180
41.43845 168
41.45856 159
41.47868 185
41.49879 178
41.51891 214
41.53902 193
41.55913 172
41.57925 171
41.59936 187
41.61947 171
41.63959 208
41.6597 191
41.67982 164
41.69993 162
41.72004 164
41.74016 183
41.76027 157
41.78038 189
41.8005 196
41.82061 166
41.84072 173
41.86084 166
41.88095 184
41.90107 200
41.92118 188
41.94129 184
41.96141 213
41.98152 199
42.00163 211
42.02175 206
42.04186 212
42.06198 217
42.08209 195
42.1022 229
42.12232 247
42.14243 280
42.16254 261
42.18266 279
42.20277 301
42.22289 344
42.243 383
42.26311 424
42.28323 495
42.30334 614
42.32345 810
42.34357 902
42.36368 1152
42.38379 1350
42.40391 1506
42.42402 1758
42.44414 1684
42.46425 1521
42.48436 1223
42.50448 1086
42.52459 1009
42.5447 908
42.56482 780
42.58493 558
42.60505 431
42.62516 336
42.64527 284
42.66539 242
42.6855 212
42.70561 215
42.72573 182
42.74584 261
42.76595 221
42.78607 211
42.80618 185
42.8263 170
42.84641 201
42.86652 160
42.88664 192
42.90675 172
42.92686 178
42.94698 171
42.96709 156
42.98721 172
43.00732 149
43.02743 149
43.04755 167
43.06766 160
43.08777 160
43.10789 176
43.128 155
43.14812 147
43.16823 150
43.18834 165
43.20846 159
43.22857 138
43.24868 150
43.2688 142
43.28891 145
43.30902 153
43.32914 174
43.34925 154
43.36937 171
43.38948 185
43.40959 147
43.42971 151
43.44982 166
43.46993 144
43.49005 163
43.51016 160
43.53028 161
43.55039 146
43.5705 150
43.59062 150
43.61073 154
43.63084 156
43.65096 169
43.67107 166
43.69119 166
43.7113 144
43.73141 150
43.75153 132
43.77164 160
43.79175 157
43.81187 151
43.83198 151
43.85209 179
43.87221 140
43.89232 153
43.91244 151
43.93255 161
43.95266 130
43.97278 147
43.99289 159
44.013 164
44.03312 135
44.05323 139
44.07335 136
44.09346 163
44.11357 147
44.13369 140
44.1538 155
44.17391 155
44.19403 170
44.21414 151
44.23426 136
44.25437 178
44.27448 142
44.2946 152
44.31471 160
44.33482 151
44.35494 160
44.37505 162
44.39516 161
44.41528 163
44.43539 159
44.45551 133
44.47562 158
44.49573 137
44.51585 153
44.53596 167
44.55607 141
44.57619 142
44.5963 140
44.61642 167
44.63653 148
44.65664 145
44.67676 158
44.69687 161
44.71698 150
44.7371 156
44.75721 143
44.77732 154
44.79744 166
44.81755 172
44.83767 146
44.85778 153
44.87789 164
44.89801 170
44.91812 167
44.93823 170
44.95835 172
44.97846 159
44.99858 174
45.01869 169
45.0388 159
45.05892 167
45.07903 162
45.09914 171
45.11926 172
45.13937 173
45.15949 166
45.1796 171
45.19971 168
45.21983 163
45.23994 181
45.26005 170
45.28017 170
45.30028 187
45.32039 160
45.34051 191
45.36062 171
45.38074 187
45.40085 197
45.42096 214
45.44108 193
45.46119 210
45.4813 221
45.50142 224
45.52153 231
45.54165 254
45.56176 261
45.58187 290
45.60199 321
45.6221 390
45.64221 455
45.66233 586
45.68244 659
45.70256 710
45.72267 921
45.74278 1062
45.7629 1166
45.78301 1149
45.80312 1017
45.82324 887
45.84335 714
45.86346 645
45.88358 681
45.90369 667
45.92381 542
45.94392 404
45.96403 319
45.98415 233
46.00426 220
46.02437 185
46.04449 176
46.0646 193
46.08472 164
46.10483 201
46.12494 176
46.14506 166
46.16517 162
46.18528 171
46.2054 167
46.22551 157
46.24563 162
46.26574 135
46.28585 180
46.30597 138
46.32608 162
46.34619 166
46.36631 142
46.38642 144
46.40653 165
46.42665 170
46.44676 171
46.46688 152
46.48699 155
46.5071 149
46.52722 136
46.54733 150
46.56744 162
46.58756 154
46.60767 171
46.62779 155
46.6479 152
46.66801 132
46.68813 136
46.70824 138
46.72835 176
46.74847 142
46.76858 146
46.78869 151
46.80881 143
46.82892 142
46.84904 146
46.86915 161
46.88926 151
46.90938 172
46.92949 171
46.9496 155
46.96972 165
46.98983 148
47.00995 143
47.03006 147
47.05017 158
47.07029 150
47.0904 157
47.11051 148
47.13063 159
47.15074 159
47.17086 145
47.19097 156
47.21108 154
47.2312 149
47.25131 132
47.27142 137
47.29154 140
47.31165 148
47.33176 136
47.35188 154
47.37199 131
47.39211 148
47.41222 136
47.43233 144
47.45245 152
47.47256 159
47.49267 144
47.51279 139
47.5329 161
47.55302 142
47.57313 139
47.59324 164
47.61336 153
47.63347 163
47.65358 157
47.6737 155
47.69381 151
47.71393 148
47.73404 144
47.75415 130
47.77427 149
47.79438 130
47.81449 141
47.83461 161
47.85472 127
47.87483 144
47.89495 158
47.91506 149
47.93518 141
47.95529 140
47.9754 168
47.99552 149
48.01563 147
48.03574 154
48.05586 130
48.07597 138
48.09609 144
48.1162 156
48.13631 127
48.15643 146
48.17654 152
48.19665 135
48.21677 153
48.23688 147
48.257 149
48.27711 145
48.29722 147
48.31734 139
48.33745 144
48.35756 144
48.37768 146
48.39779 170
48.4179 140
48.43802 161
48.45813 142
48.47825 148
48.49836 145
48.51847 148
48.53859 133
48.5587 163
48.57881 141
48.59893 148
48.61904 176
48.63916 177
48.65927 162
48.67938 152
48.6995 163
48.71961 158
48.73972 166
48.75984 170
48.77995 161
48.80006 150
48.82018 145
48.84029 149
48.86041 155
48.88052 166
48.90063 182
48.92075 170
48.94086 160
48.96097 168
48.98109 159
49.0012 170
49.02132 157
49.04143 147
49.06154 157
49.08166 158
49.10177 146
49.12188 185
49.142 166
49.16211 154
49.18223 166
49.20234 188
49.22245 171
49.24257 181
49.26268 166
49.28279 162
49.30291 165
49.32302 168
49.34313 178
49.36325 159
49.38336 176
49.40348 191
49.42359 183
49.4437 193
49.46382 166
49.48393 201
49.50404 184
49.52416 178
49.54427 197
49.56439 187
49.5845 209
49.60461 201
49.62473 206
49.64484 178
49.66495 237
49.68507 240
49.70518 264
49.7253 237
49.74541 261
49.76552 314
49.78564 331
49.80575 336
49.82586 373
49.84598 425
49.86609 479
49.8862 576
49.90632 644
49.92643 778
49.94655 909
49.96666 1002
49.98677 1322
50.00689 1688
50.027 1984
50.04711 2318
50.06723 2848
50.08734 3330
50.10746 3525
50.12757 3528
50.14768 3187
50.1678 2657
50.18791 2011
50.20802 1968
50.22814 1836
50.24825 1900
50.26837 1618
50.28848 1348
50.30859 873
50.32871 648
50.34882 457
50.36893 388
50.38905 336
50.40916 327
50.42927 314
50.44939 310
50.4695 270
50.48962 281
50.50973 271
50.52984 279
50.54996 258
50.57007 266
50.59018 251
50.6103 278
50.63041 271
50.65053 231
50.67064 228
50.69075 200
50.71087 207
50.73098 212
50.75109 216
50.77121 203
50.79132 164
50.81143 199
50.83155 165
50.85166 161
50.87178 192
50.89189 159
50.912 198
50.93212 169
50.95223 155
50.97234 153
50.99246 170
51.01257 158
51.03269 143
51.0528 153
51.07291 127
51.09303 156
51.11314 140
51.13325 140
51.15337 152
51.17348 145
51.1936 140
51.21371 144
51.23382 141
51.25394 166
51.27405 146
51.29416 142
51.31428 136
51.33439 117
51.3545 150
51.37462 134
51.39473 140
51.41485 148
51.43496 144
51.45507 143
51.47519 127
51.4953 133
51.51541 125
51.53553 133
51.55564 138
51.57576 120
51.59587 160
51.61598 154
51.6361 129
51.65621 132
51.67632 138
51.69644 122
51.71655 137
51.73667 127
51.75678 124
51.77689 164
51.79701 131
51.81712 152
51.83723 136
51.85735 149
51.87746 135
51.89757 127
51.91769 150
51.9378 139
51.95792 125
51.97803 132
51.99814 138
52.01826 149
52.03837 134
52.05848 165
52.0786 141
52.09871 142
52.11883 126
52.13894 136
52.15905 162
52.17917 147
52.19928 139
52.21939 125
52.23951 121
52.25962 116
52.27974 132
52.29985 148
52.31996 141
52.34008 134
52.36019 142
52.3803 133
52.40042 146
52.42053 134
52.44064 118
52.46076 136
52.48087 137
52.50099 126
52.5211 130
52.54121 139
52.56133 147
52.58144 144
52.60155 125
52.62167 113
52.64178 163
52.6619 154
52.68201 141
52.70212 146
52.72224 119
52.74235 146
52.76246 150
52.78258 138
52.80269 142
52.8228 135
52.84292 136
52.86303 137
52.88315 157
52.90326 138
52.92337 134
52.94349 124
52.9636 132
52.98371 162
53.00383 146
53.02394 144
53.04406 152
53.06417 165
53.08428 138
53.1044 135
53.12451 129
53.14462 142
53.16474 168
53.18485 142
53.20497 142
53.22508 142
53.24519 166
53.26531 149
53.28542 149
53.30553 140
53.32565 141
53.34576 150
53.36587 139
53.38599 138
53.4061 161
53.42622 157
53.44633 146
53.46644 161
53.48656 160
53.50667 159
53.52678 125
53.5469 166
53.56701 158
53.58713 142
53.60724 157
53.62735 155
53.64747 145
53.66758 156
53.68769 163
53.70781 152
53.72792 161
53.74804 166
53.76815 166
53.78826 140
53.80838 158
53.82849 168
53.8486 155
53.86872 149
53.88883 138
53.90894 145
53.92906 153
53.94917 148
53.96929 192
53.9894 139
54.00951 183
54.02963 157
54.04974 156
54.06985 194
54.08997 161
54.11008 196
54.1302 174
54.15031 188
54.17042 184
54.19054 181
54.21065 158
54.23076 161
54.25088 172
54.27099 166
54.29111 199
54.31122 199
54.33133 182
54.35145 181
54.37156 188
54.39167 175
54.41179 191
54.4319 203
54.45201 184
54.47213 195
54.49224 210
54.51236 231
54.53247 251
54.55258 237
54.5727 231
54.59281 250
54.61292 297
54.63304 340
54.65315 367
54.67327 412
54.69338 407
54.71349 486
54.73361 597
54.75372 673
54.77383 776
54.79395 915
54.81406 1061
54.83417 1060
54.85429 1121
54.8744 1005
54.89452 863
54.91463 725
54.93474 598
54.95486 642
54.97497 635
54.99508 613
55.0152 589
55.03531 514
55.05543 378
55.07554 330
55.09565 336
55.11577 309
55.13588 333
55.15599 319
55.17611 344
55.19622 364
55.21634 396
55.23645 446
55.25656 487
55.27668 592
55.29679 554
55.3169 548
55.33702 496
55.35713 421
55.37724 379
55.39736 359
55.41747 349
55.43759 361
55.4577 362
55.47781 303
55.49793 270
55.51804 234
55.53815 223
55.55827 170
55.57838 161
55.5985 159
55.61861 153
55.63872 141
55.65884 166
55.67895 178
55.69906 177
55.71918 166
55.73929 152
55.75941 148
55.77952 146
55.79963 152
55.81975 138
55.83986 157
55.85997 143
55.88009 169
55.9002 152
55.92031 151
55.94043 146
55.96054 126
55.98066 176
56.00077 160
56.02088 140
56.041 145
56.06111 130
56.08122 159
56.10134 168
56.12145 142
56.14157 139
56.16168 140
56.18179 140
56.20191 131
56.22202 169
56.24213 138
56.26225 139
56.28236 125
56.30248 149
56.32259 147
56.3427 156
56.36282 153
56.38293 152
56.40304 138
56.42316 159
56.44327 132
56.46338 135
56.4835 156
56.50361 131
56.52373 135
56.54384 140
56.56395 136
56.58407 138
56.60418 147
56.62429 132
56.64441 131
56.66452 143
56.68464 144
56.70475 138
56.72486 157
56.74498 136
56.76509 141
56.7852 146
56.80532 123
56.82543 141
56.84554 150
56.86566 144
56.88577 133
56.90589 138
56.926 143
56.94611 121
56.96623 139
56.98634 143
57.00645 148
57.02657 139
57.04668 148
57.0668 144
57.08691 175
57.10702 174
57.12714 178
57.14725 151
57.16736 190
57.18748 174
57.20759 182
57.22771 185
57.24782 190
57.26793 154
57.28805 180
57.30816 162
57.32827 152
57.34839 168
57.3685 169
57.38861 152
57.40873 149
57.42884 148
57.44896 125
57.46907 121
57.48918 136
57.5093 137
57.52941 138
57.54952 131
57.56964 140
57.58975 150
57.60987 133
57.62998 140
57.65009 153
57.67021 151
57.69032 130
57.71043 138
57.73055 136
57.75066 131
57.77078 145
57.79089 130
57.811 111
57.83112 141
57.85123 144
57.87134 120
57.89146 132
57.91157 145
57.93168 148
57.9518 133
57.97191 132
57.99203 119
58.01214 136
58.03225 132
58.05237 137
58.07248 148
58.09259 162
58.11271 140
58.13282 144
58.15294 113
58.17305 133
58.19316 134
58.21328 130
58.23339 135
58.2535 120
58.27362 134
58.29373 145
58.31385 151
58.33396 135
58.35407 133
58.37419 154
58.3943 105
58.41441 132
58.43453 142
58.45464 144
58.47475 143
58.49487 126
58.51498 120
58.5351 146
58.55521 138
58.57532 141
58.59544 137
58.61555 130
58.63566 142
58.65578 128
58.67589 139
58.69601 135
58.71612 131
58.73623 140
58.75635 133
58.77646 128
58.79657 119
58.81669 142
58.8368 125
58.85691 167
58.87703 144
58.89714 125
58.91726 146
58.93737 168
58.95748 136
58.9776 143
58.99771 153
59.01782 146
59.03794 138
59.05805 139
59.07817 152
59.09828 172
59.11839 161
59.13851 171
59.15862 167
59.17873 145
59.19885 122
59.21896 146
59.23908 159
59.25919 146
59.2793 164
59.29942 166
59.31953 173
59.33964 175
59.35976 170
59.37987 162
59.39998 191
59.4201 177
59.44021 182
59.46033 200
59.48044 209
59.50055 205
59.52067 225
59.54078 244
59.56089 255
59.58101 276
59.60112 300
59.62124 317
59.64135 346
59.66146 371
59.68158 410
59.70169 429
59.7218 502
59.74192 595
59.76203 689
59.78215 828
59.80226 1027
59.82237 1192
59.84249 1384
59.8626 1608
59.88271 1792
59.90283 2009
59.92294 2124
59.94305 2099
59.96317 1758
59.98328 1500
60.0034 1186
60.02351 1070
60.04362 1089
60.06374 1119
60.08385 1115
60.10396 1081
60.12408 893
60.14419 708
60.16431 566
60.18442 374
60.20453 293
60.22465 254
60.24476 217
60.26487 215
60.28499 212
60.3051 196
60.32522 174
60.34533 192
60.36544 200
60.38556 180
60.40567 171
60.42578 167
60.4459 171
60.46601 143
60.48612 172
60.50624 154
60.52635 177
60.54647 160
60.56658 157
60.58669 153
60.60681 126
60.62692 117
60.64703 152
60.66715 150
60.68726 153
60.70738 163
60.72749 147
60.7476 116
60.76772 159
60.78783 150
60.80794 140
60.82806 125
60.84817 140
60.86828 133
60.8884 130
60.90851 137
60.92863 148
60.94874 149
60.96885 152
60.98897 132
61.00908 128
61.02919 128
61.04931 125
61.06942 145
61.08954 142
61.10965 122
61.12976 102
61.14988 135
61.16999 160
61.1901 132
61.21022 116
61.23033 138
61.25045 140
61.27056 130
61.29067 138
61.31079 124
61.3309 127
61.35101 131
61.37113 125
61.39124 129
61.41135 149
61.43147 122
61.45158 138
61.4717 133
61.49181 144
61.51192 149
61.53204 135
61.55215 130
61.57226 141
61.59238 128
61.61249 116
61.63261 129
61.65272 127
61.67283 132
61.69295 141
61.71306 158
61.73317 144
61.75329 118
61.7734 131
61.79352 147
61.81363 131
61.83374 111
61.85386 139
61.87397 146
61.89408 147
61.9142 143
61.93431 139
61.95442 146
61.97454 144
61.99465 128
62.01477 141
62.03488 149
62.05499 145
62.07511 149
62.09522 169
62.11533 155
62.13545 163
62.15556 154
62.17568 161
62.19579 184
62.2159 161
62.23602 192
62.25613 147
62.27624 155
62.29636 172
62.31647 174
62.33659 176
62.3567 195
62.37681 178
62.39693 171
62.41704 181
62.43715 167
62.45727 137
62.47738 141
62.49749 177
62.51761 144
62.53772 155
62.55784 155
62.57795 142
62.59806 142
62.61818 147
62.63829 126
62.6584 147
62.67852 148
62.69863 139
62.71875 117
62.73886 134
62.75897 148
62.77909 129
62.7992 151
62.81931 122
62.83943 125
62.85954 159
62.87965 125
62.89977 132
62.91988 150
62.94 133
62.96011 135
62.98022 136
63.00034 125
63.02045 140
63.04056 117
63.06068 130
63.08079 124
63.10091 117
63.12102 147
63.14113 134
63.16125 104
63.18136 125
63.20147 129
63.22159 145
63.2417 109
63.26182 150
63.28193 112
63.30204 138
63.32216 138
63.34227 139
63.36238 130
63.3825 148
63.40261 143
63.42272 123
63.44284 142
63.46295 154
63.48307 147
63.50318 141
63.52329 147
63.54341 141
63.56352 127
63.58363 136
63.60375 157
63.62386 174
63.64398 155
63.66409 160
63.6842 160
63.70432 174
63.72443 172
63.74454 173
63.76466 182
63.78477 196
63.80489 188
63.825 229
63.84511 234
63.86523 249
63.88534 267
63.90545 343
63.92557 350
63.94568 390
63.96579 512
63.98591 452
64.00602 498
64.02614 467
64.04625 428
64.06636 354
64.08648 294
64.10659 293
64.1267 287
64.14682 309
64.16693 320
64.18705 305
64.20716 275
64.22727 217
64.24739 204
64.2675 180
64.28761 176
64.30773 151
64.32784 150
64.34796 132
64.36807 143
64.38818 146
64.4083 138
64.42841 144
64.44852 146
64.46864 137
64.48875 118
64.50886 134
64.52898 141
64.54909 132
64.56921 119
64.58932 116
64.60943 122
64.62955 130
64.64966 117
64.66977 123
64.68989 127
64.71 123
64.73012 121
64.75023 114
64.77034 97
64.79046 138
64.81057 133
64.83068 136
64.8508 145
64.87091 134
64.89102 98
64.91114 133
64.93125 134
64.95137 118
64.97148 124
64.99159 128
65.01171 129
65.03182 119
65.05193 141
65.07205 120
65.09216 115
65.11228 113
65.13239 134
65.1525 120
65.17262 131
65.19273 137
65.21284 122
65.23296 143
65.25307 126
65.27319 134
65.2933 126
65.31341 116
65.33353 140
65.35364 136
65.37375 143
65.39387 156
65.41398 126
65.43409 139
65.45421 130
65.47432 133
65.49444 137
65.51455 122
65.53466 144
65.55478 153
65.57489 167
65.595 156
65.61512 193
65.63523 151
65.65535 188
65.67546 200
65.69557 197
65.71569 217
65.7358 213
65.75591 235
65.77603 215
65.79614 213
65.81626 173
65.83637 184
65.85648 171
65.8766 172
65.89671 183
65.91682 177
65.93694 168
65.95705 158
65.97716 145
65.99728 147
66.01739 154
66.03751 130
66.05762 146
66.07773 138
66.09785 125
66.11796 150
66.13807 139
66.15819 129
66.1783 146
66.19842 137
66.21853 124
66.23864 115
66.25876 128
66.27887 143
66.29898 143
66.3191 122
66.33921 123
66.35933 136
66.37944 165
66.39955 132
66.41967 131
66.43978 138
66.45989 124
66.48001 139
66.50012 139
66.52023 141
66.54035 125
66.56046 127
66.58058 140
66.60069 138
66.6208 127
66.64092 135
66.66103 133
66.68114 138
66.70126 134
66.72137 142
66.74149 146
66.7616 139
66.78171 124
66.80183 156
66.82194 140
66.84205 120
66.86217 158
66.88228 146
66.90239 152
66.92251 163
66.94262 168
66.96274 165
66.98285 158
67.00296 143
67.02308 160
67.04319 138
67.0633 160
67.08342 162
67.10353 154
67.12365 164
67.14376 162
67.16387 176
67.18399 170
67.2041 159
67.22421 162
67.24433 165
67.26444 190
67.28456 185
67.30467 198
67.32478 188
67.3449 206
67.36501 227
67.38512 231
67.40524 272
67.42535 283
67.44546 296
67.46558 305
67.48569 347
67.50581 392
67.52592 432
67.54603 496
67.56615 574
67.58626 664
67.60637 769
67.62649 863
67.6466 990
67.66672 1119
67.68683 1200
67.70694 1219
67.72706 1176
67.74717 1117
67.76728 992
67.7874 819
67.80751 772
67.82763 819
67.84774 815
67.86785 842
67.88797 895
67.90808 968
67.92819 990
67.94831 895
67.96842 945
67.98853 980
68.00865 1014
68.02876 1141
68.04888 1303
68.06899 1478
68.0891 1564
68.10922 1660
68.12933 1647
68.14944 1573
68.16956 1490
68.18967 1277
68.20979 1324
68.2299 1288
68.25001 1402
68.27013 1461
68.29024 1431
68.31035 1403
68.33047 1172
68.35058 978
68.3707 776
68.39081 714
68.41092 622
68.43104 620
68.45115 583
68.47126 591
68.49138 510
68.51149 462
68.5316 342
68.55172 327
68.57183 268
68.59195 233
68.61206 231
68.63217 222
68.65229 196
68.6724 198
68.69251 187
68.71263 192
68.73274 162
68.75286 169
68.77297 164
68.79308 172
68.8132 163
68.83331 159
68.85342 135
68.87354 147
68.89365 154
68.91376 154
68.93388 141
68.95399 148
68.97411 127
68.99422 152
69.01433 136
69.03445 125
69.05456 146
69.07467 138
69.09479 142
69.1149 146
69.13502 129
69.15513 118
69.17524 136
69.19536 111
69.21547 146
69.23558 120
69.2557 123
69.27581 130
69.29593 127
69.31604 129
69.33615 137
69.35627 121
69.37638 131
69.39649 116
69.41661 116
69.43672 133
69.45683 130
69.47695 113
69.49706 126
69.51718 121
69.53729 137
69.5574 153
69.57752 130
69.59763 121
69.61774 152
69.63786 132
69.65797 148
69.67809 140
69.6982 135
69.71831 126
69.73843 123
69.75854 138
69.77865 135
69.79877 121
69.81888 119
69.839 145
69.85911 112
69.87922 119
69.89934 134
69.91945 129
69.93956 141
69.95968 140
69.97979 112
69.9999 124
70.02002 118
70.04013 124
70.06025 127
70.08036 147
70.10047 118
70.12059 136
70.1407 108
70.16081 126
70.18093 111
70.20104 114
70.22116 121
70.24127 97
70.26138 104
70.2815 130
70.30161 110
70.32172 116
70.34184 106
70.36195 128
70.38207 109
70.40218 131
70.42229 124
70.44241 121
70.46252 108
70.48263 117
70.50275 109
70.52286 108
70.54297 107
70.56309 124
70.5832 117
70.60332 118
70.62343 107
70.64354 121
70.66366 100
70.68377 122
70.70388 113
70.724 127
70.74411 107
70.76423 119
70.78434 116
70.80445 106
70.82457 109
70.84468 125
70.86479 121
70.88491 120
70.90502 125
70.92513 123
70.94525 109
70.96536 115
70.98548 140
71.00559 107
71.0257 117
71.04582 112
71.06593 92
71.08604 102
71.10616 117
71.12627 119
71.14639 109
71.1665 106
71.18661 118
71.20673 124
71.22684 113
71.24695 111
71.26707 105
71.28718 107
71.3073 100
71.32741 109
71.34752 128
71.36764 120
71.38775 130
71.40786 117
71.42798 102
71.44809 126
71.4682 108
71.48832 125
71.50843 123
71.52855 120
71.54866 114
71.56877 126
71.58889 120
71.609 98
71.62911 103
71.64923 122
71.66934 118
71.68946 136
71.70957 111
71.72968 134
71.7498 125
71.76991 125
71.79002 140
71.81014 109
71.83025 116
71.85037 107
71.87048 102
71.89059 127
71.91071 124
71.93082 127
71.95093 153
71.97105 126
71.99116 113
72.01127 119
72.03139 105
72.0515 126
72.07162 123
72.09173 127
72.11184 115
72.13196 96
72.15207 106
72.17218 100
72.1923 127
72.21241 113
72.23253 116
72.25264 109
72.27275 92
72.29287 119
72.31298 101
72.33309 110
72.35321 118
72.37332 124
72.39344 113
72.41355 108
72.43366 108
72.45378 117
72.47389 95
72.494 132
72.51412 110
72.53423 118
72.55434 107
72.57446 122
72.59457 88
72.61469 111
72.6348 119
72.65491 100
72.67503 129
72.69514 114
72.71525 113
72.73537 101
72.75548 108
72.7756 124
72.79571 89
72.81582 116
72.83594 113
72.85605 116
72.87616 115
72.89628 123
72.91639 115
72.9365 120
72.95662 122
72.97673 130
72.99685 138
73.01696 161
73.03707 138
73.05719 153
73.0773 144
73.09741 149
73.11753 144
73.13764 156
73.15776 152
73.17787 159
73.19798 185
73.2181 179
73.23821 213
73.25832 236
73.27844 261
73.29855 281
73.31867 322
73.33878 327
73.35889 350
73.37901 413
73.39912 420
73.41923 459
73.43935 492
73.45946 449
73.47957 397
73.49969 334
73.5198 291
73.53992 280
73.56003 277
73.58014 283
73.60026 299
73.62037 263
73.64048 272
73.6606 316
73.68071 257
73.70083 212
73.72094 185
73.74105 150
73.76117 158
73.78128 154
73.80139 151
73.82151 149
73.84162 134
73.86174 123
73.88185 143
73.90196 136
73.92208 128
73.94219 129
73.9623 115
73.98242 124
74.00253 113
74.02264 113
74.04276 119
74.06287 111
74.08299 102
74.1031 123
74.12321 110
74.14333 109
74.16344 100
74.18355 116
74.20367 118
74.22378 109
74.2439 105
74.26401 104
74.28412 99
74.30424 121
74.32435 116
74.34446 123
74.36458 124
74.38469 116
74.40481 105
74.42492 123
74.44503 108
74.46515 104
74.48526 120
74.50537 114
74.52549 116
74.5456 116
74.56571 131
74.58583 95
74.60594 133
74.62606 100
74.64617 108
74.66628 106
74.6864 136
74.70651 125
74.72662 125
74.74674 118
74.76685 118
74.78697 108
74.80708 115
74.82719 140
74.84731 136
74.86742 119
74.88753 113
74.90765 135
74.92776 121
74.94787 120
74.96799 97
74.9881 107
75.00822 118
