3.00117 19827
3.02128 18873
3.0414 18769
3.06151 17835
3.08162 17687
3.10174 17172
3.12185 16493
3.14197 16380
3.16208 15320
3.18219 15591
3.20231 14757
3.22242 14093
3.24253 14148
3.26265 13282
3.28276 13153
3.30288 12501
3.32299 12064
3.3431 11817
3.36322 11408
3.38333 11232
3.40344 10599
3.42356 10513
3.44367 10185
3.46379 9655
3.4839 9421
3.50401 9106
3.52413 8688
3.54424 8445
3.56435 8127
3.58447 7836
3.60458 7488
3.62469 7047
3.64481 6913
3.66492 6739
3.68504 6403
3.70515 6025
3.72526 6019
3.74538 5853
3.76549 5434
3.7856 5201
3.80572 5088
3.82583 4783
3.84595 4840
3.86606 4364
3.88617 4288
3.90629 4121
3.9264 4014
3.94651 3940
3.96663 3593
3.98674 3434
4.00686 3238
4.02697 2948
4.04708 3157
4.0672 2896
4.08731 2902
4.10742 2615
4.12754 2453
4.14765 2405
4.16776 2419
4.18788 2240
4.20799 2083
4.22811 2061
4.24822 2023
4.26833 1978
4.28845 1846
4.30856 1758
4.32867 1739
4.34879 1751
4.3689 1682
4.38902 1563
4.40913 1572
4.42924 1464
4.44936 1528
4.46947 1436
4.48958 1264
4.5097 1303
4.52981 1251
4.54992 1373
4.57004 1269
4.59015 1115
4.61027 1096
4.63038 1122
4.65049 1190
4.67061 1203
4.69072 1116
4.71083 1042
4.73095 1076
4.75106 1055
4.77118 1039
4.79129 892
4.8114 964
4.83152 856
4.85163 938
4.87174 876
4.89186 822
4.91197 828
4.93209 800
4.9522 834
4.97231 816
4.99243 748
5.01254 765
5.03265 748
5.05277 688
5.07288 703
5.09299 641
5.11311 681
5.13322 627
5.15334 696
5.17345 628
5.19356 592
5.21368 616
5.23379 609
5.2539 543
5.27402 614
5.29413 508
5.31425 591
5.33436 522
5.35447 516
5.37459 547
5.3947 475
5.41481 508
5.43493 485
5.45504 512
5.47516 501
5.49527 432
5.51538 422
5.5355 458
5.55561 445
5.57572 437
5.59584 371
5.61595 397
5.63606 429
5.65618 369
5.67629 387
5.69641 391
5.71652 407
5.73663 400
5.75675 365
5.77686 299
5.79697 348
5.81709 340
5.8372 350
5.85732 320
5.87743 339
5.89754 385
5.91766 376
5.93777 335
5.95788 316
5.978 342
5.99811 262
6.01823 309
6.03834 312
6.05845 312
6.07857 323
6.09868 319
6.11879 318
6.13891 285
6.15902 289
6.17913 310
6.19925 264
6.21936 322
6.23948 317
6.25959 313
6.2797 264
6.29982 329
6.31993 312
6.34004 303
6.36016 295
6.38027 290
6.40039 296
6.4205 286
6.44061 278
6.46073 258
6.48084 272
6.50095 275
6.52107 298
6.54118 281
6.56129 283
6.58141 260
6.60152 259
6.62164 268
6.64175 256
6.66186 251
6.68198 269
6.70209 271
6.7222 275
6.74232 272
6.76243 273
6.78255 253
6.80266 265
6.82277 260
6.84289 279
6.863 255
6.88311 269
6.90323 294
6.92334 269
6.94346 287
6.96357 253
6.98368 284
7.0038 259
7.02391 232
7.04402 253
7.06414 257
7.08425 268
7.10436 276
7.12448 286
7.14459 277
7.16471 289
7.18482 291
7.20493 310
7.22505 246
7.24516 287
7.26527 263
7.28539 264
7.3055 271
7.32562 251
7.34573 287
7.36584 250
7.38596 267
7.40607 277
7.42618 280
7.4463 275
7.46641 280
7.48653 277
7.50664 267
7.52675 265
7.54687 244
7.56698 255
7.58709 290
7.60721 259
7.62732 311
7.64743 235
7.66755 282
7.68766 267
7.70778 258
7.72789 267
7.748 267
7.76812 274
7.78823 241
7.80834 250
7.82846 273
7.84857 268
7.86869 296
7.8888 277
7.90891 299
7.92903 258
7.94914 275
7.96925 236
7.98937 303
8.00948 259
8.0296 267
8.04971 260
8.06982 280
8.08994 286
8.11005 277
8.13016 262
8.15028 241
8.17039 255
8.1905 257
8.21062 284
8.23073 264
8.25085 235
8.27096 256
8.29107 247
8.31119 240
8.3313 253
8.35141 310
8.37153 305
8.39164 276
8.41176 278
8.43187 281
8.45198 265
8.4721 302
8.49221 325
8.51232 327
8.53244 287
8.55255 276
8.57266 264
8.59278 289
8.61289 249
8.63301 242
8.65312 283
8.67323 307
8.69335 279
8.71346 275
8.73357 267
8.75369 269
8.7738 280
8.79392 292
8.81403 303
8.83414 267
8.85426 245
8.87437 278
8.89448 269
8.9146 304
8.93471 296
8.95483 272
8.97494 301
8.99505 285
9.01517 262
9.03528 286
9.05539 272
9.07551 252
9.09562 261
9.11573 274
9.13585 238
9.15596 295
9.17608 289
9.19619 274
9.2163 274
9.23642 283
9.25653 311
9.27664 248
9.29676 286
9.31687 292
9.33699 309
9.3571 275
9.37721 262
9.39733 266
9.41744 307
9.43755 269
9.45767 307
9.47778 286
9.4979 296
9.51801 312
9.53812 275
9.55824 293
9.57835 275
9.59846 270
9.61858 265
9.63869 272
9.6588 265
9.67892 267
9.69903 271
9.71915 277
9.73926 260
9.75937 279
9.77949 275
9.7996 261
9.81971 265
9.83983 261
9.85994 283
9.88006 277
9.90017 292
9.92028 288
9.9404 268
9.96051 276
9.98062 275
10.00074 287
10.02085 277
10.04097 276
10.06108 256
10.08119 279
10.10131 269
10.12142 274
10.14153 265
10.16165 311
10.18176 288
10.20187 260
10.22199 267
10.2421 297
10.26222 309
10.28233 295
10.30244 285
10.32256 238
10.34267 315
10.36278 286
10.3829 297
10.40301 313
10.42313 269
10.44324 288
10.46335 270
10.48347 281
10.50358 269
10.52369 245
10.54381 271
10.56392 278
10.58403 252
10.60415 280
10.62426 302
10.64438 304
10.66449 278
10.6846 257
10.70472 303
10.72483 251
10.74494 281
10.76506 290
10.78517 307
10.80529 285
10.8254 287
10.84551 277
10.86563 288
10.88574 272
10.90585 310
10.92597 307
10.94608 305
10.9662 304
10.98631 272
11.00642 261
11.02654 245
11.04665 288
11.06676 285
11.08688 275
11.10699 258
11.1271 260
11.14722 261
11.16733 254
11.18745 309
11.20756 302
11.22767 287
11.24779 296
11.2679 268
11.28801 289
11.30813 270
11.32824 302
11.34836 267
11.36847 302
11.38858 302
11.4087 285
11.42881 304
11.44892 285
11.46904 293
11.48915 281
11.50927 266
11.52938 267
11.54949 283
11.56961 292
11.58972 278
11.60983 268
11.62995 305
11.65006 328
11.67017 290
11.69029 292
11.7104 282
11.73052 278
11.75063 302
11.77074 288
11.79086 316
11.81097 308
11.83108 313
11.8512 335
11.87131 343
11.89143 301
11.91154 308
11.93165 317
11.95177 336
11.97188 343
11.99199 399
12.01211 367
12.03222 364
12.05234 359
12.07245 377
12.09256 369
12.11268 383
12.13279 426
12.1529 414
12.17302 436
12.19313 437
12.21324 462
12.23336 461
12.25347 470
12.27359 470
12.2937 460
12.31381 469
12.33393 450
12.35404 431
12.37415 424
12.39427 436
12.41438 439
12.4345 362
12.45461 339
12.47472 328
12.49484 296
12.51495 281
12.53506 283
12.55518 324
12.57529 332
12.5954 299
12.61552 301
12.63563 281
12.65575 275
12.67586 279
12.69597 274
12.71609 258
12.7362 278
12.75631 284
12.77643 265
12.79654 263
12.81666 276
12.83677 250
12.85688 283
12.877 271
12.89711 259
12.91722 276
12.93734 279
12.95745 270
12.97757 270
12.99768 256
13.01779 261
13.03791 247
13.05802 268
13.07813 260
13.09825 274
13.11836 275
13.13847 264
13.15859 288
13.1787 253
13.19882 269
13.21893 231
13.23904 263
13.25916 249
13.27927 282
13.29938 243
13.3195 269
13.33961 255
13.35973 259
13.37984 248
13.39995 271
13.42007 239
13.44018 255
13.46029 226
13.48041 298
13.50052 265
13.52064 268
13.54075 265
13.56086 245
13.58098 217
13.60109 255
13.6212 264
13.64132 262
13.66143 242
13.68154 245
13.70166 266
13.72177 273
13.74189 275
13.762 253
13.78211 234
13.80223 261
13.82234 238
13.84245 229
13.86257 261
13.88268 258
13.9028 296
13.92291 228
13.94302 222
13.96314 254
13.98325 259
14.00336 275
14.02348 223
14.04359 241
14.06371 264
14.08382 268
14.10393 307
14.12405 267
14.14416 279
14.16427 258
14.18439 257
14.2045 249
14.22461 256
14.24473 226
14.26484 279
14.28496 239
14.30507 260
14.32518 262
14.3453 239
14.36541 249
14.38552 226
14.40564 248
14.42575 262
14.44587 243
14.46598 258
14.48609 255
14.50621 249
14.52632 224
14.54643 250
14.56655 253
14.58666 259
14.60677 249
14.62689 237
14.647 240
14.66712 272
14.68723 224
14.70734 251
14.72746 240
14.74757 241
14.76768 231
14.7878 221
14.80791 275
14.82803 256
14.84814 223
14.86825 254
14.88837 236
14.90848 245
14.92859 240
14.94871 217
14.96882 273
14.98894 228
15.00905 235
15.02916 247
15.04928 227
15.06939 256
15.0895 251
15.10962 220
15.12973 232
15.14984 249
15.16996 235
15.19007 226
15.21019 227
15.2303 241
15.25041 241
15.27053 243
15.29064 265
15.31075 222
15.33087 238
15.35098 237
15.3711 231
15.39121 231
15.41132 233
15.43144 247
15.45155 257
15.47166 262
15.49178 242
15.51189 227
15.53201 240
15.55212 229
15.57223 248
15.59235 244
15.61246 205
15.63257 227
15.65269 250
15.6728 219
15.69291 212
15.71303 212
15.73314 246
15.75326 216
15.77337 234
15.79348 231
15.8136 252
15.83371 251
15.85382 194
15.87394 237
15.89405 210
15.91417 215
15.93428 225
15.95439 222
15.97451 213
15.99462 218
16.01473 254
16.03485 209
16.05496 232
16.07508 241
16.09519 247
16.1153 237
16.13542 238
16.15553 221
16.17564 230
16.19576 227
16.21587 207
16.23598 220
16.2561 209
16.27621 241
16.29633 230
16.31644 215
16.33655 247
16.35667 220
16.37678 231
16.39689 209
16.41701 217
16.43712 247
16.45724 237
16.47735 242
16.49746 247
16.51758 210
16.53769 218
16.5578 244
16.57792 244
16.59803 246
16.61814 241
16.63826 225
16.65837 242
16.67849 266
16.6986 206
16.71871 232
16.73883 255
16.75894 245
16.77905 240
16.79917 227
16.81928 239
16.8394 201
16.85951 242
16.87962 231
16.89974 247
16.91985 210
16.93996 217
16.96008 238
16.98019 212
17.00031 211
17.02042 210
17.04053 208
17.06065 200
17.08076 222
17.10087 227
17.12099 219
17.1411 234
17.16121 231
17.18133 214
17.20144 219
17.22156 206
17.24167 241
17.26178 226
17.2819 207
17.30201 250
17.32212 251
17.34224 246
17.36235 238
17.38247 242
17.40258 237
17.42269 220
17.44281 259
17.46292 228
17.48303 224
17.50315 224
17.52326 244
17.54338 245
17.56349 220
17.5836 221
17.60372 228
17.62383 251
17.64394 241
17.66406 249
17.68417 212
17.70428 235
17.7244 243
17.74451 256
17.76463 253
17.78474 228
17.80485 246
17.82497 239
17.84508 245
17.86519 221
17.88531 255
17.90542 245
17.92554 207
17.94565 247
17.96576 252
17.98588 250
18.00599 265
18.0261 239
18.04622 208
18.06633 250
18.08645 238
18.10656 234
18.12667 230
18.14679 216
18.1669 239
18.18701 226
18.20713 247
18.22724 240
18.24735 226
18.26747 206
18.28758 211
18.3077 246
18.32781 255
18.34792 246
18.36804 234
18.38815 226
18.40826 226
18.42838 213
18.44849 225
18.46861 236
18.48872 248
18.50883 228
18.52895 252
18.54906 247
18.56917 225
18.58929 260
18.6094 227
18.62951 235
18.64963 231
18.66974 221
18.68986 222
18.70997 243
18.73008 246
18.7502 268
18.77031 245
18.79042 236
18.81054 253
18.83065 224
18.85077 233
18.87088 233
18.89099 233
18.91111 241
18.93122 242
18.95133 251
18.97145 240
18.99156 223
19.01168 244
19.03179 214
19.0519 242
19.07202 233
19.09213 221
19.11224 259
19.13236 247
19.15247 246
19.17258 231
19.1927 243
19.21281 238
19.23293 242
19.25304 253
19.27315 260
19.29327 217
19.31338 235
19.33349 256
19.35361 244
19.37372 247
19.39384 252
19.41395 218
19.43406 259
19.45418 272
19.47429 284
19.4944 250
19.51452 267
19.53463 270
19.55475 265
19.57486 299
19.59497 318
19.61509 315
19.6352 309
19.65531 363
19.67543 351
19.69554 346
19.71565 318
19.73577 366
19.75588 390
19.776 374
19.79611 397
19.81622 381
19.83634 405
19.85645 451
19.87656 392
19.89668 431
19.91679 407
19.93691 407
19.95702 372
19.97713 396
19.99725 342
20.01736 363
20.03747 400
20.05759 397
20.0777 406
20.09782 399
20.11793 356
20.13804 440
20.15816 381
20.17827 401
20.19838 433
20.2185 435
20.23861 418
20.25872 432
20.27884 443
20.29895 445
20.31907 381
20.33918 472
20.35929 498
20.37941 473
20.39952 484
20.41963 517
20.43975 509
20.45986 541
20.47998 549
20.50009 633
20.5202 640
20.54032 705
20.56043 758
20.58054 909
20.60066 1104
20.62077 1391
20.64088 1746
20.661 2241
20.68111 2896
20.70123 3477
20.72134 4121
20.74145 4666
20.76157 5117
20.78168 5269
20.80179 5054
20.82191 4566
20.84202 3866
20.86214 3030
20.88225 2316
20.90236 1693
20.92248 1154
20.94259 900
20.9627 710
20.98282 615
21.00293 620
21.02305 582
21.04316 533
21.06327 548
21.08339 486
21.1035 491
21.12361 474
21.14373 470
21.16384 490
21.18395 526
21.20407 480
21.22418 436
21.2443 442
21.26441 459
21.28452 506
21.30464 437
21.32475 433
21.34486 474
21.36498 446
21.38509 427
21.40521 429
21.42532 401
21.44543 383
21.46555 357
21.48566 418
21.50577 362
21.52589 409
21.546 375
21.56612 343
21.58623 373
21.60634 370
21.62646 378
21.64657 345
21.66668 358
21.6868 331
21.70691 363
21.72702 350
21.74714 374
21.76725 331
21.78737 350
21.80748 382
21.82759 340
21.84771 381
21.86782 331
21.88793 354
21.90805 358
21.92816 318
21.94828 341
21.96839 349
21.9885 328
22.00862 368
22.02873 335
22.04884 329
22.06896 321
22.08907 317
22.10919 317
22.1293 326
22.14941 306
22.16953 348
22.18964 320
22.20975 319
22.22987 311
22.24998 283
22.27009 308
22.29021 324
22.31032 334
22.33044 326
22.35055 296
22.37066 310
22.39078 319
22.41089 322
22.431 330
22.45112 297
22.47123 300
22.49135 289
22.51146 307
22.53157 292
22.55169 290
22.5718 279
22.59191 345
22.61203 301
22.63214 289
22.65225 308
22.67237 288
22.69248 303
22.7126 310
22.73271 272
22.75282 292
22.77294 287
22.79305 288
22.81316 303
22.83328 296
22.85339 301
22.87351 303
22.89362 295
22.91373 302
22.93385 255
22.95396 274
22.97407 270
22.99419 285
23.0143 311
23.03442 296
23.05453 312
23.07464 334
23.09476 287
23.11487 333
23.13498 310
23.1551 283
23.17521 308
23.19532 245
23.21544 332
23.23555 274
23.25567 268
23.27578 278
23.29589 309
23.31601 309
23.33612 281
23.35623 286
23.37635 294
23.39646 296
23.41658 285
23.43669 287
23.4568 282
23.47692 304
23.49703 298
23.51714 323
23.53726 280
23.55737 308
23.57749 331
23.5976 259
23.61771 287
23.63783 305
23.65794 276
23.67805 324
23.69817 300
23.71828 291
23.73839 278
23.75851 312
23.77862 306
23.79874 309
23.81885 338
23.83896 373
23.85908 324
23.87919 340
23.8993 361
23.91942 378
23.93953 333
23.95965 351
23.97976 341
23.99987 333
24.01999 296
24.0401 325
24.06021 309
24.08033 297
24.10044 320
24.12056 322
24.14067 310
24.16078 338
24.1809 352
24.20101 307
24.22112 306
24.24124 282
24.26135 329
24.28146 282
24.30158 304
24.32169 284
24.34181 334
24.36192 320
24.38203 301
24.40215 269
24.42226 314
24.44237 345
24.46249 290
24.4826 375
24.50272 319
24.52283 308
24.54294 321
24.56306 314
24.58317 370
24.60328 341
24.6234 371
24.64351 368
24.66362 396
24.68374 411
24.70385 414
24.72397 406
24.74408 426
24.76419 405
24.78431 461
24.80442 413
24.82453 417
24.84465 429
24.86476 415
24.88488 394
24.90499 410
24.9251 403
24.94522 381
24.96533 392
24.98544 352
25.00556 371
25.02567 361
25.04579 336
25.0659 381
25.08601 392
25.10613 349
25.12624 347
25.14635 351
25.16647 361
25.18658 344
25.20669 340
25.22681 356
25.24692 332
25.26704 365
25.28715 341
25.30726 335
25.32738 334
25.34749 359
25.3676 343
25.38772 305
25.40783 363
25.42795 370
25.44806 346
25.46817 354
25.48829 371
25.5084 393
25.52851 392
25.54863 396
25.56874 404
25.58886 382
25.60897 455
25.62908 434
25.6492 463
25.66931 438
25.68942 472
25.70954 467
25.72965 439
25.74976 482
25.76988 499
25.78999 460
25.81011 490
25.83022 517
25.85033 514
25.87045 471
25.89056 517
25.91067 544
25.93079 591
25.9509 536
25.97102 567
25.99113 553
26.01124 621
26.03136 680
26.05147 744
26.07158 755
26.0917 789
26.11181 829
26.13193 858
26.15204 898
26.17215 1033
26.19227 1166
26.21238 1214
26.23249 1285
26.25261 1532
26.27272 1718
26.29283 2135
26.31295 2504
26.33306 3041
26.35318 3848
26.37329 4878
26.3934 6442
26.41352 8243
26.43363 10404
26.45374 13118
26.47386 15844
26.49397 18697
26.51409 21348
26.5342 23212
26.55431 23440
26.57443 22514
26.59454 20424
26.61465 17834
26.63477 14217
26.65488 10403
26.67499 7851
26.69511 5564
26.71522 3771
26.73534 2482
26.75545 1867
26.77556 1547
26.79568 1316
26.81579 1159
26.8359 1060
26.85602 1023
26.87613 923
26.89625 869
26.91636 750
26.93647 787
26.95659 689
26.9767 650
26.99681 643
27.01693 600
27.03704 558
27.05716 584
27.07727 549
27.09738 539
27.1175 448
27.13761 455
27.15772 491
27.17784 436
27.19795 451
27.21806 473
27.23818 488
27.25829 441
27.27841 521
27.29852 491
27.31863 503
27.33875 482
27.35886 456
27.37897 470
27.39909 449
27.4192 499
27.43932 435
27.45943 447
27.47954 427
27.49966 418
27.51977 394
27.53988 416
27.56 381
27.58011 421
27.60023 397
27.62034 350
27.64045 394
27.66057 385
27.68068 410
27.70079 419
27.72091 419
27.74102 420
27.76113 391
27.78125 351
27.80136 365
27.82148 382
27.84159 382
27.8617 401
27.88182 392
27.90193 403
27.92204 397
27.94216 344
27.96227 381
27.98239 374
28.0025 367
28.02261 318
28.04273 327
28.06284 319
28.08295 314
28.10307 314
28.12318 336
28.1433 339
28.16341 357
28.18352 315
28.20364 304
28.22375 301
28.24386 313
28.26398 322
28.28409 275
28.3042 306
28.32432 256
28.34443 330
28.36455 286
28.38466 298
28.40477 288
28.42489 304
28.445 303
28.46511 297
28.48523 272
28.50534 328
28.52546 303
28.54557 274
28.56568 303
28.5858 323
28.60591 247
28.62602 303
28.64614 291
28.66625 266
28.68636 301
28.70648 302
28.72659 294
28.74671 291
28.76682 267
28.78693 306
28.80705 287
28.82716 245
28.84727 290
28.86739 283
28.8875 298
28.90762 275
28.92773 301
28.94784 272
28.96796 280
28.98807 297
29.00818 258
29.0283 275
29.04841 270
29.06853 277
29.08864 282
29.10875 235
29.12887 261
29.14898 289
29.16909 267
29.18921 269
29.20932 239
29.22943 281
29.24955 307
29.26966 276
29.28978 269
29.30989 288
29.33 283
29.35012 260
29.37023 302
29.39034 306
29.41046 264
29.43057 279
29.45069 277
29.4708 278
29.49091 290
29.51103 289
29.53114 271
29.55125 261
29.57137 283
29.59148 258
29.6116 284
29.63171 266
29.65182 258
29.67194 273
29.69205 275
29.71216 251
29.73228 274
29.75239 260
29.7725 263
29.79262 281
29.81273 308
29.83285 265
29.85296 250
29.87307 256
29.89319 267
29.9133 271
29.93341 269
29.95353 285
29.97364 242
29.99376 245
30.01387 270
30.03398 264
30.0541 280
30.07421 313
30.09432 280
30.11444 290
30.13455 283
30.15467 299
30.17478 288
30.19489 271
30.21501 289
30.23512 284
30.25523 290
30.27535 276
30.29546 270
30.31557 274
30.33569 277
30.3558 267
30.37592 254
30.39603 276
30.41614 265
30.43626 280
30.45637 280
30.47648 280
30.4966 270
30.51671 284
30.53683 241
30.55694 273
30.57705 286
30.59717 254
30.61728 250
30.63739 269
30.65751 293
30.67762 315
30.69773 288
30.71785 264
30.73796 281
30.75808 289
30.77819 273
30.7983 249
30.81842 274
30.83853 279
30.85864 296
30.87876 281
30.89887 246
30.91899 263
30.9391 229
30.95921 240
30.97933 229
30.99944 248
31.01955 241
31.03967 237
31.05978 236
31.0799 269
31.10001 253
31.12012 249
31.14024 276
31.16035 229
31.18046 221
31.20058 254
31.22069 250
31.2408 272
31.26092 257
31.28103 231
31.30115 275
31.32126 240
31.34137 259
31.36149 236
31.3816 243
31.40171 244
31.42183 249
31.44194 244
31.46206 260
31.48217 271
31.50228 242
31.5224 224
31.54251 253
31.56262 244
31.58274 251
31.60285 243
31.62297 240
31.64308 260
31.66319 232
31.68331 240
31.70342 267
31.72353 233
31.74365 243
31.76376 266
31.78387 255
31.80399 251
31.8241 234
31.84422 246
31.86433 241
31.88444 254
31.90456 238
31.92467 249
31.94478 258
31.9649 215
31.98501 236
32.00513 273
32.02524 276
32.04535 275
32.06547 229
32.08558 229
32.10569 257
32.12581 250
32.14592 243
32.16604 277
32.18615 262
32.20626 281
32.22638 290
32.24649 248
32.2666 265
32.28672 266
32.30683 240
32.32694 282
32.34706 266
32.36717 283
32.38729 258
32.4074 259
32.42751 269
32.44763 291
32.46774 265
32.48785 275
32.50797 279
32.52808 242
32.5482 275
32.56831 288
32.58842 249
32.60854 278
32.62865 275
32.64876 292
32.66888 271
32.68899 268
32.7091 237
32.72922 240
32.74933 274
32.76945 269
32.78956 256
32.80967 270
32.82979 245
32.8499 275
32.87001 272
32.89013 270
32.91024 249
32.93036 260
32.95047 304
32.97058 223
32.9907 297
33.01081 275
33.03092 292
33.05104 272
33.07115 271
33.09127 283
33.11138 266
33.13149 270
33.15161 292
33.17172 270
33.19183 291
33.21195 266
33.23206 266
33.25217 284
33.27229 283
33.2924 269
33.31252 285
33.33263 261
33.35274 256
33.37286 278
33.39297 291
33.41308 283
33.4332 280
33.45331 262
33.47343 266
33.49354 298
33.51365 262
33.53377 284
33.55388 261
33.57399 271
33.59411 276
33.61422 272
33.63434 243
33.65445 252
33.67456 257
33.69468 256
33.71479 251
33.7349 276
33.75502 273
33.77513 243
33.79524 251
33.81536 243
33.83547 238
33.85559 246
33.8757 262
33.89581 257
33.91593 238
33.93604 226
33.95615 225
33.97627 235
33.99638 257
34.0165 227
34.03661 245
34.05672 243
34.07684 251
34.09695 235
34.11706 252
34.13718 241
34.15729 239
34.17741 249
34.19752 245
34.21763 264
34.23775 243
34.25786 245
34.27797 245
34.29809 267
34.3182 234
34.33831 250
34.35843 260
34.37854 258
34.39866 265
34.41877 242
34.43888 245
34.459 294
34.47911 255
34.49922 264
34.51934 246
34.53945 286
34.55957 262
34.57968 240
34.59979 301
34.61991 286
34.64002 269
34.66013 290
34.68025 271
34.70036 270
34.72047 322
34.74059 324
34.7607 301
34.78082 331
34.80093 324
34.82104 334
34.84116 321
34.86127 331
34.88138 363
34.9015 330
34.92161 312
34.94173 314
34.96184 335
34.98195 357
35.00207 338
35.02218 311
35.04229 303
35.06241 324
35.08252 335
35.10264 321
35.12275 306
35.14286 311
35.16298 330
35.18309 344
35.2032 307
35.22332 300
35.24343 343
35.26354 325
35.28366 321
35.30377 337
35.32389 318
35.344 353
35.36411 303
35.38423 332
35.40434 356
35.42445 292
35.44457 342
35.46468 315
35.4848 322
35.50491 314
35.52502 309
35.54514 360
35.56525 347
35.58536 328
35.60548 295
35.62559 329
35.64571 352
35.66582 346
35.68593 356
35.70605 323
35.72616 301
35.74627 325
35.76639 336
35.7865 340
35.80661 354
35.82673 350
35.84684 334
35.86696 337
35.88707 351
35.90718 357
35.9273 339
35.94741 361
35.96752 312
35.98764 349
36.00775 317
36.02787 332
36.04798 347
36.06809 336
36.08821 351
36.10832 343
36.12843 362
36.14855 400
36.16866 388
36.18878 441
36.20889 471
36.229 545
36.24912 589
36.26923 700
36.28934 776
36.30946 866
36.32957 1013
36.34968 1166
36.3698 1334
36.38991 1458
36.41003 1563
36.43014 1680
36.45025 1760
36.47037 1693
36.49048 1529
36.51059 1407
36.53071 1303
36.55082 1075
36.57094 924
36.59105 812
36.61116 660
36.63128 517
36.65139 465
36.6715 453
36.69162 376
36.71173 350
36.73184 336
36.75196 339
36.77207 351
36.79219 331
36.8123 328
36.83241 371
36.85253 331
36.87264 314
36.89275 339
36.91287 329
36.93298 317
36.9531 365
36.97321 293
36.99332 326
37.01344 302
37.03355 303
37.05366 313
37.07378 272
37.09389 330
37.11401 318
37.13412 294
37.15423 284
37.17435 289
37.19446 306
37.21457 302
37.23469 278
37.2548 271
37.27491 295
37.29503 278
37.31514 305
37.33526 266
37.35537 276
37.37548 275
37.3956 260
37.41571 278
37.43582 293
37.45594 284
37.47605 269
37.49617 268
37.51628 275
37.53639 285
37.55651 252
37.57662 263
37.59673 277
37.61685 295
37.63696 270
37.65708 259
37.67719 268
37.6973 278
37.71742 256
37.73753 266
37.75764 265
37.77776 303
37.79787 275
37.81798 277
37.8381 266
37.85821 305
37.87833 250
37.89844 245
37.91855 251
37.93867 264
37.95878 269
37.97889 256
37.99901 262
38.01912 285
38.03924 289
38.05935 309
38.07946 293
38.09958 301
38.11969 278
38.1398 308
38.15992 272
38.18003 337
38.20015 342
38.22026 340
38.24037 329
38.26049 339
38.2806 330
38.30071 319
38.32083 313
38.34094 352
38.36105 328
38.38117 311
38.40128 316
38.4214 315
38.44151 305
38.46162 309
38.48174 314
38.50185 327
38.52196 320
38.54208 257
38.56219 318
38.58231 297
38.60242 314
38.62253 284
38.64265 290
38.66276 266
38.68287 256
38.70299 257
38.7231 313
38.74321 290
38.76333 274
38.78344 274
38.80356 276
38.82367 288
38.84378 269
38.8639 266
38.88401 281
38.90412 273
38.92424 305
38.94435 324
38.96447 333
38.98458 337
39.00469 316
39.02481 352
39.04492 328
39.06503 384
39.08515 407
39.10526 463
39.12538 471
39.14549 506
39.1656 556
39.18572 654
39.20583 710
39.22594 862
39.24606 941
39.26617 1076
39.28628 1257
39.3064 1381
39.32651 1493
39.34663 1606
39.36674 1626
39.38685 1615
39.40697 1575
39.42708 1492
39.44719 1267
39.46731 1127
39.48742 1007
39.50754 825
39.52765 654
39.54776 573
39.56788 490
39.58799 417
39.6081 347
39.62822 337
39.64833 329
39.66845 292
39.68856 264
39.70867 268
39.72879 300
39.7489 318
39.76901 291
39.78913 303
39.80924 325
39.82935 301
39.84947 304
39.86958 342
39.8897 339
39.90981 329
39.92992 369
39.95004 322
39.97015 362
39.99026 370
40.01038 430
40.03049 486
40.05061 553
40.07072 540
40.09083 695
40.11095 714
40.13106 859
40.15117 865
40.17129 937
40.1914 921
40.21152 956
40.23163 855
40.25174 757
40.27186 721
40.29197 678
40.31208 592
40.3322 523
40.35231 441
40.37242 399
40.39254 365
40.41265 328
40.43277 307
40.45288 270
40.47299 294
40.49311 266
40.51322 273
40.53333 292
40.55345 275
40.57356 252
40.59368 279
40.61379 268
40.6339 270
40.65402 270
40.67413 234
40.69424 273
40.71436 248
40.73447 255
40.75458 264
40.7747 246
40.79481 306
40.81493 252
40.83504 269
40.85515 243
40.87527 271
40.89538 278
40.91549 234
40.93561 245
40.95572 246
40.97584 227
40.99595 272
41.01606 244
41.03618 277
41.05629 288
41.0764 237
41.09652 240
41.11663 255
41.13675 303
41.15686 244
41.17697 289
41.19709 277
41.2172 271
41.23731 279
41.25743 233
41.27754 274
41.29765 268
41.31777 278
41.33788 272
41.358 274
41.37811 234
41.39822 269
41.41834 232
41.43845 284
41.45856 263
41.47868 251
41.49879 230
41.51891 236
41.53902 247
41.55913 239
41.57925 271
41.59936 281
41.61947 235
41.63959 283
41.6597 251
41.67982 268
41.69993 245
41.72004 252
41.74016 230
41.76027 262
41.78038 267
41.8005 265
41.82061 253
41.84072 282
41.86084 258
41.88095 263
41.90107 285
41.92118 281
41.94129 280
41.96141 291
41.98152 276
42.00163 291
42.02175 315
42.04186 326
42.06198 345
42.08209 356
42.1022 335
42.12232 418
42.14243 417
42.16254 538
42.18266 501
42.20277 657
42.22289 710
42.243 796
42.26311 938
42.28323 1021
42.30334 1076
42.32345 1239
42.34357 1237
42.36368 1170
42.38379 1054
42.40391 1099
42.42402 979
42.44414 916
42.46425 744
42.48436 686
42.50448 608
42.52459 542
42.5447 413
42.56482 377
42.58493 330
42.60505 298
42.62516 278
42.64527 253
42.66539 257
42.6855 269
42.70561 246
42.72573 247
42.74584 257
42.76595 239
42.78607 231
42.80618 226
42.8263 224
42.84641 218
42.86652 220
42.88664 229
42.90675 236
42.92686 260
42.94698 218
42.96709 205
42.98721 234
43.00732 243
43.02743 209
43.04755 233
43.06766 240
43.08777 230
43.10789 243
43.128 223
43.14812 212
43.16823 193
43.18834 208
43.20846 231
43.22857 224
43.24868 255
43.2688 207
43.28891 216
43.30902 215
43.32914 224
43.34925 257
43.36937 207
43.38948 221
43.40959 215
43.42971 242
43.44982 218
43.46993 224
43.49005 222
43.51016 196
43.53028 213
43.55039 230
43.5705 233
43.59062 220
43.61073 233
43.63084 226
43.65096 235
43.67107 194
43.69119 218
43.7113 209
43.73141 209
43.75153 241
43.77164 203
43.79175 203
43.81187 207
43.83198 222
43.85209 216
43.87221 214
43.89232 236
43.91244 215
43.93255 249
43.95266 210
43.97278 211
43.99289 188
44.013 199
44.03312 240
44.05323 210
44.07335 195
44.09346 192
44.11357 230
44.13369 206
44.1538 235
44.17391 216
44.19403 212
44.21414 223
44.23426 214
44.25437 214
44.27448 215
44.2946 227
44.31471 221
44.33482 215
44.35494 227
44.37505 193
44.39516 241
44.41528 218
44.43539 214
44.45551 226
44.47562 230
44.49573 223
44.51585 239
44.53596 257
44.55607 210
44.57619 222
44.5963 228
44.61642 235
44.63653 219
44.65664 230
44.67676 225
44.69687 201
44.71698 225
44.7371 223
44.75721 212
44.77732 218
44.79744 212
44.81755 225
44.83767 233
44.85778 220
44.87789 223
44.89801 229
44.91812 221
44.93823 239
44.95835 239
44.97846 245
44.99858 203
45.01869 227
45.0388 246
45.05892 216
45.07903 251
45.09914 243
45.11926 230
45.13937 232
45.15949 247
45.1796 219
45.19971 263
45.21983 308
45.23994 247
45.26005 255
45.28017 267
45.30028 271
45.32039 302
45.34051 270
45.36062 265
45.38074 289
45.40085 299
45.42096 339
45.44108 362
45.46119 370
45.4813 383
45.50142 410
45.52153 460
45.54165 489
45.56176 559
45.58187 589
45.60199 629
45.6221 765
45.64221 784
45.66233 851
45.68244 878
45.70256 872
45.72267 839
45.74278 777
45.7629 724
45.78301 651
45.80312 597
45.82324 566
45.84335 498
45.86346 379
45.88358 357
45.90369 347
45.92381 307
45.94392 299
45.96403 289
45.98415 237
46.00426 232
46.02437 235
46.04449 214
46.0646 248
46.08472 239
46.10483 217
46.12494 204
46.14506 230
46.16517 222
46.18528 253
46.2054 249
46.22551 218
46.24563 226
46.26574 226
46.28585 202
46.30597 220
46.32608 224
46.34619 221
46.36631 212
46.38642 220
46.40653 221
46.42665 217
46.44676 219
46.46688 219
46.48699 245
46.5071 231
46.52722 198
46.54733 203
46.56744 226
46.58756 199
46.60767 205
46.62779 188
46.6479 232
46.66801 189
46.68813 220
46.70824 230
46.72835 195
46.74847 208
46.76858 206
46.78869 224
46.80881 210
46.82892 227
46.84904 250
46.86915 209
46.88926 208
46.90938 229
46.92949 230
46.9496 229
46.96972 197
46.98983 203
47.00995 210
47.03006 179
47.05017 214
47.07029 214
47.0904 217
47.11051 230
47.13063 235
47.15074 206
47.17086 238
47.19097 214
47.21108 220
47.2312 196
47.25131 209
47.27142 210
47.29154 192
47.31165 208
47.33176 234
47.35188 234
47.37199 220
47.39211 239
47.41222 206
47.43233 203
47.45245 227
47.47256 226
47.49267 212
47.51279 198
47.5329 238
47.55302 229
47.57313 218
47.59324 231
47.61336 229
47.63347 213
47.65358 217
47.6737 226
47.69381 222
47.71393 200
47.73404 257
47.75415 244
47.77427 239
47.79438 224
47.81449 231
47.83461 215
47.85472 238
47.87483 231
47.89495 260
47.91506 219
47.93518 204
47.95529 228
47.9754 232
47.99552 227
48.01563 228
48.03574 243
48.05586 229
48.07597 203
48.09609 212
48.1162 228
48.13631 208
48.15643 216
48.17654 223
48.19665 216
48.21677 202
48.23688 249
48.257 245
48.27711 253
48.29722 212
48.31734 247
48.33745 198
48.35756 233
48.37768 243
48.39779 237
48.4179 194
48.43802 223
48.45813 206
48.47825 238
48.49836 197
48.51847 229
48.53859 265
48.5587 223
48.57881 239
48.59893 254
48.61904 230
48.63916 222
48.65927 210
48.67938 233
48.6995 236
48.71961 230
48.73972 247
48.75984 211
48.77995 208
48.80006 250
48.82018 277
48.84029 211
48.86041 230
48.88052 225
48.90063 230
48.92075 228
48.94086 246
48.96097 257
48.98109 232
49.0012 268
49.02132 277
49.04143 240
49.06154 254
49.08166 233
49.10177 233
49.12188 258
49.142 207
49.16211 214
49.18223 249
49.20234 245
49.22245 252
49.24257 236
49.26268 281
49.28279 254
49.30291 252
49.32302 253
49.34313 291
49.36325 245
49.38336 274
49.40348 245
49.42359 260
49.4437 264
49.46382 255
49.48393 303
49.50404 295
49.52416 303
49.54427 298
49.56439 304
49.5845 345
49.60461 313
49.62473 348
49.64484 361
49.66495 387
49.68507 422
49.70518 413
49.7253 475
49.74541 507
49.76552 576
49.78564 668
49.80575 726
49.82586 806
49.84598 976
49.86609 1018
49.8862 1243
49.90632 1410
49.92643 1673
49.94655 1789
49.96666 2084
49.98677 2345
50.00689 2488
50.027 2488
50.04711 2493
50.06723 2415
50.08734 2243
50.10746 2040
50.12757 1857
50.14768 1626
50.1678 1376
50.18791 1292
50.20802 1077
50.22814 946
50.24825 778
50.26837 595
50.28848 512
50.30859 421
50.32871 397
50.34882 336
50.36893 330
50.38905 350
50.40916 309
50.42927 332
50.44939 328
50.4695 308
50.48962 342
50.50973 313
50.52984 349
50.54996 321
50.57007 302
50.59018 268
50.6103 316
50.63041 314
50.65053 302
50.67064 261
50.69075 253
50.71087 259
50.73098 256
50.75109 254
50.77121 239
50.79132 268
50.81143 228
50.83155 216
50.85166 277
50.87178 238
50.89189 258
50.912 227
50.93212 231
50.95223 213
50.97234 240
50.99246 261
51.01257 251
51.03269 231
51.0528 221
51.07291 220
51.09303 235
51.11314 231
51.13325 253
51.15337 199
51.17348 217
51.1936 186
51.21371 199
51.23382 241
51.25394 231
51.27405 232
51.29416 209
51.31428 215
51.33439 211
51.3545 189
51.37462 212
51.39473 228
51.41485 213
51.43496 234
51.45507 223
51.47519 217
51.4953 206
51.51541 199
51.53553 208
51.55564 220
51.57576 233
51.59587 222
51.61598 211
51.6361 211
51.65621 214
51.67632 216
51.69644 200
51.71655 229
51.73667 212
51.75678 231
51.77689 223
51.79701 209
51.81712 226
51.83723 201
51.85735 204
51.87746 215
51.89757 178
51.91769 205
51.9378 187
51.95792 218
51.97803 196
51.99814 213
52.01826 199
52.03837 200
52.05848 209
52.0786 224
52.09871 197
52.11883 212
52.13894 216
52.15905 217
52.17917 222
52.19928 191
52.21939 213
52.23951 198
52.25962 228
52.27974 197
52.29985 213
52.31996 197
52.34008 209
52.36019 220
52.3803 187
52.40042 218
52.42053 214
52.44064 203
52.46076 219
52.48087 226
52.50099 211
52.5211 199
52.54121 228
52.56133 252
52.58144 220
52.60155 191
52.62167 208
52.64178 215
52.6619 237
52.68201 216
52.70212 192
52.72224 210
52.74235 237
52.76246 173
52.78258 229
52.80269 238
52.8228 220
52.84292 227
52.86303 217
52.88315 210
52.90326 221
52.92337 235
52.94349 200
52.9636 224
52.98371 268
53.00383 270
53.02394 223
53.04406 226
53.06417 238
53.08428 236
53.1044 238
53.12451 224
53.14462 225
53.16474 240
53.18485 245
53.20497 246
53.22508 244
53.24519 253
53.26531 238
53.28542 230
53.30553 229
53.32565 272
53.34576 251
53.36587 244
53.38599 245
53.4061 264
53.42622 276
53.44633 219
53.46644 251
53.48656 247
53.50667 274
53.52678 275
53.5469 226
53.56701 283
53.58713 278
53.60724 275
53.62735 250
53.64747 255
53.66758 234
53.68769 229
53.70781 227
53.72792 254
53.74804 276
53.76815 273
53.78826 276
53.80838 274
53.82849 299
53.8486 275
53.86872 244
53.88883 282
53.90894 227
53.92906 279
53.94917 241
53.96929 251
53.9894 250
54.00951 274
54.02963 270
54.04974 279
54.06985 261
54.08997 280
54.11008 250
54.1302 268
54.15031 254
54.17042 271
54.19054 270
54.21065 269
54.23076 284
54.25088 275
54.27099 278
54.29111 251
54.31122 280
54.33133 276
54.35145 312
54.37156 287
54.39167 295
54.41179 313
54.4319 288
54.45201 321
54.47213 359
54.49224 350
54.51236 359
54.53247 376
54.55258 417
54.5727 442
54.59281 507
54.61292 518
54.63304 586
54.65315 666
54.67327 738
54.69338 829
54.71349 779
54.73361 918
54.75372 929
54.77383 920
54.79395 836
54.81406 840
54.83417 775
54.85429 747
54.8744 658
54.89452 630
54.91463 612
54.93474 584
54.95486 544
54.97497 537
54.99508 454
55.0152 427
55.03531 429
55.05543 426
55.07554 444
55.09565 450
55.11577 424
55.13588 457
55.15599 497
55.17611 539
55.19622 502
55.21634 570
55.23645 568
55.25656 527
55.27668 486
55.29679 435
55.3169 463
55.33702 427
55.35713 349
55.37724 362
55.39736 373
55.41747 340
55.43759 332
55.4577 324
55.47781 282
55.49793 273
55.51804 269
55.53815 241
55.55827 258
55.57838 274
55.5985 238
55.61861 229
55.63872 215
55.65884 251
55.67895 263
55.69906 274
55.71918 229
55.73929 240
55.75941 228
55.77952 264
55.79963 229
55.81975 222
55.83986 230
55.85997 212
55.88009 220
55.9002 257
55.92031 213
55.94043 230
55.96054 223
55.98066 246
56.00077 228
56.02088 218
56.041 214
56.06111 236
56.08122 216
56.10134 214
56.12145 237
56.14157 220
56.16168 234
56.18179 222
56.20191 240
56.22202 195
56.24213 220
56.26225 220
56.28236 233
56.30248 230
56.32259 221
56.3427 235
56.36282 238
56.38293 226
56.40304 231
56.42316 250
56.44327 227
56.46338 220
56.4835 203
56.50361 189
56.52373 223
56.54384 242
56.56395 215
56.58407 221
56.60418 214
56.62429 212
56.64441 235
56.66452 209
56.68464 241
56.70475 212
56.72486 248
56.74498 219
56.76509 208
56.7852 206
56.80532 224
56.82543 225
56.84554 227
56.86566 216
56.88577 238
56.90589 217
56.926 227
56.94611 221
56.96623 230
56.98634 226
57.00645 255
57.02657 227
57.04668 247
57.0668 266
57.08691 229
57.10702 237
57.12714 248
57.14725 258
57.16736 235
57.18748 240
57.20759 260
57.22771 230
57.24782 247
57.26793 222
57.28805 222
57.30816 212
57.32827 251
57.34839 234
57.3685 205
57.38861 205
57.40873 246
57.42884 193
57.44896 217
57.46907 219
57.48918 230
57.5093 205
57.52941 195
57.54952 220
57.56964 233
57.58975 223
57.60987 234
57.62998 225
57.65009 245
57.67021 227
57.69032 235
57.71043 213
57.73055 223
57.75066 205
57.77078 198
57.79089 215
57.811 243
57.83112 234
57.85123 232
57.87134 206
57.89146 229
57.91157 243
57.93168 221
57.9518 214
57.97191 220
57.99203 232
58.01214 192
58.03225 213
58.05237 243
58.07248 220
58.09259 216
58.11271 221
58.13282 226
58.15294 200
58.17305 206
58.19316 225
58.21328 226
58.23339 208
58.2535 225
58.27362 203
58.29373 224
58.31385 203
58.33396 211
58.35407 212
58.37419 223
58.3943 191
58.41441 218
58.43453 212
58.45464 215
58.47475 216
58.49487 204
58.51498 225
58.5351 230
58.55521 215
58.57532 218
58.59544 229
58.61555 207
58.63566 229
58.65578 221
58.67589 225
58.69601 204
58.71612 218
58.73623 221
58.75635 214
58.77646 217
58.79657 224
58.81669 232
58.8368 192
58.85691 234
58.87703 218
58.89714 220
58.91726 223
58.93737 213
58.95748 202
58.9776 226
58.99771 230
59.01782 238
59.03794 193
59.05805 233
59.07817 192
59.09828 212
59.11839 237
59.13851 238
59.15862 271
59.17873 258
59.19885 261
59.21896 237
59.23908 260
59.25919 261
59.2793 232
59.29942 259
59.31953 247
59.33964 294
59.35976 287
59.37987 293
59.39998 317
59.4201 322
59.44021 310
59.46033 325
59.48044 331
59.50055 388
59.52067 424
59.54078 448
59.56089 489
59.58101 488
59.60112 529
59.62124 626
59.64135 666
59.66146 703
59.68158 836
59.70169 932
59.7218 1047
59.74192 1219
59.76203 1413
59.78215 1465
59.80226 1649
59.82237 1660
59.84249 1673
59.8626 1671
59.88271 1558
59.90283 1405
59.92294 1388
59.94305 1247
59.96317 1107
59.98328 1061
60.0034 1011
60.02351 890
60.04362 818
60.06374 709
60.08385 581
60.10396 524
60.12408 414
60.14419 388
60.16431 361
60.18442 317
60.20453 289
60.22465 296
60.24476 291
60.26487 264
60.28499 241
60.3051 267
60.32522 263
60.34533 221
60.36544 235
60.38556 263
60.40567 254
60.42578 236
60.4459 232
60.46601 220
60.48612 237
60.50624 264
60.52635 220
60.54647 250
60.56658 235
60.58669 246
60.60681 215
60.62692 206
60.64703 225
60.66715 214
60.68726 237
60.70738 247
60.72749 207
60.7476 223
60.76772 210
60.78783 216
60.80794 196
60.82806 229
60.84817 252
60.86828 208
60.8884 218
60.90851 225
60.92863 213
60.94874 230
60.96885 228
60.98897 204
61.00908 217
61.02919 214
61.04931 206
61.06942 210
61.08954 215
61.10965 227
61.12976 221
61.14988 214
61.16999 213
61.1901 233
61.21022 229
61.23033 242
61.25045 211
61.27056 221
61.29067 202
61.31079 215
61.3309 225
61.35101 238
61.37113 207
61.39124 231
61.41135 237
61.43147 195
61.45158 234
61.4717 227
61.49181 233
61.51192 246
61.53204 235
61.55215 217
61.57226 217
61.59238 226
61.61249 214
61.63261 199
61.65272 227
61.67283 224
61.69295 218
61.71306 225
61.73317 224
61.75329 240
61.7734 253
61.79352 236
61.81363 245
61.83374 242
61.85386 238
61.87397 251
61.89408 240
61.9142 256
61.93431 235
61.95442 260
61.97454 243
61.99465 227
62.01477 255
62.03488 270
62.05499 253
62.07511 276
62.09522 253
62.11533 272
62.13545 268
62.15556 288
62.17568 279
62.19579 307
62.2159 274
62.23602 271
62.25613 298
62.27624 260
62.29636 270
62.31647 260
62.33659 280
62.3567 237
62.37681 234
62.39693 245
62.41704 236
62.43715 250
62.45727 238
62.47738 244
62.49749 237
62.51761 268
62.53772 230
62.55784 245
62.57795 235
62.59806 209
62.61818 217
62.63829 247
62.6584 217
62.67852 215
62.69863 218
62.71875 228
62.73886 209
62.75897 212
62.77909 221
62.7992 233
62.81931 229
62.83943 212
62.85954 196
62.87965 249
62.89977 221
62.91988 224
62.94 220
62.96011 225
62.98022 252
63.00034 226
63.02045 214
63.04056 234
63.06068 228
63.08079 227
63.10091 193
63.12102 216
63.14113 229
63.16125 249
63.18136 218
63.20147 231
63.22159 223
63.2417 236
63.26182 221
63.28193 215
63.30204 226
63.32216 216
63.34227 214
63.36238 207
63.3825 215
63.40261 234
63.42272 243
63.44284 250
63.46295 212
63.48307 211
63.50318 223
63.52329 236
63.54341 299
63.56352 240
63.58363 237
63.60375 280
63.62386 258
63.64398 264
63.66409 286
63.6842 268
63.70432 283
63.72443 330
63.74454 310
63.76466 337
63.78477 362
63.80489 375
63.825 408
63.84511 420
63.86523 486
63.88534 438
63.90545 460
63.92557 485
63.94568 498
63.96579 479
63.98591 425
64.00602 434
64.02614 383
64.04625 368
64.06636 390
64.08648 360
64.10659 366
64.1267 337
64.14682 302
64.16693 314
64.18705 257
64.20716 246
64.22727 250
64.24739 241
64.2675 230
64.28761 245
64.30773 235
64.32784 215
64.34796 216
64.36807 222
64.38818 234
64.4083 259
64.42841 196
64.44852 217
64.46864 208
64.48875 228
64.50886 203
64.52898 223
64.54909 228
64.56921 208
64.58932 189
64.60943 213
64.62955 241
64.64966 190
64.66977 213
64.68989 217
64.71 206
64.73012 212
64.75023 207
64.77034 178
64.79046 174
64.81057 219
64.83068 218
64.8508 207
64.87091 194
64.89102 215
64.91114 210
64.93125 230
64.95137 215
64.97148 199
64.99159 210
65.01171 184
65.03182 219
65.05193 222
65.07205 212
65.09216 217
65.11228 199
65.13239 212
65.1525 207
65.17262 195
65.19273 214
65.21284 207
65.23296 227
65.25307 210
65.27319 226
65.2933 227
65.31341 207
65.33353 234
65.35364 224
65.37375 201
65.39387 194
65.41398 242
65.43409 207
65.45421 240
65.47432 222
65.49444 245
65.51455 225
65.53466 228
65.55478 243
65.57489 255
65.595 288
65.61512 278
65.63523 254
65.65535 260
65.67546 291
65.69557 271
65.71569 265
65.7358 234
65.75591 248
65.77603 231
65.79614 260
65.81626 246
65.83637 250
65.85648 252
65.8766 248
65.89671 255
65.91682 219
65.93694 214
65.95705 251
65.97716 223
65.99728 201
66.01739 185
66.03751 230
66.05762 223
66.07773 215
66.09785 195
66.11796 217
66.13807 211
66.15819 201
66.1783 205
66.19842 210
66.21853 232
66.23864 221
66.25876 207
66.27887 219
66.29898 231
66.3191 206
66.33921 199
66.35933 222
66.37944 220
66.39955 242
66.41967 218
66.43978 218
66.45989 198
66.48001 220
66.50012 214
66.52023 203
66.54035 217
66.56046 220
66.58058 217
66.60069 226
66.6208 237
66.64092 244
66.66103 203
66.68114 229
66.70126 227
66.72137 208
66.74149 201
66.7616 221
66.78171 220
66.80183 256
66.82194 200
66.84205 201
66.86217 217
66.88228 229
66.90239 232
66.92251 232
66.94262 211
66.96274 275
66.98285 217
67.00296 235
67.02308 261
67.04319 232
67.0633 249
67.08342 236
67.10353 258
67.12365 263
67.14376 274
67.16387 270
67.18399 312
67.2041 284
67.22421 278
67.24433 318
67.26444 333
67.28456 319
67.30467 336
67.32478 354
67.3449 392
67.36501 398
67.38512 409
67.40524 450
67.42535 487
67.44546 546
67.46558 655
67.48569 674
67.50581 741
67.52592 813
67.54603 918
67.56615 922
67.58626 1070
67.60637 1055
67.62649 1134
67.6466 1060
67.66672 1095
67.68683 1004
67.70694 936
67.72706 985
67.74717 904
67.76728 868
67.7874 930
67.80751 1005
67.82763 1048
67.84774 1012
67.86785 1024
67.88797 1020
67.90808 1087
67.92819 1143
67.94831 1225
67.96842 1310
67.98853 1443
68.00865 1538
68.02876 1561
68.04888 1541
68.06899 1559
68.0891 1529
68.10922 1448
68.12933 1392
68.14944 1404
68.16956 1441
68.18967 1343
68.20979 1339
68.2299 1253
68.25001 1186
68.27013 1071
68.29024 966
68.31035 859
68.33047 745
68.35058 729
68.3707 637
68.39081 583
68.41092 564
68.43104 475
68.45115 468
68.47126 382
68.49138 369
68.51149 365
68.5316 317
68.55172 292
68.57183 261
68.59195 267
68.61206 289
68.63217 260
68.65229 254
68.6724 222
68.69251 253
68.71263 230
68.73274 236
68.75286 231
68.77297 230
68.79308 239
68.8132 228
68.83331 252
68.85342 220
68.87354 228
68.89365 238
68.91376 225
68.93388 239
68.95399 235
68.97411 260
68.99422 252
69.01433 223
69.03445 217
69.05456 209
69.07467 227
69.09479 196
69.1149 212
69.13502 230
69.15513 200
69.17524 239
69.19536 209
69.21547 200
69.23558 202
69.2557 203
69.27581 260
69.29593 212
69.31604 236
69.33615 206
69.35627 189
69.37638 200
69.39649 215
69.41661 214
69.43672 232
69.45683 197
69.47695 217
69.49706 198
69.51718 207
69.53729 217
69.5574 210
69.57752 223
69.59763 199
69.61774 205
69.63786 200
69.65797 221
69.67809 241
69.6982 205
69.71831 210
69.73843 184
69.75854 196
69.77865 225
69.79877 223
69.81888 227
69.839 227
69.85911 214
69.87922 202
69.89934 190
69.91945 199
69.93956 212
69.95968 201
69.97979 206
69.9999 215
70.02002 205
70.04013 198
70.06025 178
70.08036 194
70.10047 201
70.12059 195
70.1407 235
70.16081 175
70.18093 204
70.20104 190
70.22116 196
70.24127 202
70.26138 239
70.2815 223
70.30161 186
70.32172 211
70.34184 206
70.36195 215
70.38207 204
70.40218 181
70.42229 225
70.44241 188
70.46252 206
70.48263 211
70.50275 175
70.52286 198
70.54297 183
70.56309 198
70.5832 211
70.60332 206
70.62343 182
70.64354 200
70.66366 199
70.68377 185
70.70388 197
70.724 194
70.74411 202
70.76423 187
70.78434 219
70.80445 213
70.82457 211
70.84468 193
70.86479 199
70.88491 197
70.90502 208
70.92513 215
70.94525 188
70.96536 179
70.98548 181
71.00559 196
71.0257 202
71.04582 192
71.06593 185
71.08604 185
71.10616 193
71.12627 164
71.14639 175
71.1665 210
71.18661 183
71.20673 200
71.22684 183
71.24695 198
71.26707 205
71.28718 223
71.3073 204
71.32741 196
71.34752 166
71.36764 203
71.38775 177
71.40786 181
71.42798 200
71.44809 197
71.4682 222
71.48832 180
71.50843 221
71.52855 208
71.54866 189
71.56877 208
71.58889 176
71.609 216
71.62911 176
71.64923 193
71.66934 208
71.68946 171
71.70957 211
71.72968 189
71.7498 180
71.76991 189
71.79002 165
71.81014 217
71.83025 199
71.85037 203
71.87048 220
71.89059 216
71.91071 194
71.93082 202
71.95093 235
71.97105 201
71.99116 195
72.01127 210
72.03139 212
72.0515 206
72.07162 212
72.09173 219
72.11184 187
72.13196 200
72.15207 186
72.17218 186
72.1923 215
72.21241 207
72.23253 197
72.25264 203
72.27275 202
72.29287 182
72.31298 192
72.33309 195
72.35321 207
72.37332 192
72.39344 203
72.41355 213
72.43366 190
72.45378 197
72.47389 202
72.494 196
72.51412 192
72.53423 216
72.55434 188
72.57446 187
72.59457 194
72.61469 202
72.6348 206
72.65491 203
72.67503 201
72.69514 206
72.71525 202
72.73537 188
72.75548 213
72.7756 209
72.79571 188
72.81582 207
72.83594 199
72.85605 231
72.87616 184
72.89628 212
72.91639 220
72.9365 229
72.95662 211
72.97673 222
72.99685 225
73.01696 226
73.03707 257
73.05719 262
73.0773 244
73.09741 269
73.11753 285
73.13764 312
73.15776 281
73.17787 285
73.19798 310
73.2181 353
73.23821 391
73.25832 430
73.27844 461
73.29855 439
73.31867 510
73.33878 525
73.35889 491
73.37901 529
73.39912 460
73.41923 419
73.43935 412
73.45946 366
73.47957 355
73.49969 381
73.5198 352
73.53992 354
73.56003 376
73.58014 369
73.60026 357
73.62037 334
73.64048 293
73.6606 272
73.68071 238
73.70083 255
73.72094 218
73.74105 252
73.76117 221
73.78128 215
73.80139 205
73.82151 204
73.84162 211
73.86174 214
73.88185 211
73.90196 223
73.92208 217
73.94219 195
73.9623 204
73.98242 209
74.00253 205
74.02264 218
74.04276 193
74.06287 197
74.08299 203
74.1031 217
74.12321 198
74.14333 220
74.16344 193
74.18355 234
74.20367 193
74.22378 200
74.2439 201
74.26401 198
74.28412 209
74.30424 191
74.32435 185
74.34446 181
74.36458 186
74.38469 211
74.40481 191
74.42492 211
74.44503 206
74.46515 194
74.48526 191
74.50537 209
74.52549 193
74.5456 184
74.56571 215
74.58583 177
74.60594 208
74.62606 192
74.64617 184
74.66628 180
74.6864 193
74.70651 194
74.72662 189
74.74674 186
74.76685 194
74.78697 212
74.80708 217
74.82719 204
74.84731 193
74.86742 228
74.88753 214
74.90765 208
74.92776 189
74.94787 175
74.96799 212
74.9881 221
75.00822 203
