3.00117 19206
3.02128 18759
3.0414 18259
3.06151 18018
3.08162 17474
3.10174 16515
3.12185 16768
3.14197 15862
3.16208 15348
3.18219 15338
3.20231 14396
3.22242 14215
3.24253 13958
3.26265 13248
3.28276 13070
3.30288 12501
3.32299 12412
3.3431 11752
3.36322 11289
3.38333 11238
3.40344 10533
3.42356 10349
3.44367 9929
3.46379 9285
3.4839 9418
3.50401 9217
3.52413 8912
3.54424 8349
3.56435 8115
3.58447 7902
3.60458 7210
3.62469 7350
3.64481 6828
3.66492 6757
3.68504 6469
3.70515 6160
3.72526 5930
3.74538 5579
3.76549 5401
3.7856 5322
3.80572 4960
3.82583 4758
3.84595 4400
3.86606 4251
3.88617 4351
3.90629 4109
3.9264 3983
3.94651 3715
3.96663 3526
3.98674 3507
4.00686 3280
4.02697 3104
4.04708 2881
4.0672 2767
4.08731 2747
4.10742 2673
4.12754 2470
4.14765 2282
4.16776 2291
4.18788 2251
4.20799 2085
4.22811 2004
4.24822 1893
4.26833 1814
4.28845 1878
4.30856 1773
4.32867 1687
4.34879 1627
4.3689 1574
4.38902 1586
4.40913 1622
4.42924 1417
4.44936 1388
4.46947 1308
4.48958 1330
4.5097 1344
4.52981 1305
4.54992 1219
4.57004 1187
4.59015 1206
4.61027 1275
4.63038 1080
4.65049 1110
4.67061 1027
4.69072 1121
4.71083 1041
4.73095 1048
4.75106 941
4.77118 987
4.79129 996
4.8114 967
4.83152 865
4.85163 854
4.87174 824
4.89186 806
4.91197 817
4.93209 772
4.9522 798
4.97231 720
4.99243 761
5.01254 809
5.03265 698
5.05277 731
5.07288 637
5.09299 675
5.11311 692
5.13322 649
5.15334 663
5.17345 665
5.19356 583
5.21368 644
5.23379 571
5.2539 565
5.27402 524
5.29413 512
5.31425 512
5.33436 465
5.35447 494
5.37459 450
5.3947 469
5.41481 462
5.43493 446
5.45504 464
5.47516 451
5.49527 432
5.51538 407
5.5355 389
5.55561 389
5.57572 420
5.59584 403
5.61595 461
5.63606 354
5.65618 361
5.67629 352
5.69641 335
5.71652 376
5.73663 384
5.75675 351
5.77686 354
5.79697 365
5.81709 320
5.8372 355
5.85732 305
5.87743 297
5.89754 326
5.91766 338
5.93777 306
5.95788 277
5.978 302
5.99811 314
6.01823 316
6.03834 302
6.05845 298
6.07857 280
6.09868 296
6.11879 303
6.13891 272
6.15902 267
6.17913 276
6.19925 292
6.21936 315
6.23948 282
6.25959 240
6.2797 288
6.29982 267
6.31993 287
6.34004 325
6.36016 319
6.38027 262
6.40039 257
6.4205 258
6.44061 264
6.46073 264
6.48084 237
6.50095 222
6.52107 253
6.54118 243
6.56129 248
6.58141 267
6.60152 246
6.62164 250
6.64175 247
6.66186 223
6.68198 266
6.70209 253
6.7222 248
6.74232 265
6.76243 257
6.78255 254
6.80266 234
6.82277 233
6.84289 228
6.863 240
6.88311 247
6.90323 244
6.92334 271
6.94346 237
6.96357 262
6.98368 219
7.0038 253
7.02391 246
7.04402 264
7.06414 232
7.08425 264
7.10436 226
7.12448 246
7.14459 258
7.16471 234
7.18482 243
7.20493 255
7.22505 225
7.24516 248
7.26527 221
7.28539 220
7.3055 255
7.32562 270
7.34573 205
7.36584 269
7.38596 254
7.40607 247
7.42618 282
7.4463 267
7.46641 267
7.48653 260
7.50664 214
7.52675 235
7.54687 272
7.56698 254
7.58709 222
7.60721 233
7.62732 240
7.64743 261
7.66755 231
7.68766 257
7.70778 257
7.72789 263
7.748 255
7.76812 221
7.78823 266
7.80834 254
7.82846 249
7.84857 283
7.86869 301
7.8888 245
7.90891 247
7.92903 237
7.94914 278
7.96925 225
7.98937 261
8.00948 240
8.0296 263
8.04971 243
8.06982 254
8.08994 260
8.11005 242
8.13016 253
8.15028 234
8.17039 246
8.1905 240
8.21062 246
8.23073 266
8.25085 234
8.27096 251
8.29107 238
8.31119 235
8.3313 259
8.35141 218
8.37153 256
8.39164 244
8.41176 255
8.43187 255
8.45198 240
8.4721 272
8.49221 245
8.51232 273
8.53244 260
8.55255 232
8.57266 249
8.59278 279
8.61289 306
8.63301 257
8.65312 314
8.67323 253
8.69335 260
8.71346 252
8.73357 250
8.75369 275
8.7738 276
8.79392 294
8.81403 270
8.83414 283
8.85426 266
8.87437 281
8.89448 304
8.9146 275
8.93471 259
8.95483 246
8.97494 259
8.99505 272
9.01517 268
9.03528 298
9.05539 278
9.07551 282
9.09562 261
9.11573 245
9.13585 266
9.15596 313
9.17608 279
9.19619 261
9.2163 279
9.23642 229
9.25653 239
9.27664 276
9.29676 270
9.31687 283
9.33699 278
9.3571 273
9.37721 268
9.39733 269
9.41744 256
9.43755 265
9.45767 245
9.47778 249
9.4979 302
9.51801 268
9.53812 262
9.55824 273
9.57835 269
9.59846 286
9.61858 241
9.63869 253
9.6588 259
9.67892 280
9.69903 283
9.71915 252
9.73926 279
9.75937 271
9.77949 261
9.7996 298
9.81971 253
9.83983 257
9.85994 281
9.88006 274
9.90017 264
9.92028 283
9.9404 251
9.96051 307
9.98062 249
10.00074 274
10.02085 231
10.04097 240
10.06108 244
10.08119 263
10.10131 232
10.12142 254
10.14153 245
10.16165 292
10.18176 283
10.20187 244
10.22199 258
10.2421 254
10.26222 244
10.28233 273
10.30244 249
10.32256 234
10.34267 240
10.36278 252
10.3829 261
10.40301 280
10.42313 271
10.44324 260
10.46335 267
10.48347 265
10.50358 256
10.52369 260
10.54381 258
10.56392 325
10.58403 245
10.60415 295
10.62426 250
10.64438 254
10.66449 278
10.6846 294
10.70472 278
10.72483 249
10.74494 257
10.76506 300
10.78517 248
10.80529 290
10.8254 264
10.84551 277
10.86563 267
10.88574 245
10.90585 273
10.92597 253
10.94608 267
10.9662 251
10.98631 258
11.00642 259
11.02654 271
11.04665 280
11.06676 261
11.08688 269
11.10699 284
11.1271 262
11.14722 274
11.16733 291
11.18745 251
11.20756 279
11.22767 259
11.24779 247
11.2679 246
11.28801 257
11.30813 255
11.32824 264
11.34836 299
11.36847 280
11.38858 285
11.4087 270
11.42881 316
11.44892 286
11.46904 261
11.48915 271
11.50927 278
11.52938 278
11.54949 275
11.56961 280
11.58972 290
11.60983 269
11.62995 275
11.65006 302
11.67017 307
11.69029 339
11.7104 282
11.73052 307
11.75063 322
11.77074 288
11.79086 278
11.81097 303
11.83108 309
11.8512 297
11.87131 324
11.89143 338
11.91154 325
11.93165 317
11.95177 366
11.97188 316
11.99199 299
12.01211 356
12.03222 337
12.05234 319
12.07245 374
12.09256 369
12.11268 344
12.13279 366
12.1529 382
12.17302 390
12.19313 342
12.21324 383
12.23336 382
12.25347 358
12.27359 376
12.2937 350
12.31381 365
12.33393 378
12.35404 388
12.37415 378
12.39427 330
12.41438 364
12.4345 333
12.45461 353
12.47472 322
12.49484 308
12.51495 286
12.53506 290
12.55518 314
12.57529 356
12.5954 299
12.61552 277
12.63563 263
12.65575 284
12.67586 296
12.69597 270
12.71609 309
12.7362 301
12.75631 266
12.77643 294
12.79654 279
12.81666 252
12.83677 279
12.85688 271
12.877 286
12.89711 257
12.91722 266
12.93734 270
12.95745 284
12.97757 275
12.99768 291
13.01779 265
13.03791 278
13.05802 277
13.07813 268
13.09825 313
13.11836 262
13.13847 279
13.15859 275
13.1787 267
13.19882 245
13.21893 247
13.23904 269
13.25916 263
13.27927 251
13.29938 244
13.3195 219
13.33961 265
13.35973 232
13.37984 234
13.39995 210
13.42007 237
13.44018 256
13.46029 218
13.48041 246
13.50052 235
13.52064 242
13.54075 283
13.56086 263
13.58098 257
13.60109 302
13.6212 308
13.64132 299
13.66143 320
13.68154 322
13.70166 263
13.72177 249
13.74189 230
13.762 216
13.78211 257
13.80223 240
13.82234 242
13.84245 244
13.86257 218
13.88268 239
13.9028 234
13.92291 251
13.94302 231
13.96314 242
13.98325 235
14.00336 234
14.02348 252
14.04359 218
14.06371 247
14.08382 221
14.10393 258
14.12405 249
14.14416 246
14.16427 224
14.18439 221
14.2045 240
14.22461 224
14.24473 215
14.26484 230
14.28496 206
14.30507 200
14.32518 227
14.3453 243
14.36541 235
14.38552 208
14.40564 218
14.42575 223
14.44587 249
14.46598 210
14.48609 227
14.50621 226
14.52632 226
14.54643 255
14.56655 219
14.58666 220
14.60677 204
14.62689 226
14.647 239
14.66712 226
14.68723 220
14.70734 233
14.72746 202
14.74757 200
14.76768 232
14.7878 243
14.80791 225
14.82803 231
14.84814 248
14.86825 251
14.88837 240
14.90848 271
14.92859 256
14.94871 243
14.96882 240
14.98894 224
15.00905 252
15.02916 245
15.04928 235
15.06939 224
15.0895 236
15.10962 227
15.12973 221
15.14984 225
15.16996 228
15.19007 241
15.21019 250
15.2303 235
15.25041 210
15.27053 228
15.29064 245
15.31075 234
15.33087 185
15.35098 222
15.3711 228
15.39121 222
15.41132 204
15.43144 226
15.45155 204
15.47166 217
15.49178 201
15.51189 237
15.53201 217
15.55212 233
15.57223 179
15.59235 220
15.61246 211
15.63257 217
15.65269 205
15.6728 237
15.69291 222
15.71303 190
15.73314 198
15.75326 242
15.77337 211
15.79348 222
15.8136 192
15.83371 194
15.85382 213
15.87394 239
15.89405 214
15.91417 229
15.93428 197
15.95439 237
15.97451 179
15.99462 172
16.01473 202
16.03485 205
16.05496 186
16.07508 181
16.09519 204
16.1153 186
16.13542 200
16.15553 230
16.17564 187
16.19576 186
16.21587 207
16.23598 216
16.2561 215
16.27621 196
16.29633 210
16.31644 213
16.33655 192
16.35667 174
16.37678 202
16.39689 220
16.41701 193
16.43712 189
16.45724 244
16.47735 217
16.49746 170
16.51758 182
16.53769 199
16.5578 219
16.57792 172
16.59803 201
16.61814 188
16.63826 204
16.65837 210
16.67849 211
16.6986 212
16.71871 201
16.73883 228
16.75894 206
16.77905 210
16.79917 192
16.81928 210
16.8394 210
16.85951 219
16.87962 215
16.89974 214
16.91985 223
16.93996 214
16.96008 232
16.98019 204
17.00031 186
17.02042 175
17.04053 192
17.06065 191
17.08076 205
17.10087 217
17.12099 214
17.1411 207
17.16121 181
17.18133 223
17.20144 220
17.22156 225
17.24167 207
17.26178 223
17.2819 223
17.30201 188
17.32212 210
17.34224 190
17.36235 213
17.38247 189
17.40258 198
17.42269 212
17.44281 198
17.46292 212
17.48303 188
17.50315 208
17.52326 217
17.54338 217
17.56349 221
17.5836 213
17.60372 218
17.62383 194
17.64394 191
17.66406 198
17.68417 228
17.70428 208
17.7244 190
17.74451 209
17.76463 211
17.78474 198
17.80485 210
17.82497 183
17.84508 212
17.86519 200
17.88531 199
17.90542 212
17.92554 202
17.94565 219
17.96576 233
17.98588 199
18.00599 220
18.0261 217
18.04622 224
18.06633 198
18.08645 203
18.10656 216
18.12667 219
18.14679 196
18.1669 220
18.18701 222
18.20713 208
18.22724 223
18.24735 173
18.26747 189
18.28758 197
18.3077 213
18.32781 209
18.34792 212
18.36804 218
18.38815 189
18.40826 189
18.42838 193
18.44849 201
18.46861 203
18.48872 204
18.50883 204
18.52895 201
18.54906 212
18.56917 221
18.58929 202
18.6094 215
18.62951 205
18.64963 204
18.66974 204
18.68986 206
18.70997 234
18.73008 220
18.7502 225
18.77031 209
18.79042 189
18.81054 208
18.83065 210
18.85077 212
18.87088 245
18.89099 194
18.91111 207
18.93122 203
18.95133 217
18.97145 238
18.99156 196
19.01168 237
19.03179 194
19.0519 227
19.07202 216
19.09213 206
19.11224 210
19.13236 232
19.15247 223
19.17258 210
19.1927 257
19.21281 265
19.23293 253
19.25304 207
19.27315 239
19.29327 248
19.31338 253
19.33349 233
19.35361 246
19.37372 233
19.39384 217
19.41395 228
19.43406 225
19.45418 283
19.47429 222
19.4944 226
19.51452 246
19.53463 246
19.55475 251
19.57486 248
19.59497 256
19.61509 268
19.6352 261
19.65531 289
19.67543 275
19.69554 276
19.71565 314
19.73577 301
19.75588 376
19.776 377
19.79611 392
19.81622 356
19.83634 397
19.85645 373
19.87656 368
19.89668 405
19.91679 457
19.93691 424
19.95702 394
19.97713 448
19.99725 416
20.01736 377
20.03747 454
20.05759 375
20.0777 386
20.09782 411
20.11793 350
20.13804 413
20.15816 395
20.17827 390
20.19838 397
20.2185 389
20.23861 395
20.25872 395
20.27884 369
20.29895 407
20.31907 393
20.33918 401
20.35929 399
20.37941 427
20.39952 455
20.41963 431
20.43975 462
20.45986 444
20.47998 414
20.50009 448
20.5202 448
20.54032 495
20.56043 478
20.58054 498
20.60066 584
20.62077 652
20.64088 734
20.661 846
20.68111 1037
20.70123 1329
20.72134 1666
20.74145 2164
20.76157 2872
20.78168 3532
20.80179 4149
20.82191 4761
20.84202 4934
20.86214 4937
20.88225 4070
20.90236 3295
20.92248 2524
20.94259 1880
20.9627 1457
20.98282 1255
21.00293 1071
21.02305 980
21.04316 936
21.06327 797
21.08339 749
21.1035 641
21.12361 584
21.14373 517
21.16384 464
21.18395 423
21.20407 439
21.22418 422
21.2443 421
21.26441 416
21.28452 407
21.30464 388
21.32475 363
21.34486 414
21.36498 409
21.38509 379
21.40521 369
21.42532 406
21.44543 388
21.46555 356
21.48566 355
21.50577 383
21.52589 364
21.546 363
21.56612 349
21.58623 358
21.60634 362
21.62646 340
21.64657 351
21.66668 300
21.6868 327
21.70691 304
21.72702 322
21.74714 308
21.76725 308
21.78737 315
21.80748 335
21.82759 314
21.84771 349
21.86782 338
21.88793 348
21.90805 377
21.92816 370
21.94828 381
21.96839 391
21.9885 410
22.00862 424
22.02873 397
22.04884 380
22.06896 395
22.08907 363
22.10919 366
22.1293 322
22.14941 317
22.16953 343
22.18964 342
22.20975 380
22.22987 360
22.24998 349
22.27009 420
22.29021 410
22.31032 371
22.33044 395
22.35055 388
22.37066 368
22.39078 323
22.41089 344
22.431 300
22.45112 293
22.47123 313
22.49135 322
22.51146 326
22.53157 294
22.55169 329
22.5718 331
22.59191 339
22.61203 290
22.63214 328
22.65225 324
22.67237 336
22.69248 268
22.7126 310
22.73271 295
22.75282 297
22.77294 264
22.79305 288
22.81316 286
22.83328 299
22.85339 327
22.87351 282
22.89362 274
22.91373 316
22.93385 345
22.95396 322
22.97407 353
22.99419 359
23.0143 365
23.03442 410
23.05453 419
23.07464 427
23.09476 476
23.11487 491
23.13498 445
23.1551 492
23.17521 524
23.19532 541
23.21544 498
23.23555 472
23.25567 437
23.27578 382
23.29589 397
23.31601 317
23.33612 299
23.35623 317
23.37635 331
23.39646 296
23.41658 313
23.43669 299
23.4568 325
23.47692 303
23.49703 311
23.51714 318
23.53726 387
23.55737 347
23.57749 331
23.5976 287
23.61771 354
23.63783 329
23.65794 340
23.67805 307
23.69817 317
23.71828 315
23.73839 323
23.75851 297
23.77862 305
23.79874 374
23.81885 368
23.83896 355
23.85908 436
23.87919 468
23.8993 453
23.91942 506
23.93953 564
23.95965 575
23.97976 583
23.99987 604
24.01999 526
24.0401 498
24.06021 450
24.08033 442
24.10044 413
24.12056 365
24.14067 350
24.16078 379
24.1809 356
24.20101 402
24.22112 395
24.24124 415
24.26135 433
24.28146 439
24.30158 413
24.32169 430
24.34181 430
24.36192 392
24.38203 355
24.40215 331
24.42226 363
24.44237 319
24.46249 349
24.4826 326
24.50272 309
24.52283 334
24.54294 409
24.56306 365
24.58317 345
24.60328 368
24.6234 338
24.64351 418
24.66362 381
24.68374 403
24.70385 410
24.72397 390
24.74408 398
24.76419 404
24.78431 406
24.80442 417
24.82453 449
24.84465 420
24.86476 440
24.88488 409
24.90499 400
24.9251 442
24.94522 374
24.96533 408
24.98544 371
25.00556 357
25.02567 393
25.04579 358
25.0659 357
25.08601 400
25.10613 364
25.12624 391
25.14635 366
25.16647 361
25.18658 365
25.20669 342
25.22681 398
25.24692 342
25.26704 401
25.28715 356
25.30726 363
25.32738 377
25.34749 410
25.3676 437
25.38772 414
25.40783 487
25.42795 515
25.44806 540
25.46817 629
25.48829 652
25.5084 700
25.52851 691
25.54863 666
25.56874 631
25.58886 632
25.60897 585
25.62908 651
25.6492 626
25.66931 578
25.68942 600
25.70954 539
25.72965 483
25.74976 485
25.76988 457
25.78999 430
25.81011 433
25.83022 446
25.85033 439
25.87045 426
25.89056 428
25.91067 485
25.93079 436
25.9509 437
25.97102 447
25.99113 499
26.01124 460
26.03136 500
26.05147 509
26.07158 507
26.0917 479
26.11181 557
26.13193 625
26.15204 635
26.17215 646
26.19227 745
26.21238 791
26.23249 840
26.25261 949
26.27272 1076
26.29283 1202
26.31295 1326
26.33306 1470
26.35318 1799
26.37329 2010
26.3934 2496
26.41352 2915
26.43363 3739
26.45374 4486
26.47386 6044
26.49397 7628
26.51409 9774
26.5342 12445
26.55431 15685
26.57443 18543
26.59454 20630
26.61465 22058
26.63477 21493
26.65488 18745
26.67499 14957
26.69511 11324
26.71522 8448
26.73534 5597
26.75545 3474
26.77556 2240
26.79568 1681
26.81579 1354
26.8359 1159
26.85602 1087
26.87613 1062
26.89625 1010
26.91636 943
26.93647 921
26.95659 923
26.9767 919
26.99681 1014
27.01693 978
27.03704 924
27.05716 1014
27.07727 847
27.09738 844
27.1175 749
27.13761 709
27.15772 655
27.17784 609
27.19795 613
27.21806 684
27.23818 745
27.25829 713
27.27841 849
27.29852 864
27.31863 1006
27.33875 1097
27.35886 1160
27.37897 1271
27.39909 1319
27.4192 1392
27.43932 1315
27.45943 1316
27.47954 1172
27.49966 1090
27.51977 937
27.53988 831
27.56 710
27.58011 609
27.60023 545
27.62034 493
27.64045 449
27.66057 427
27.68068 472
27.70079 499
27.72091 482
27.74102 473
27.76113 462
27.78125 459
27.80136 469
27.82148 471
27.84159 512
27.8617 479
27.88182 490
27.90193 487
27.92204 446
27.94216 463
27.96227 473
27.98239 469
28.0025 438
28.02261 386
28.04273 319
28.06284 351
28.08295 340
28.10307 304
28.12318 328
28.1433 354
28.16341 314
28.18352 319
28.20364 319
28.22375 337
28.24386 292
28.26398 316
28.28409 363
28.3042 292
28.32432 286
28.34443 306
28.36455 323
28.38466 295
28.40477 297
28.42489 278
28.445 290
28.46511 278
28.48523 255
28.50534 265
28.52546 271
28.54557 280
28.56568 267
28.5858 295
28.60591 297
28.62602 282
28.64614 276
28.66625 257
28.68636 256
28.70648 278
28.72659 276
28.74671 266
28.76682 268
28.78693 268
28.80705 281
28.82716 289
28.84727 284
28.86739 267
28.8875 255
28.90762 269
28.92773 259
28.94784 284
28.96796 282
28.98807 281
29.00818 278
29.0283 275
29.04841 254
29.06853 261
29.08864 292
29.10875 281
29.12887 263
29.14898 285
29.16909 297
29.18921 260
29.20932 276
29.22943 299
29.24955 283
29.26966 288
29.28978 293
29.30989 311
29.33 402
29.35012 359
29.37023 430
29.39034 393
29.41046 434
29.43057 431
29.45069 408
29.4708 387
29.49091 375
29.51103 334
29.53114 326
29.55125 303
29.57137 311
29.59148 305
29.6116 295
29.63171 271
29.65182 279
29.67194 276
29.69205 258
29.71216 276
29.73228 296
29.75239 262
29.7725 329
29.79262 326
29.81273 278
29.83285 291
29.85296 308
29.87307 293
29.89319 322
29.9133 331
29.93341 311
29.95353 322
29.97364 311
29.99376 345
30.01387 360
30.03398 336
30.0541 348
30.07421 368
30.09432 392
30.11444 399
30.13455 468
30.15467 435
30.17478 465
30.19489 536
30.21501 441
30.23512 409
30.25523 463
30.27535 388
30.29546 345
30.31557 308
30.33569 328
30.3558 355
30.37592 353
30.39603 302
30.41614 309
30.43626 313
30.45637 291
30.47648 297
30.4966 263
30.51671 279
30.53683 271
30.55694 305
30.57705 295
30.59717 312
30.61728 355
30.63739 333
30.65751 402
30.67762 412
30.69773 426
30.71785 479
30.73796 435
30.75808 469
30.77819 438
30.7983 447
30.81842 391
30.83853 402
30.85864 376
30.87876 405
30.89887 340
30.91899 336
30.9391 311
30.95921 311
30.97933 299
30.99944 270
31.01955 235
31.03967 240
31.05978 223
31.0799 245
31.10001 251
31.12012 211
31.14024 240
31.16035 256
31.18046 236
31.20058 219
31.22069 222
31.2408 259
31.26092 222
31.28103 264
31.30115 257
31.32126 245
31.34137 240
31.36149 241
31.3816 244
31.40171 233
31.42183 219
31.44194 196
31.46206 220
31.48217 223
31.50228 239
31.5224 228
31.54251 236
31.56262 236
31.58274 233
31.60285 243
31.62297 228
31.64308 216
31.66319 267
31.68331 260
31.70342 236
31.72353 235
31.74365 233
31.76376 236
31.78387 250
31.80399 223
31.8241 222
31.84422 260
31.86433 246
31.88444 218
31.90456 253
31.92467 247
31.94478 195
31.9649 228
31.98501 235
32.00513 252
32.02524 267
32.04535 307
32.06547 280
32.08558 287
32.10569 266
32.12581 291
32.14592 263
32.16604 289
32.18615 281
32.20626 268
32.22638 271
32.24649 250
32.2666 277
32.28672 257
32.30683 259
32.32694 287
32.34706 282
32.36717 289
32.38729 300
32.4074 320
32.42751 303
32.44763 331
32.46774 305
32.48785 272
32.50797 298
32.52808 277
32.5482 276
32.56831 252
32.58842 225
32.60854 240
32.62865 262
32.64876 225
32.66888 230
32.68899 221
32.7091 241
32.72922 232
32.74933 242
32.76945 214
32.78956 239
32.80967 219
32.82979 214
32.8499 235
32.87001 231
32.89013 254
32.91024 270
32.93036 244
32.95047 230
32.97058 235
32.9907 238
33.01081 256
33.03092 249
33.05104 245
33.07115 238
33.09127 238
33.11138 247
33.13149 269
33.15161 246
33.17172 236
33.19183 239
33.21195 246
33.23206 242
33.25217 230
33.27229 256
33.2924 262
33.31252 265
33.33263 213
33.35274 221
33.37286 250
33.39297 265
33.41308 252
33.4332 230
33.45331 253
33.47343 237
33.49354 228
33.51365 241
33.53377 239
33.55388 241
33.57399 239
33.59411 230
33.61422 242
33.63434 251
33.65445 250
33.67456 268
33.69468 258
33.71479 225
33.7349 261
33.75502 235
33.77513 239
33.79524 251
33.81536 269
33.83547 251
33.85559 225
33.8757 238
33.89581 242
33.91593 232
33.93604 284
33.95615 285
33.97627 251
33.99638 264
34.0165 262
34.03661 325
34.05672 312
34.07684 276
34.09695 325
34.11706 340
34.13718 339
34.15729 333
34.17741 376
34.19752 370
34.21763 353
34.23775 336
34.25786 287
34.27797 311
34.29809 308
34.3182 288
34.33831 271
34.35843 289
34.37854 271
34.39866 250
34.41877 273
34.43888 285
34.459 266
34.47911 271
34.49922 304
34.51934 271
34.53945 297
34.55957 333
34.57968 291
34.59979 297
34.61991 290
34.64002 347
34.66013 342
34.68025 343
34.70036 321
34.72047 326
34.74059 371
34.7607 331
34.78082 336
34.80093 376
34.82104 360
34.84116 354
34.86127 357
34.88138 392
34.9015 371
34.92161 372
34.94173 401
34.96184 374
34.98195 375
35.00207 334
35.02218 372
35.04229 349
35.06241 380
35.08252 350
35.10264 334
35.12275 385
35.14286 320
35.16298 338
35.18309 342
35.2032 307
35.22332 345
35.24343 323
35.26354 340
35.28366 337
35.30377 360
35.32389 372
35.344 341
35.36411 374
35.38423 339
35.40434 350
35.42445 397
35.44457 417
35.46468 424
35.4848 408
35.50491 413
35.52502 377
35.54514 426
35.56525 410
35.58536 433
35.60548 408
35.62559 368
35.64571 349
35.66582 380
35.68593 342
35.70605 322
35.72616 339
35.74627 350
35.76639 357
35.7865 342
35.80661 318
35.82673 309
35.84684 335
35.86696 344
35.88707 340
35.90718 334
35.9273 355
35.94741 307
35.96752 301
35.98764 303
36.00775 272
36.02787 297
36.04798 289
36.06809 305
36.08821 305
36.10832 322
36.12843 312
36.14855 324
36.16866 327
36.18878 338
36.20889 339
36.229 349
36.24912 382
36.26923 434
36.28934 409
36.30946 512
36.32957 576
36.34968 697
36.3698 727
36.38991 833
36.41003 907
36.43014 1097
36.45025 1289
36.47037 1479
36.49048 1511
36.51059 1681
36.53071 1689
36.55082 1460
36.57094 1270
36.59105 1097
36.61116 941
36.63128 806
36.65139 691
36.6715 512
36.69162 425
36.71173 391
36.73184 369
36.75196 389
36.77207 357
36.79219 353
36.8123 366
36.83241 379
36.85253 374
36.87264 361
36.89275 397
36.91287 397
36.93298 399
36.9531 360
36.97321 376
36.99332 368
37.01344 348
37.03355 339
37.05366 322
37.07378 308
37.09389 327
37.11401 335
37.13412 314
37.15423 266
37.17435 296
37.19446 290
37.21457 283
37.23469 297
37.2548 246
37.27491 280
37.29503 279
37.31514 293
37.33526 276
37.35537 297
37.37548 257
37.3956 277
37.41571 264
37.43582 267
37.45594 270
37.47605 274
37.49617 301
37.51628 305
37.53639 259
37.55651 290
37.57662 283
37.59673 276
37.61685 276
37.63696 302
37.65708 269
37.67719 282
37.6973 285
37.71742 261
37.73753 249
37.75764 285
37.77776 287
37.79787 300
37.81798 273
37.8381 229
37.85821 247
37.87833 272
37.89844 258
37.91855 253
37.93867 260
37.95878 251
37.97889 285
37.99901 241
38.01912 273
38.03924 276
38.05935 276
38.07946 285
38.09958 281
38.11969 291
38.1398 279
38.15992 297
38.18003 286
38.20015 259
38.22026 291
38.24037 287
38.26049 299
38.2806 291
38.30071 303
38.32083 299
38.34094 283
38.36105 292
38.38117 310
38.40128 324
38.4214 312
38.44151 344
38.46162 364
38.48174 349
38.50185 323
38.52196 355
38.54208 327
38.56219 346
38.58231 310
38.60242 322
38.62253 302
38.64265 289
38.66276 302
38.68287 294
38.70299 306
38.7231 267
38.74321 266
38.76333 265
38.78344 270
38.80356 266
38.82367 280
38.84378 281
38.8639 256
38.88401 290
38.90412 276
38.92424 289
38.94435 291
38.96447 263
38.98458 285
39.00469 298
39.02481 279
39.04492 298
39.06503 272
39.08515 296
39.10526 329
39.12538 338
39.14549 343
39.1656 367
39.18572 380
39.20583 375
39.22594 461
39.24606 501
39.26617 567
39.28628 648
39.3064 715
39.32651 880
39.34663 1030
39.36674 1174
39.38685 1294
39.40697 1405
39.42708 1459
39.44719 1469
39.46731 1397
39.48742 1261
39.50754 1056
39.52765 913
39.54776 776
39.56788 692
39.58799 577
39.6081 438
39.62822 341
39.64833 320
39.66845 267
39.68856 272
39.70867 267
39.72879 258
39.7489 283
39.76901 300
39.78913 301
39.80924 281
39.82935 283
39.84947 240
39.86958 269
39.8897 243
39.90981 264
39.92992 299
39.95004 279
39.97015 277
39.99026 290
40.01038 307
40.03049 348
40.05061 350
40.07072 329
40.09083 372
40.11095 426
40.13106 471
40.15117 592
40.17129 637
40.1914 704
40.21152 764
40.23163 826
40.25174 864
40.27186 861
40.29197 814
40.31208 714
40.3322 623
40.35231 606
40.37242 526
40.39254 462
40.41265 427
40.43277 348
40.45288 291
40.47299 294
40.49311 272
40.51322 290
40.53333 255
40.55345 277
40.57356 228
40.59368 262
40.61379 239
40.6339 222
40.65402 244
40.67413 226
40.69424 223
40.71436 219
40.73447 221
40.75458 212
40.7747 227
40.79481 247
40.81493 243
40.83504 234
40.85515 266
40.87527 240
40.89538 229
40.91549 226
40.93561 250
40.95572 245
40.97584 238
40.99595 250
41.01606 233
41.03618 236
41.05629 268
41.0764 246
41.09652 248
41.11663 254
41.13675 242
41.15686 243
41.17697 232
41.19709 252
41.2172 260
41.23731 221
41.25743 280
41.27754 240
41.29765 248
41.31777 238
41.33788 250
41.358 266
41.37811 227
41.39822 270
41.41834 254
41.43845 247
41.45856 279
41.47868 264
41.49879 250
41.51891 243
41.53902 297
41.55913 274
41.57925 301
41.59936 303
41.61947 292
41.63959 350
41.6597 359
41.67982 363
41.69993 365
41.72004 414
41.74016 396
41.76027 450
41.78038 453
41.8005 394
41.82061 379
41.84072 372
41.86084 343
41.88095 322
41.90107 311
41.92118 311
41.94129 316
41.96141 279
41.98152 266
42.00163 264
42.02175 273
42.04186 262
42.06198 256
42.08209 279
42.1022 281
42.12232 318
42.14243 295
42.16254 310
42.18266 370
42.20277 368
42.22289 406
42.243 421
42.26311 500
42.28323 593
42.30334 653
42.32345 757
42.34357 838
42.36368 992
42.38379 1032
42.40391 1159
42.42402 1094
42.44414 1055
42.46425 967
42.48436 853
42.50448 725
42.52459 642
42.5447 660
42.56482 561
42.58493 457
42.60505 328
42.62516 298
42.64527 322
42.66539 319
42.6855 281
42.70561 285
42.72573 277
42.74584 283
42.76595 273
42.78607 281
42.80618 294
42.8263 271
42.84641 255
42.86652 241
42.88664 229
42.90675 208
42.92686 246
42.94698 218
42.96709 213
42.98721 215
43.00732 219
43.02743 228
43.04755 252
43.06766 224
43.08777 223
43.10789 238
43.128 244
43.14812 224
43.16823 229
43.18834 235
43.20846 228
43.22857 224
43.24868 217
43.2688 247
43.28891 221
43.30902 226
43.32914 236
43.34925 232
43.36937 216
43.38948 228
43.40959 250
43.42971 208
43.44982 230
43.46993 233
43.49005 233
43.51016 237
43.53028 224
43.55039 216
43.5705 238
43.59062 216
43.61073 213
43.63084 193
43.65096 240
43.67107 198
43.69119 219
43.7113 200
43.73141 195
43.75153 205
43.77164 211
43.79175 233
43.81187 200
43.83198 213
43.85209 216
43.87221 199
43.89232 218
43.91244 215
43.93255 233
43.95266 217
43.97278 199
43.99289 236
44.013 199
44.03312 206
44.05323 220
44.07335 199
44.09346 241
44.11357 226
44.13369 235
44.1538 241
44.17391 197
44.19403 227
44.21414 211
44.23426 223
44.25437 215
44.27448 217
44.2946 214
44.31471 204
44.33482 213
44.35494 228
44.37505 202
44.39516 215
44.41528 222
44.43539 213
44.45551 240
44.47562 220
44.49573 226
44.51585 229
44.53596 193
44.55607 227
44.57619 260
44.5963 230
44.61642 216
44.63653 200
44.65664 242
44.67676 223
44.69687 203
44.71698 197
44.7371 208
44.75721 215
44.77732 222
44.79744 212
44.81755 224
44.83767 230
44.85778 200
44.87789 202
44.89801 208
44.91812 210
44.93823 225
44.95835 221
44.97846 237
44.99858 214
45.01869 228
45.0388 212
45.05892 256
45.07903 205
45.09914 235
45.11926 206
45.13937 234
45.15949 231
45.1796 215
45.19971 240
45.21983 225
45.23994 240
45.26005 259
45.28017 243
45.30028 267
45.32039 223
45.34051 240
45.36062 253
45.38074 264
45.40085 290
45.42096 296
45.44108 314
45.46119 311
45.4813 335
45.50142 326
45.52153 345
45.54165 347
45.56176 403
45.58187 447
45.60199 433
45.6221 496
45.64221 542
45.66233 597
45.68244 715
45.70256 741
45.72267 797
45.74278 830
45.7629 860
45.78301 778
45.80312 743
45.82324 636
45.84335 538
45.86346 503
45.88358 509
45.90369 472
45.92381 375
45.94392 361
45.96403 310
45.98415 258
46.00426 245
46.02437 254
46.04449 234
46.0646 211
46.08472 242
46.10483 243
46.12494 232
46.14506 239
46.16517 211
46.18528 255
46.2054 232
46.22551 243
46.24563 238
46.26574 224
46.28585 235
46.30597 235
46.32608 228
46.34619 204
46.36631 207
46.38642 220
46.40653 215
46.42665 234
46.44676 221
46.46688 200
46.48699 206
46.5071 198
46.52722 210
46.54733 198
46.56744 207
46.58756 208
46.60767 183
46.62779 232
46.6479 212
46.66801 212
46.68813 222
46.70824 221
46.72835 184
46.74847 201
46.76858 197
46.78869 218
46.80881 210
46.82892 233
46.84904 227
46.86915 226
46.88926 200
46.90938 192
46.92949 210
46.9496 259
46.96972 198
46.98983 270
47.00995 251
47.03006 280
47.05017 253
47.07029 264
47.0904 251
47.11051 256
47.13063 274
47.15074 243
47.17086 237
47.19097 220
47.21108 261
47.2312 241
47.25131 225
47.27142 235
47.29154 212
47.31165 233
47.33176 233
47.35188 233
47.37199 259
47.39211 259
47.41222 247
47.43233 292
47.45245 242
47.47256 221
47.49267 216
47.51279 238
47.5329 239
47.55302 222
47.57313 225
47.59324 246
47.61336 222
47.63347 235
47.65358 209
47.6737 235
47.69381 197
47.71393 214
47.73404 213
47.75415 210
47.77427 210
47.79438 222
47.81449 220
47.83461 197
47.85472 231
47.87483 216
47.89495 213
47.91506 224
47.93518 204
47.95529 203
47.9754 201
47.99552 207
48.01563 223
48.03574 210
48.05586 214
48.07597 207
48.09609 190
48.1162 208
48.13631 199
48.15643 226
48.17654 195
48.19665 208
48.21677 197
48.23688 206
48.257 218
48.27711 191
48.29722 225
48.31734 197
48.33745 233
48.35756 190
48.37768 191
48.39779 241
48.4179 233
48.43802 222
48.45813 209
48.47825 220
48.49836 199
48.51847 217
48.53859 201
48.5587 212
48.57881 201
48.59893 217
48.61904 218
48.63916 206
48.65927 226
48.67938 246
48.6995 253
48.71961 231
48.73972 269
48.75984 209
48.77995 257
48.80006 220
48.82018 243
48.84029 247
48.86041 272
48.88052 217
48.90063 255
48.92075 252
48.94086 280
48.96097 257
48.98109 244
49.0012 248
49.02132 226
49.04143 305
49.06154 239
49.08166 231
49.10177 253
49.12188 265
49.142 250
49.16211 216
49.18223 248
49.20234 230
49.22245 241
49.24257 240
49.26268 216
49.28279 247
49.30291 210
49.32302 214
49.34313 246
49.36325 220
49.38336 222
49.40348 219
49.42359 205
49.4437 248
49.46382 230
49.48393 224
49.50404 223
49.52416 246
49.54427 252
49.56439 267
49.5845 245
49.60461 242
49.62473 289
49.64484 298
49.66495 274
49.68507 324
49.70518 327
49.7253 307
49.74541 373
49.76552 360
49.78564 362
49.80575 419
49.82586 481
49.84598 474
49.86609 607
49.8862 635
49.90632 730
49.92643 815
49.94655 1015
49.96666 1120
49.98677 1313
50.00689 1503
50.027 1778
50.04711 2057
50.06723 2205
50.08734 2261
50.10746 2262
50.12757 2213
50.14768 1951
50.1678 1674
50.18791 1413
50.20802 1269
50.22814 1250
50.24825 1184
50.26837 988
50.28848 829
50.30859 644
50.32871 488
50.34882 461
50.36893 416
50.38905 430
50.40916 383
50.42927 449
50.44939 417
50.4695 453
50.48962 480
50.50973 452
50.52984 443
50.54996 461
50.57007 445
50.59018 372
50.6103 418
50.63041 399
50.65053 358
50.67064 330
50.69075 328
50.71087 312
50.73098 310
50.75109 303
50.77121 292
50.79132 316
50.81143 311
50.83155 281
50.85166 281
50.87178 260
50.89189 268
50.912 278
50.93212 260
50.95223 241
50.97234 255
50.99246 256
51.01257 229
51.03269 239
51.0528 247
51.07291 245
51.09303 227
51.11314 243
51.13325 260
51.15337 220
51.17348 220
51.1936 223
51.21371 237
51.23382 225
51.25394 212
51.27405 233
51.29416 237
51.31428 207
51.33439 189
51.3545 196
51.37462 216
51.39473 201
51.41485 207
51.43496 165
51.45507 208
51.47519 179
51.4953 194
51.51541 214
51.53553 193
51.55564 201
51.57576 197
51.59587 228
51.61598 230
51.6361 199
51.65621 200
51.67632 179
51.69644 203
51.71655 201
51.73667 192
51.75678 193
51.77689 200
51.79701 202
51.81712 212
51.83723 209
51.85735 184
51.87746 199
51.89757 213
51.91769 173
51.9378 197
51.95792 189
51.97803 195
51.99814 196
52.01826 198
52.03837 178
52.05848 200
52.0786 210
52.09871 197
52.11883 192
52.13894 191
52.15905 193
52.17917 203
52.19928 194
52.21939 204
52.23951 183
52.25962 207
52.27974 184
52.29985 198
52.31996 200
52.34008 190
52.36019 202
52.3803 200
52.40042 228
52.42053 190
52.44064 205
52.46076 209
52.48087 236
52.50099 225
52.5211 210
52.54121 199
52.56133 216
52.58144 217
52.60155 222
52.62167 233
52.64178 201
52.6619 217
52.68201 215
52.70212 207
52.72224 197
52.74235 177
52.76246 207
52.78258 187
52.80269 189
52.8228 213
52.84292 211
52.86303 210
52.88315 208
52.90326 197
52.92337 209
52.94349 194
52.9636 203
52.98371 212
53.00383 229
53.02394 190
53.04406 205
53.06417 172
53.08428 203
53.1044 198
53.12451 234
53.14462 211
53.16474 244
53.18485 204
53.20497 191
53.22508 231
53.24519 199
53.26531 204
53.28542 229
53.30553 216
53.32565 218
53.34576 214
53.36587 208
53.38599 232
53.4061 222
53.42622 228
53.44633 231
53.46644 213
53.48656 207
53.50667 223
53.52678 231
53.5469 205
53.56701 228
53.58713 243
53.60724 222
53.62735 201
53.64747 229
53.66758 212
53.68769 230
53.70781 247
53.72792 189
53.74804 243
53.76815 234
53.78826 241
53.80838 202
53.82849 217
53.8486 251
53.86872 255
53.88883 230
53.90894 261
53.92906 253
53.94917 240
53.96929 251
53.9894 251
54.00951 235
54.02963 252
54.04974 231
54.06985 276
54.08997 215
54.11008 235
54.1302 235
54.15031 239
54.17042 245
54.19054 236
54.21065 246
54.23076 225
54.25088 228
54.27099 253
54.29111 245
54.31122 247
54.33133 254
54.35145 249
54.37156 259
54.39167 247
54.41179 301
54.4319 282
54.45201 271
54.47213 270
54.49224 315
54.51236 300
54.53247 296
54.55258 312
54.5727 294
54.59281 335
54.61292 336
54.63304 407
54.65315 414
54.67327 433
54.69338 465
54.71349 526
54.73361 589
54.75372 662
54.77383 698
54.79395 747
54.81406 798
54.83417 814
54.85429 776
54.8744 740
54.89452 690
54.91463 605
54.93474 575
54.95486 547
54.97497 605
54.99508 506
55.0152 449
55.03531 452
55.05543 374
55.07554 361
55.09565 351
55.11577 328
55.13588 370
55.15599 390
55.17611 412
55.19622 379
55.21634 430
55.23645 487
55.25656 533
55.27668 450
55.29679 520
55.3169 483
55.33702 424
55.35713 423
55.37724 422
55.39736 369
55.41747 346
55.43759 364
55.4577 343
55.47781 317
55.49793 325
55.51804 261
55.53815 260
55.55827 264
55.57838 245
55.5985 245
55.61861 245
55.63872 219
55.65884 250
55.67895 248
55.69906 234
55.71918 216
55.73929 208
55.75941 222
55.77952 201
55.79963 222
55.81975 247
55.83986 207
55.85997 206
55.88009 203
55.9002 223
55.92031 210
55.94043 225
55.96054 201
55.98066 199
56.00077 184
56.02088 232
56.041 222
56.06111 222
56.08122 209
56.10134 205
56.12145 217
56.14157 240
56.16168 210
56.18179 221
56.20191 214
56.22202 181
56.24213 213
56.26225 217
56.28236 216
56.30248 213
56.32259 195
56.3427 206
56.36282 211
56.38293 209
56.40304 209
56.42316 243
56.44327 202
56.46338 194
56.4835 217
56.50361 222
56.52373 210
56.54384 188
56.56395 220
56.58407 208
56.60418 238
56.62429 191
56.64441 220
56.66452 224
56.68464 217
56.70475 250
56.72486 190
56.74498 208
56.76509 211
56.7852 223
56.80532 249
56.82543 222
56.84554 215
56.86566 242
56.88577 235
56.90589 201
56.926 227
56.94611 187
56.96623 208
56.98634 211
57.00645 201
57.02657 210
57.04668 218
57.0668 226
57.08691 223
57.10702 242
57.12714 212
57.14725 238
57.16736 224
57.18748 240
57.20759 251
57.22771 238
57.24782 231
57.26793 217
57.28805 229
57.30816 227
57.32827 232
57.34839 216
57.3685 252
57.38861 229
57.40873 234
57.42884 217
57.44896 212
57.46907 225
57.48918 228
57.5093 217
57.52941 220
57.54952 193
57.56964 189
57.58975 197
57.60987 192
57.62998 187
57.65009 182
57.67021 196
57.69032 224
57.71043 188
57.73055 200
57.75066 182
57.77078 214
57.79089 218
57.811 198
57.83112 180
57.85123 212
57.87134 194
57.89146 215
57.91157 197
57.93168 185
57.9518 203
57.97191 209
57.99203 226
58.01214 203
58.03225 224
58.05237 219
58.07248 222
58.09259 225
58.11271 206
58.13282 204
58.15294 212
58.17305 218
58.19316 203
58.21328 208
58.23339 194
58.2535 223
58.27362 220
58.29373 212
58.31385 223
58.33396 208
58.35407 205
58.37419 215
58.3943 217
58.41441 204
58.43453 221
58.45464 200
58.47475 198
58.49487 181
58.51498 225
58.5351 205
58.55521 223
58.57532 233
58.59544 225
58.61555 220
58.63566 221
58.65578 222
58.67589 224
58.69601 202
58.71612 230
58.73623 213
58.75635 197
58.77646 212
58.79657 195
58.81669 218
58.8368 203
58.85691 238
58.87703 203
58.89714 218
58.91726 191
58.93737 215
58.95748 217
58.9776 193
58.99771 209
59.01782 211
59.03794 204
59.05805 211
59.07817 227
59.09828 223
59.11839 218
59.13851 188
59.15862 196
59.17873 198
59.19885 218
59.21896 231
59.23908 211
59.25919 223
59.2793 244
59.29942 230
59.31953 237
59.33964 251
59.35976 234
59.37987 259
59.39998 253
59.4201 241
59.44021 295
59.46033 267
59.48044 257
59.50055 295
59.52067 289
59.54078 324
59.56089 323
59.58101 379
59.60112 354
59.62124 384
59.64135 402
59.66146 432
59.68158 518
59.70169 492
59.7218 606
59.74192 664
59.76203 766
59.78215 867
59.80226 964
59.82237 1087
59.84249 1318
59.8626 1363
59.88271 1403
59.90283 1502
59.92294 1497
59.94305 1371
59.96317 1240
59.98328 1021
60.0034 958
60.02351 898
60.04362 861
60.06374 852
60.08385 816
60.10396 763
60.12408 649
60.14419 538
60.16431 405
60.18442 326
60.20453 290
60.22465 304
60.24476 277
60.26487 266
60.28499 253
60.3051 248
60.32522 245
60.34533 225
60.36544 231
60.38556 259
60.40567 229
60.42578 258
60.4459 221
60.46601 244
60.48612 231
60.50624 243
60.52635 222
60.54647 217
60.56658 200
60.58669 222
60.60681 196
60.62692 207
60.64703 210
60.66715 225
60.68726 203
60.70738 211
60.72749 197
60.7476 215
60.76772 214
60.78783 238
60.80794 212
60.82806 210
60.84817 215
60.86828 220
60.8884 238
60.90851 226
60.92863 235
60.94874 208
60.96885 240
60.98897 231
61.00908 248
61.02919 264
61.04931 237
61.06942 262
61.08954 274
61.10965 260
61.12976 275
61.14988 286
61.16999 259
61.1901 255
61.21022 249
61.23033 233
61.25045 250
61.27056 246
61.29067 223
61.31079 241
61.3309 196
61.35101 220
61.37113 217
61.39124 210
61.41135 196
61.43147 207
61.45158 232
61.4717 228
61.49181 245
61.51192 192
61.53204 222
61.55215 213
61.57226 198
61.59238 220
61.61249 250
61.63261 240
61.65272 236
61.67283 212
61.69295 217
61.71306 220
61.73317 219
61.75329 215
61.7734 225
61.79352 226
61.81363 219
61.83374 235
61.85386 241
61.87397 246
61.89408 250
61.9142 244
61.93431 220
61.95442 216
61.97454 252
61.99465 226
62.01477 245
62.03488 274
62.05499 255
62.07511 229
62.09522 269
62.11533 263
62.13545 274
62.15556 275
62.17568 268
62.19579 319
62.2159 260
62.23602 242
62.25613 263
62.27624 228
62.29636 219
62.31647 297
62.33659 261
62.3567 223
62.37681 239
62.39693 239
62.41704 244
62.43715 256
62.45727 262
62.47738 238
62.49749 217
62.51761 247
62.53772 217
62.55784 233
62.57795 234
62.59806 207
62.61818 227
62.63829 235
62.6584 251
62.67852 221
62.69863 212
62.71875 232
62.73886 242
62.75897 230
62.77909 258
62.7992 218
62.81931 230
62.83943 220
62.85954 250
62.87965 231
62.89977 218
62.91988 231
62.94 249
62.96011 232
62.98022 208
63.00034 243
63.02045 234
63.04056 262
63.06068 254
63.08079 243
63.10091 252
63.12102 246
63.14113 247
63.16125 279
63.18136 239
63.20147 226
63.22159 259
63.2417 261
63.26182 234
63.28193 249
63.30204 230
63.32216 247
63.34227 205
63.36238 242
63.3825 208
63.40261 220
63.42272 226
63.44284 218
63.46295 205
63.48307 226
63.50318 222
63.52329 223
63.54341 256
63.56352 239
63.58363 220
63.60375 283
63.62386 216
63.64398 265
63.66409 230
63.6842 274
63.70432 261
63.72443 262
63.74454 283
63.76466 304
63.78477 323
63.80489 361
63.825 337
63.84511 382
63.86523 369
63.88534 439
63.90545 444
63.92557 442
63.94568 437
63.96579 498
63.98591 508
64.00602 488
64.02614 419
64.04625 421
64.06636 412
64.08648 392
64.10659 315
64.1267 362
64.14682 332
64.16693 329
64.18705 281
64.20716 296
64.22727 279
64.24739 238
64.2675 219
64.28761 218
64.30773 194
64.32784 215
64.34796 219
64.36807 221
64.38818 203
64.4083 187
64.42841 199
64.44852 188
64.46864 213
64.48875 197
64.50886 185
64.52898 195
64.54909 194
64.56921 190
64.58932 201
64.60943 190
64.62955 189
64.64966 182
64.66977 201
64.68989 199
64.71 181
64.73012 194
64.75023 214
64.77034 200
64.79046 199
64.81057 218
64.83068 188
64.8508 227
64.87091 216
64.89102 232
64.91114 231
64.93125 218
64.95137 212
64.97148 227
64.99159 228
65.01171 190
65.03182 215
65.05193 206
65.07205 221
65.09216 226
65.11228 225
65.13239 221
65.1525 203
65.17262 243
65.19273 239
65.21284 223
65.23296 226
65.25307 239
65.27319 226
65.2933 215
65.31341 213
65.33353 218
65.35364 238
65.37375 219
65.39387 207
65.41398 212
65.43409 230
65.45421 208
65.47432 227
65.49444 191
65.51455 202
65.53466 197
65.55478 245
65.57489 215
65.595 242
65.61512 211
65.63523 243
65.65535 234
65.67546 243
65.69557 230
65.71569 252
65.7358 245
65.75591 249
65.77603 251
65.79614 199
65.81626 211
65.83637 228
65.85648 233
65.8766 217
65.89671 232
65.91682 228
65.93694 232
65.95705 226
65.97716 231
65.99728 196
66.01739 217
66.03751 194
66.05762 181
66.07773 221
66.09785 235
66.11796 217
66.13807 222
66.15819 180
66.1783 211
66.19842 202
66.21853 260
66.23864 227
66.25876 215
66.27887 229
66.29898 196
66.3191 211
66.33921 217
66.35933 207
66.37944 225
66.39955 224
66.41967 238
66.43978 240
66.45989 229
66.48001 216
66.50012 225
66.52023 222
66.54035 215
66.56046 214
66.58058 197
66.60069 186
66.6208 218
66.64092 210
66.66103 200
66.68114 232
66.70126 220
66.72137 225
66.74149 212
66.7616 195
66.78171 224
66.80183 216
66.82194 207
66.84205 201
66.86217 211
66.88228 215
66.90239 211
66.92251 200
66.94262 209
66.96274 208
66.98285 238
67.00296 206
67.02308 223
67.04319 191
67.0633 228
67.08342 220
67.10353 206
67.12365 241
67.14376 216
67.16387 230
67.18399 250
67.2041 261
67.22421 246
67.24433 242
67.26444 236
67.28456 234
67.30467 258
67.32478 286
67.3449 303
67.36501 268
67.38512 306
67.40524 331
67.42535 310
67.44546 335
67.46558 377
67.48569 438
67.50581 444
67.52592 501
67.54603 568
67.56615 601
67.58626 659
67.60637 694
67.62649 861
67.6466 830
67.66672 983
67.68683 1078
67.70694 1015
67.72706 921
67.74717 791
67.76728 815
67.7874 718
67.80751 779
67.82763 762
67.84774 745
67.86785 738
67.88797 828
67.90808 863
67.92819 844
67.94831 846
67.96842 879
67.98853 920
68.00865 999
68.02876 1124
68.04888 1203
68.06899 1315
68.0891 1333
68.10922 1311
68.12933 1284
68.14944 1238
68.16956 1179
68.18967 1143
68.20979 1191
68.2299 1153
68.25001 1182
68.27013 1230
68.29024 1198
68.31035 992
68.33047 922
68.35058 744
68.3707 667
68.39081 565
68.41092 514
68.43104 544
68.45115 490
68.47126 472
68.49138 422
68.51149 397
68.5316 337
68.55172 311
68.57183 278
68.59195 225
68.61206 232
68.63217 235
68.65229 236
68.6724 228
68.69251 252
68.71263 243
68.73274 225
68.75286 216
68.77297 241
68.79308 218
68.8132 232
68.83331 246
68.85342 212
68.87354 213
68.89365 213
68.91376 195
68.93388 183
68.95399 200
68.97411 187
68.99422 201
69.01433 222
69.03445 201
69.05456 208
69.07467 194
69.09479 196
69.1149 192
69.13502 205
69.15513 198
69.17524 179
69.19536 205
69.21547 181
69.23558 192
69.2557 192
69.27581 200
69.29593 201
69.31604 168
69.33615 192
69.35627 207
69.37638 181
69.39649 181
69.41661 175
69.43672 176
69.45683 183
69.47695 201
69.49706 208
69.51718 187
69.53729 194
69.5574 182
69.57752 188
69.59763 198
69.61774 187
69.63786 183
69.65797 159
69.67809 172
69.6982 196
69.71831 169
69.73843 186
69.75854 160
69.77865 193
69.79877 219
69.81888 192
69.839 182
69.85911 168
69.87922 204
69.89934 178
69.91945 192
69.93956 190
69.95968 185
69.97979 201
69.9999 198
70.02002 157
70.04013 200
70.06025 183
70.08036 173
70.10047 198
70.12059 163
70.1407 172
70.16081 217
70.18093 183
70.20104 177
70.22116 193
70.24127 179
70.26138 169
70.2815 196
70.30161 174
70.32172 200
70.34184 207
70.36195 168
70.38207 192
70.40218 198
70.42229 195
70.44241 191
70.46252 182
70.48263 176
70.50275 174
70.52286 173
70.54297 230
70.56309 178
70.5832 195
70.60332 197
70.62343 187
70.64354 200
70.66366 198
70.68377 191
70.70388 192
70.724 186
70.74411 185
70.76423 193
70.78434 198
70.80445 184
70.82457 196
70.84468 190
70.86479 178
70.88491 174
70.90502 188
70.92513 165
70.94525 185
70.96536 175
70.98548 183
71.00559 178
71.0257 195
71.04582 185
71.06593 200
71.08604 197
71.10616 196
71.12627 196
71.14639 178
71.1665 194
71.18661 188
71.20673 199
71.22684 188
71.24695 174
71.26707 202
71.28718 193
71.3073 206
71.32741 208
71.34752 207
71.36764 180
71.38775 198
71.40786 204
71.42798 200
71.44809 224
71.4682 199
71.48832 216
71.50843 210
71.52855 214
71.54866 198
71.56877 179
71.58889 196
71.609 208
71.62911 198
71.64923 190
71.66934 227
71.68946 211
71.70957 206
71.72968 198
71.7498 231
71.76991 184
71.79002 205
71.81014 189
71.83025 213
71.85037 226
71.87048 194
71.89059 194
71.91071 221
71.93082 219
71.95093 187
71.97105 205
71.99116 202
72.01127 199
72.03139 209
72.0515 176
72.07162 215
72.09173 212
72.11184 234
72.13196 201
72.15207 197
72.17218 201
72.1923 217
72.21241 224
72.23253 195
72.25264 220
72.27275 196
72.29287 226
72.31298 191
72.33309 182
72.35321 190
72.37332 183
72.39344 196
72.41355 206
72.43366 219
72.45378 213
72.47389 206
72.494 196
72.51412 210
72.53423 192
72.55434 191
72.57446 195
72.59457 194
72.61469 171
72.6348 181
72.65491 202
72.67503 184
72.69514 205
72.71525 213
72.73537 224
72.75548 186
72.7756 222
72.79571 180
72.81582 220
72.83594 217
72.85605 180
72.87616 194
72.89628 211
72.91639 218
72.9365 229
72.95662 249
72.97673 185
72.99685 246
73.01696 226
73.03707 231
73.05719 227
73.0773 259
73.09741 251
73.11753 266
73.13764 272
73.15776 243
73.17787 256
73.19798 279
73.2181 286
73.23821 308
73.25832 327
73.27844 330
73.29855 307
73.31867 387
73.33878 393
73.35889 453
73.37901 433
73.39912 471
73.41923 472
73.43935 477
73.45946 423
73.47957 398
73.49969 351
73.5198 313
73.53992 333
73.56003 311
73.58014 332
73.60026 326
73.62037 345
73.64048 318
73.6606 364
73.68071 266
73.70083 253
73.72094 249
73.74105 234
73.76117 221
73.78128 209
73.80139 223
73.82151 233
73.84162 201
73.86174 203
73.88185 213
73.90196 194
73.92208 209
73.94219 189
73.9623 203
73.98242 201
74.00253 179
74.02264 192
74.04276 213
74.06287 188
74.08299 195
74.1031 199
74.12321 179
74.14333 212
74.16344 182
74.18355 225
74.20367 220
74.22378 207
74.2439 201
74.26401 198
74.28412 182
74.30424 184
74.32435 191
74.34446 203
74.36458 209
74.38469 220
74.40481 219
74.42492 186
74.44503 193
74.46515 187
74.48526 208
74.50537 193
74.52549 206
74.5456 213
74.56571 199
74.58583 224
74.60594 199
74.62606 214
74.64617 233
74.66628 213
74.6864 188
74.70651 206
74.72662 208
74.74674 215
74.76685 217
74.78697 194
74.80708 191
74.82719 209
74.84731 199
74.86742 205
74.88753 197
74.90765 191
74.92776 205
74.94787 205
74.96799 186
74.9881 221
75.00822 190
