3.00117 18459
3.02128 17768
3.0414 17452
3.06151 17069
3.08162 16568
3.10174 15828
3.12185 15373
3.14197 15247
3.16208 14627
3.18219 14454
3.20231 13811
3.22242 13255
3.24253 13139
3.26265 12773
3.28276 12352
3.30288 11819
3.32299 11567
3.3431 11253
3.36322 10622
3.38333 10636
3.40344 10004
3.42356 9493
3.44367 9191
3.46379 8689
3.4839 9036
3.50401 8452
3.52413 7972
3.54424 8169
3.56435 7299
3.58447 7239
3.60458 7055
3.62469 6714
3.64481 6592
3.66492 6119
3.68504 6152
3.70515 5686
3.72526 5638
3.74538 5240
3.76549 5078
3.7856 5042
3.80572 4569
3.82583 4328
3.84595 4295
3.86606 4104
3.88617 3943
3.90629 3893
3.9264 3518
3.94651 3568
3.96663 3306
3.98674 3190
4.00686 2834
4.02697 2771
4.04708 2778
4.0672 2587
4.08731 2620
4.10742 2263
4.12754 2274
4.14765 2183
4.16776 2084
4.18788 2058
4.20799 1866
4.22811 1825
4.24822 1800
4.26833 1721
4.28845 1662
4.30856 1553
4.32867 1480
4.34879 1494
4.3689 1469
4.38902 1437
4.40913 1274
4.42924 1340
4.44936 1338
4.46947 1289
4.48958 1206
4.5097 1128
4.52981 1208
4.54992 1233
4.57004 1132
4.59015 1057
4.61027 997
4.63038 1021
4.65049 1032
4.67061 960
4.69072 960
4.71083 834
4.73095 907
4.75106 918
4.77118 932
4.79129 801
4.8114 747
4.83152 797
4.85163 797
4.87174 747
4.89186 755
4.91197 714
4.93209 701
4.9522 721
4.97231 629
4.99243 647
5.01254 624
5.03265 579
5.05277 619
5.07288 596
5.09299 550
5.11311 621
5.13322 522
5.15334 533
5.17345 551
5.19356 442
5.21368 497
5.23379 505
5.2539 494
5.27402 519
5.29413 455
5.31425 423
5.33436 408
5.35447 400
5.37459 400
5.3947 399
5.41481 395
5.43493 377
5.45504 397
5.47516 386
5.49527 317
5.51538 343
5.5355 339
5.55561 348
5.57572 335
5.59584 280
5.61595 317
5.63606 291
5.65618 282
5.67629 298
5.69641 276
5.71652 263
5.73663 293
5.75675 279
5.77686 265
5.79697 260
5.81709 269
5.8372 305
5.85732 211
5.87743 231
5.89754 254
5.91766 266
5.93777 265
5.95788 257
5.978 228
5.99811 220
6.01823 235
6.03834 211
6.05845 228
6.07857 236
6.09868 232
6.11879 218
6.13891 215
6.15902 212
6.17913 216
6.19925 214
6.21936 209
6.23948 219
6.25959 215
6.2797 221
6.29982 203
6.31993 217
6.34004 201
6.36016 208
6.38027 213
6.40039 192
6.4205 226
6.44061 202
6.46073 178
6.48084 219
6.50095 240
6.52107 186
6.54118 196
6.56129 203
6.58141 163
6.60152 167
6.62164 180
6.64175 176
6.66186 185
6.68198 223
6.70209 185
6.7222 188
6.74232 201
6.76243 189
6.78255 178
6.80266 194
6.82277 173
6.84289 196
6.863 217
6.88311 194
6.90323 177
6.92334 167
6.94346 203
6.96357 202
6.98368 210
7.0038 166
7.02391 222
7.04402 192
7.06414 185
7.08425 184
7.10436 171
7.12448 194
7.14459 200
7.16471 204
7.18482 202
7.20493 192
7.22505 207
7.24516 230
7.26527 227
7.28539 209
7.3055 189
7.32562 216
7.34573 192
7.36584 221
7.38596 207
7.40607 193
7.42618 196
7.4463 192
7.46641 199
7.48653 203
7.50664 179
7.52675 214
7.54687 205
7.56698 233
7.58709 218
7.60721 203
7.62732 211
7.64743 189
7.66755 216
7.68766 189
7.70778 213
7.72789 210
7.748 216
7.76812 185
7.78823 218
7.80834 198
7.82846 206
7.84857 208
7.86869 191
7.8888 208
7.90891 208
7.92903 170
7.94914 219
7.96925 186
7.98937 189
8.00948 233
8.0296 241
8.04971 214
8.06982 219
8.08994 193
8.11005 197
8.13016 223
8.15028 196
8.17039 220
8.1905 186
8.21062 221
8.23073 225
8.25085 207
8.27096 224
8.29107 212
8.31119 217
8.3313 244
8.35141 210
8.37153 206
8.39164 219
8.41176 236
8.43187 200
8.45198 243
8.4721 223
8.49221 221
8.51232 194
8.53244 213
8.55255 227
8.57266 244
8.59278 229
8.61289 232
8.63301 202
8.65312 237
8.67323 241
8.69335 209
8.71346 234
8.73357 209
8.75369 193
8.7738 215
8.79392 216
8.81403 231
8.83414 236
8.85426 212
8.87437 236
8.89448 232
8.9146 229
8.93471 241
8.95483 248
8.97494 231
8.99505 218
9.01517 225
9.03528 247
9.05539 236
9.07551 231
9.09562 209
9.11573 219
9.13585 219
9.15596 182
9.17608 215
9.19619 229
9.2163 224
9.23642 185
9.25653 215
9.27664 225
9.29676 210
9.31687 230
9.33699 230
9.3571 239
9.37721 201
9.39733 234
9.41744 227
9.43755 210
9.45767 224
9.47778 230
9.4979 217
9.51801 217
9.53812 224
9.55824 233
9.57835 207
9.59846 224
9.61858 221
9.63869 210
9.6588 214
9.67892 226
9.69903 258
9.71915 251
9.73926 216
9.75937 256
9.77949 214
9.7996 208
9.81971 198
9.83983 220
9.85994 233
9.88006 207
9.90017 229
9.92028 246
9.9404 218
9.96051 236
9.98062 231
10.00074 254
10.02085 209
10.04097 247
10.06108 198
10.08119 211
10.10131 244
10.12142 196
10.14153 199
10.16165 234
10.18176 198
10.20187 229
10.22199 189
10.2421 255
10.26222 198
10.28233 230
10.30244 242
10.32256 237
10.34267 238
10.36278 195
10.3829 248
10.40301 237
10.42313 255
10.44324 211
10.46335 224
10.48347 209
10.50358 211
10.52369 213
10.54381 229
10.56392 218
10.58403 228
10.60415 237
10.62426 236
10.64438 220
10.66449 258
10.6846 226
10.70472 236
10.72483 245
10.74494 224
10.76506 245
10.78517 223
10.80529 225
10.8254 226
10.84551 233
10.86563 279
10.88574 226
10.90585 237
10.92597 199
10.94608 225
10.9662 206
10.98631 194
11.00642 216
11.02654 221
11.04665 237
11.06676 279
11.08688 239
11.10699 226
11.1271 258
11.14722 230
11.16733 230
11.18745 269
11.20756 198
11.22767 226
11.24779 225
11.2679 215
11.28801 234
11.30813 219
11.32824 219
11.34836 209
11.36847 207
11.38858 257
11.4087 208
11.42881 236
11.44892 228
11.46904 225
11.48915 249
11.50927 239
11.52938 225
11.54949 223
11.56961 220
11.58972 218
11.60983 213
11.62995 228
11.65006 219
11.67017 254
11.69029 270
11.7104 258
11.73052 246
11.75063 221
11.77074 231
11.79086 265
11.81097 241
11.83108 233
11.8512 247
11.87131 232
11.89143 255
11.91154 277
11.93165 274
11.95177 260
11.97188 270
11.99199 254
12.01211 238
12.03222 262
12.05234 278
12.07245 277
12.09256 288
12.11268 270
12.13279 338
12.1529 299
12.17302 336
12.19313 337
12.21324 331
12.23336 350
12.25347 370
12.27359 385
12.2937 394
12.31381 397
12.33393 473
12.35404 419
12.37415 454
12.39427 383
12.41438 404
12.4345 349
12.45461 310
12.47472 299
12.49484 289
12.51495 286
12.53506 270
12.55518 244
12.57529 259
12.5954 240
12.61552 256
12.63563 234
12.65575 264
12.67586 268
12.69597 223
12.71609 239
12.7362 233
12.75631 196
12.77643 200
12.79654 218
12.81666 217
12.83677 232
12.85688 215
12.877 217
12.89711 218
12.91722 204
12.93734 222
12.95745 241
12.97757 202
12.99768 238
13.01779 219
13.03791 214
13.05802 218
13.07813 228
13.09825 232
13.11836 230
13.13847 175
13.15859 258
13.1787 200
13.19882 210
13.21893 196
13.23904 229
13.25916 201
13.27927 212
13.29938 189
13.3195 217
13.33961 201
13.35973 205
13.37984 215
13.39995 219
13.42007 203
13.44018 225
13.46029 208
13.48041 219
13.50052 198
13.52064 195
13.54075 173
13.56086 214
13.58098 201
13.60109 185
13.6212 205
13.64132 246
13.66143 183
13.68154 209
13.70166 188
13.72177 178
13.74189 191
13.762 203
13.78211 207
13.80223 227
13.82234 219
13.84245 196
13.86257 208
13.88268 223
13.9028 212
13.92291 209
13.94302 215
13.96314 231
13.98325 205
14.00336 198
14.02348 221
14.04359 187
14.06371 206
14.08382 192
14.10393 175
14.12405 213
14.14416 209
14.16427 186
14.18439 222
14.2045 197
14.22461 167
14.24473 174
14.26484 187
14.28496 165
14.30507 189
14.32518 179
14.3453 203
14.36541 212
14.38552 193
14.40564 200
14.42575 190
14.44587 201
14.46598 205
14.48609 185
14.50621 200
14.52632 175
14.54643 193
14.56655 165
14.58666 186
14.60677 192
14.62689 197
14.647 174
14.66712 169
14.68723 180
14.70734 193
14.72746 163
14.74757 216
14.76768 184
14.7878 196
14.80791 189
14.82803 174
14.84814 194
14.86825 179
14.88837 208
14.90848 204
14.92859 189
14.94871 174
14.96882 191
14.98894 168
15.00905 192
15.02916 197
15.04928 198
15.06939 180
15.0895 171
15.10962 178
15.12973 156
15.14984 154
15.16996 165
15.19007 184
15.21019 218
15.2303 197
15.25041 165
15.27053 188
15.29064 168
15.31075 204
15.33087 176
15.35098 164
15.3711 180
15.39121 169
15.41132 176
15.43144 192
15.45155 159
15.47166 184
15.49178 186
15.51189 192
15.53201 184
15.55212 192
15.57223 180
15.59235 156
15.61246 170
15.63257 184
15.65269 171
15.6728 160
15.69291 192
15.71303 212
15.73314 143
15.75326 174
15.77337 191
15.79348 178
15.8136 178
15.83371 191
15.85382 181
15.87394 163
15.89405 186
15.91417 178
15.93428 150
15.95439 175
15.97451 179
15.99462 185
16.01473 165
16.03485 165
16.05496 172
16.07508 181
16.09519 179
16.1153 154
16.13542 182
16.15553 165
16.17564 180
16.19576 181
16.21587 183
16.23598 161
16.2561 190
16.27621 169
16.29633 169
16.31644 175
16.33655 166
16.35667 191
16.37678 192
16.39689 168
16.41701 181
16.43712 178
16.45724 165
16.47735 165
16.49746 201
16.51758 187
16.53769 205
16.5578 175
16.57792 157
16.59803 155
16.61814 149
16.63826 194
16.65837 153
16.67849 159
16.6986 155
16.71871 182
16.73883 185
16.75894 179
16.77905 176
16.79917 154
16.81928 151
16.8394 171
16.85951 174
16.87962 168
16.89974 159
16.91985 173
16.93996 162
16.96008 184
16.98019 159
17.00031 180
17.02042 156
17.04053 152
17.06065 167
17.08076 177
17.10087 170
17.12099 185
17.1411 170
17.16121 159
17.18133 159
17.20144 161
17.22156 174
17.24167 166
17.26178 182
17.2819 177
17.30201 185
17.32212 176
17.34224 167
17.36235 152
17.38247 173
17.40258 206
17.42269 152
17.44281 148
17.46292 175
17.48303 171
17.50315 180
17.52326 163
17.54338 178
17.56349 169
17.5836 171
17.60372 185
17.62383 175
17.64394 138
17.66406 171
17.68417 177
17.70428 188
17.7244 186
17.74451 157
17.76463 182
17.78474 175
17.80485 207
17.82497 202
17.84508 169
17.86519 155
17.88531 170
17.90542 192
17.92554 180
17.94565 188
17.96576 205
17.98588 177
18.00599 181
18.0261 165
18.04622 169
18.06633 204
18.08645 162
18.10656 156
18.12667 162
18.14679 180
18.1669 155
18.18701 186
18.20713 172
18.22724 174
18.24735 165
18.26747 185
18.28758 181
18.3077 178
18.32781 180
18.34792 177
18.36804 179
18.38815 185
18.40826 156
18.42838 179
18.44849 178
18.46861 163
18.48872 183
18.50883 185
18.52895 168
18.54906 178
18.56917 179
18.58929 191
18.6094 177
18.62951 175
18.64963 176
18.66974 167
18.68986 191
18.70997 183
18.73008 191
18.7502 186
18.77031 203
18.79042 209
18.81054 200
18.83065 197
18.85077 197
18.87088 178
18.89099 177
18.91111 197
18.93122 166
18.95133 178
18.97145 178
18.99156 169
19.01168 177
19.03179 160
19.0519 154
19.07202 181
19.09213 183
19.11224 176
19.13236 179
19.15247 154
19.17258 158
19.1927 159
19.21281 159
19.23293 184
19.25304 168
19.27315 158
19.29327 167
19.31338 171
19.33349 170
19.35361 184
19.37372 161
19.39384 171
19.41395 174
19.43406 180
19.45418 191
19.47429 184
19.4944 178
19.51452 183
19.53463 194
19.55475 171
19.57486 194
19.59497 180
19.61509 205
19.6352 194
19.65531 222
19.67543 205
19.69554 199
19.71565 230
19.73577 241
19.75588 249
19.776 261
19.79611 290
19.81622 312
19.83634 331
19.85645 335
19.87656 338
19.89668 364
19.91679 322
19.93691 352
19.95702 306
19.97713 338
19.99725 302
20.01736 307
20.03747 314
20.05759 333
20.0777 288
20.09782 321
20.11793 318
20.13804 289
20.15816 279
20.17827 293
20.19838 325
20.2185 332
20.23861 351
20.25872 356
20.27884 358
20.29895 340
20.31907 330
20.33918 334
20.35929 358
20.37941 377
20.39952 337
20.41963 374
20.43975 416
20.45986 424
20.47998 392
20.50009 436
20.5202 436
20.54032 390
20.56043 448
20.58054 474
20.60066 500
20.62077 540
20.64088 588
20.661 764
20.68111 970
20.70123 1274
20.72134 1903
20.74145 2695
20.76157 3933
20.78168 5368
20.80179 7034
20.82191 8306
20.84202 8588
20.86214 7837
20.88225 6316
20.90236 4524
20.92248 2859
20.94259 1727
20.9627 979
20.98282 667
21.00293 534
21.02305 500
21.04316 480
21.06327 476
21.08339 457
21.1035 422
21.12361 404
21.14373 366
21.16384 367
21.18395 356
21.20407 343
21.22418 328
21.2443 323
21.26441 332
21.28452 331
21.30464 323
21.32475 326
21.34486 296
21.36498 316
21.38509 309
21.40521 280
21.42532 326
21.44543 274
21.46555 284
21.48566 298
21.50577 272
21.52589 282
21.546 279
21.56612 260
21.58623 267
21.60634 276
21.62646 286
21.64657 248
21.66668 268
21.6868 267
21.70691 280
21.72702 278
21.74714 288
21.76725 267
21.78737 246
21.80748 271
21.82759 257
21.84771 261
21.86782 259
21.88793 242
21.90805 263
21.92816 251
21.94828 241
21.96839 264
21.9885 251
22.00862 244
22.02873 257
22.04884 282
22.06896 270
22.08907 243
22.10919 245
22.1293 232
22.14941 249
22.16953 212
22.18964 252
22.20975 235
22.22987 225
22.24998 225
22.27009 239
22.29021 266
22.31032 262
22.33044 233
22.35055 252
22.37066 226
22.39078 244
22.41089 212
22.431 264
22.45112 239
22.47123 240
22.49135 219
22.51146 222
22.53157 233
22.55169 229
22.5718 241
22.59191 259
22.61203 215
22.63214 220
22.65225 255
22.67237 207
22.69248 240
22.7126 193
22.73271 201
22.75282 234
22.77294 225
22.79305 219
22.81316 227
22.83328 270
22.85339 238
22.87351 210
22.89362 231
22.91373 254
22.93385 247
22.95396 222
22.97407 233
22.99419 218
23.0143 232
23.03442 246
23.05453 192
23.07464 210
23.09476 205
23.11487 240
23.13498 244
23.1551 227
23.17521 204
23.19532 205
23.21544 250
23.23555 259
23.25567 207
23.27578 219
23.29589 190
23.31601 214
23.33612 216
23.35623 241
23.37635 214
23.39646 219
23.41658 228
23.43669 216
23.4568 199
23.47692 239
23.49703 240
23.51714 220
23.53726 243
23.55737 195
23.57749 237
23.5976 208
23.61771 219
23.63783 222
23.65794 218
23.67805 221
23.69817 217
23.71828 209
23.73839 201
23.75851 267
23.77862 213
23.79874 239
23.81885 208
23.83896 235
23.85908 227
23.87919 232
23.8993 287
23.91942 281
23.93953 306
23.95965 316
23.97976 339
23.99987 301
24.01999 312
24.0401 264
24.06021 280
24.08033 226
24.10044 212
24.12056 245
24.14067 242
24.16078 236
24.1809 245
24.20101 260
24.22112 223
24.24124 261
24.26135 258
24.28146 252
24.30158 234
24.32169 228
24.34181 203
24.36192 226
24.38203 217
24.40215 242
24.42226 253
24.44237 220
24.46249 247
24.4826 245
24.50272 198
24.52283 252
24.54294 231
24.56306 258
24.58317 235
24.60328 232
24.6234 295
24.64351 239
24.66362 257
24.68374 272
24.70385 268
24.72397 293
24.74408 302
24.76419 312
24.78431 319
24.80442 343
24.82453 368
24.84465 382
24.86476 394
24.88488 320
24.90499 381
24.9251 350
24.94522 329
24.96533 303
24.98544 341
25.00556 292
25.02567 289
25.04579 266
25.0659 290
25.08601 256
25.10613 235
25.12624 293
25.14635 279
25.16647 286
25.18658 298
25.20669 309
25.22681 328
25.24692 316
25.26704 339
25.28715 295
25.30726 316
25.32738 316
25.34749 321
25.3676 301
25.38772 257
25.40783 265
25.42795 268
25.44806 242
25.46817 292
25.48829 283
25.5084 260
25.52851 262
25.54863 232
25.56874 274
25.58886 257
25.60897 274
25.62908 331
25.6492 310
25.66931 336
25.68942 377
25.70954 385
25.72965 386
25.74976 466
25.76988 436
25.78999 415
25.81011 362
25.83022 402
25.85033 409
25.87045 409
25.89056 426
25.91067 474
25.93079 430
25.9509 473
25.97102 452
25.99113 463
26.01124 483
26.03136 512
26.05147 494
26.07158 513
26.0917 555
26.11181 534
26.13193 630
26.15204 630
26.17215 704
26.19227 750
26.21238 777
26.23249 843
26.25261 884
26.27272 999
26.29283 990
26.31295 1076
26.33306 1148
26.35318 1393
26.37329 1586
26.3934 1851
26.41352 2337
26.43363 2997
26.45374 4230
26.47386 5855
26.49397 8530
26.51409 11912
26.5342 17379
26.55431 24128
26.57443 30748
26.59454 37127
26.61465 38680
26.63477 36819
26.65488 29682
26.67499 22375
26.69511 16610
26.71522 11031
26.73534 6441
26.75545 3408
26.77556 2198
26.79568 1758
26.81579 1473
26.8359 1356
26.85602 1200
26.87613 1110
26.89625 1102
26.91636 951
26.93647 802
26.95659 807
26.9767 760
26.99681 696
27.01693 567
27.03704 569
27.05716 542
27.07727 522
27.09738 465
27.1175 497
27.13761 459
27.15772 460
27.17784 401
27.19795 450
27.21806 427
27.23818 399
27.25829 398
27.27841 421
27.29852 433
27.31863 397
27.33875 388
27.35886 405
27.37897 441
27.39909 445
27.4192 466
27.43932 435
27.45943 447
27.47954 428
27.49966 402
27.51977 389
27.53988 352
27.56 376
27.58011 319
27.60023 344
27.62034 329
27.64045 331
27.66057 293
27.68068 297
27.70079 338
27.72091 315
27.74102 318
27.76113 287
27.78125 320
27.80136 293
27.82148 302
27.84159 308
27.8617 296
27.88182 279
27.90193 272
27.92204 284
27.94216 303
27.96227 287
27.98239 289
28.0025 270
28.02261 268
28.04273 258
28.06284 275
28.08295 265
28.10307 248
28.12318 282
28.1433 279
28.16341 294
28.18352 285
28.20364 289
28.22375 270
28.24386 246
28.26398 242
28.28409 261
28.3042 278
28.32432 259
28.34443 247
28.36455 241
28.38466 256
28.40477 253
28.42489 255
28.445 267
28.46511 245
28.48523 241
28.50534 252
28.52546 240
28.54557 238
28.56568 248
28.5858 249
28.60591 242
28.62602 243
28.64614 235
28.66625 232
28.68636 252
28.70648 239
28.72659 235
28.74671 250
28.76682 233
28.78693 231
28.80705 238
28.82716 215
28.84727 222
28.86739 237
28.8875 256
28.90762 233
28.92773 224
28.94784 225
28.96796 199
28.98807 263
29.00818 219
29.0283 254
29.04841 215
29.06853 225
29.08864 219
29.10875 224
29.12887 220
29.14898 230
29.16909 233
29.18921 231
29.20932 215
29.22943 249
29.24955 235
29.26966 260
29.28978 237
29.30989 202
29.33 210
29.35012 230
29.37023 207
29.39034 239
29.41046 236
29.43057 227
29.45069 221
29.4708 239
29.49091 220
29.51103 245
29.53114 244
29.55125 198
29.57137 240
29.59148 213
29.6116 220
29.63171 239
29.65182 202
29.67194 202
29.69205 190
29.71216 218
29.73228 198
29.75239 228
29.7725 225
29.79262 215
29.81273 228
29.83285 209
29.85296 204
29.87307 207
29.89319 215
29.9133 214
29.93341 219
29.95353 215
29.97364 233
29.99376 214
30.01387 231
30.03398 208
30.0541 213
30.07421 209
30.09432 209
30.11444 231
30.13455 241
30.15467 221
30.17478 236
30.19489 210
30.21501 207
30.23512 201
30.25523 186
30.27535 225
30.29546 200
30.31557 211
30.33569 222
30.3558 205
30.37592 212
30.39603 190
30.41614 195
30.43626 217
30.45637 198
30.47648 223
30.4966 214
30.51671 183
30.53683 219
30.55694 196
30.57705 235
30.59717 212
30.61728 198
30.63739 195
30.65751 172
30.67762 209
30.69773 209
30.71785 189
30.73796 191
30.75808 189
30.77819 199
30.7983 208
30.81842 213
30.83853 195
30.85864 202
30.87876 194
30.89887 182
30.91899 177
30.9391 207
30.95921 205
30.97933 184
30.99944 195
31.01955 197
31.03967 230
31.05978 187
31.0799 185
31.10001 220
31.12012 207
31.14024 177
31.16035 191
31.18046 194
31.20058 215
31.22069 203
31.2408 199
31.26092 166
31.28103 190
31.30115 192
31.32126 197
31.34137 192
31.36149 185
31.3816 191
31.40171 211
31.42183 202
31.44194 169
31.46206 216
31.48217 200
31.50228 191
31.5224 182
31.54251 178
31.56262 193
31.58274 195
31.60285 177
31.62297 167
31.64308 182
31.66319 193
31.68331 163
31.70342 197
31.72353 196
31.74365 175
31.76376 198
31.78387 171
31.80399 189
31.8241 149
31.84422 178
31.86433 180
31.88444 182
31.90456 191
31.92467 179
31.94478 171
31.9649 150
31.98501 196
32.00513 179
32.02524 174
32.04535 167
32.06547 178
32.08558 189
32.10569 195
32.12581 193
32.14592 178
32.16604 184
32.18615 183
32.20626 148
32.22638 204
32.24649 194
32.2666 174
32.28672 217
32.30683 182
32.32694 184
32.34706 180
32.36717 197
32.38729 159
32.4074 157
32.42751 189
32.44763 183
32.46774 156
32.48785 201
32.50797 186
32.52808 170
32.5482 187
32.56831 171
32.58842 212
32.60854 166
32.62865 174
32.64876 184
32.66888 174
32.68899 175
32.7091 181
32.72922 167
32.74933 187
32.76945 168
32.78956 180
32.80967 151
32.82979 201
32.8499 198
32.87001 173
32.89013 187
32.91024 198
32.93036 200
32.95047 185
32.97058 179
32.9907 162
33.01081 214
33.03092 179
33.05104 209
33.07115 192
33.09127 197
33.11138 222
33.13149 171
33.15161 214
33.17172 189
33.19183 190
33.21195 193
33.23206 196
33.25217 201
33.27229 181
33.2924 200
33.31252 219
33.33263 185
33.35274 178
33.37286 156
33.39297 171
33.41308 158
33.4332 172
33.45331 190
33.47343 175
33.49354 184
33.51365 178
33.53377 173
33.55388 168
33.57399 195
33.59411 179
33.61422 179
33.63434 165
33.65445 167
33.67456 162
33.69468 160
33.71479 180
33.7349 173
33.75502 156
33.77513 156
33.79524 181
33.81536 182
33.83547 157
33.85559 159
33.8757 172
33.89581 178
33.91593 165
33.93604 168
33.95615 153
33.97627 178
33.99638 155
34.0165 142
34.03661 174
34.05672 160
34.07684 139
34.09695 162
34.11706 158
34.13718 173
34.15729 138
34.17741 177
34.19752 173
34.21763 160
34.23775 183
34.25786 175
34.27797 165
34.29809 156
34.3182 177
34.33831 147
34.35843 168
34.37854 162
34.39866 170
34.41877 170
34.43888 159
34.459 163
34.47911 174
34.49922 145
34.51934 169
34.53945 165
34.55957 161
34.57968 199
34.59979 173
34.61991 198
34.64002 190
34.66013 180
34.68025 180
34.70036 194
34.72047 208
34.74059 211
34.7607 197
34.78082 205
34.80093 205
34.82104 231
34.84116 224
34.86127 211
34.88138 230
34.9015 235
34.92161 237
34.94173 226
34.96184 229
34.98195 248
35.00207 224
35.02218 253
35.04229 255
35.06241 227
35.08252 209
35.10264 213
35.12275 212
35.14286 233
35.16298 215
35.18309 215
35.2032 204
35.22332 198
35.24343 247
35.26354 216
35.28366 230
35.30377 242
35.32389 217
35.344 207
35.36411 234
35.38423 241
35.40434 265
35.42445 245
35.44457 236
35.46468 259
35.4848 289
35.50491 277
35.52502 306
35.54514 300
35.56525 311
35.58536 252
35.60548 245
35.62559 272
35.64571 262
35.66582 258
35.68593 267
35.70605 263
35.72616 290
35.74627 265
35.76639 264
35.7865 242
35.80661 221
35.82673 255
35.84684 253
35.86696 271
35.88707 282
35.90718 269
35.9273 283
35.94741 277
35.96752 275
35.98764 252
36.00775 248
36.02787 257
36.04798 253
36.06809 263
36.08821 251
36.10832 245
36.12843 273
36.14855 245
36.16866 277
36.18878 256
36.20889 276
36.229 308
36.24912 299
36.26923 308
36.28934 336
36.30946 413
36.32957 414
36.34968 491
36.3698 688
36.38991 862
36.41003 1084
36.43014 1429
36.45025 1817
36.47037 2253
36.49048 2651
36.51059 2657
36.53071 2400
36.55082 2094
36.57094 1714
36.59105 1539
36.61116 1238
36.63128 1006
36.65139 700
36.6715 473
36.69162 320
36.71173 294
36.73184 287
36.75196 247
36.77207 244
36.79219 227
36.8123 242
36.83241 249
36.85253 228
36.87264 223
36.89275 192
36.91287 184
36.93298 223
36.9531 194
36.97321 205
36.99332 206
37.01344 208
37.03355 195
37.05366 183
37.07378 190
37.09389 209
37.11401 177
37.13412 204
37.15423 168
37.17435 200
37.19446 162
37.21457 179
37.23469 161
37.2548 169
37.27491 192
37.29503 181
37.31514 163
37.33526 216
37.35537 198
37.37548 188
37.3956 173
37.41571 172
37.43582 192
37.45594 171
37.47605 155
37.49617 197
37.51628 172
37.53639 210
37.55651 184
37.57662 196
37.59673 202
37.61685 205
37.63696 189
37.65708 204
37.67719 196
37.6973 215
37.71742 216
37.73753 174
37.75764 198
37.77776 193
37.79787 208
37.81798 217
37.8381 183
37.85821 181
37.87833 192
37.89844 178
37.91855 186
37.93867 167
37.95878 194
37.97889 161
37.99901 188
38.01912 197
38.03924 218
38.05935 191
38.07946 205
38.09958 192
38.11969 253
38.1398 193
38.15992 213
38.18003 209
38.20015 197
38.22026 192
38.24037 188
38.26049 244
38.2806 234
38.30071 242
38.32083 258
38.34094 241
38.36105 237
38.38117 227
38.40128 224
38.4214 225
38.44151 248
38.46162 234
38.48174 243
38.50185 250
38.52196 246
38.54208 245
38.56219 216
38.58231 204
38.60242 230
38.62253 226
38.64265 226
38.66276 231
38.68287 227
38.70299 234
38.7231 199
38.74321 196
38.76333 199
38.78344 220
38.80356 207
38.82367 201
38.84378 205
38.8639 190
38.88401 227
38.90412 195
38.92424 197
38.94435 202
38.96447 197
38.98458 240
39.00469 226
39.02481 238
39.04492 231
39.06503 251
39.08515 249
39.10526 268
39.12538 270
39.14549 283
39.1656 326
39.18572 335
39.20583 328
39.22594 385
39.24606 424
39.26617 530
39.28628 614
39.3064 789
39.32651 1007
39.34663 1308
39.36674 1645
39.38685 2077
39.40697 2343
39.42708 2427
39.44719 2407
39.46731 2037
39.48742 1720
39.50754 1388
39.52765 1317
39.54776 1153
39.56788 911
39.58799 662
39.6081 444
39.62822 353
39.64833 291
39.66845 266
39.68856 261
39.70867 234
39.72879 237
39.7489 219
39.76901 221
39.78913 209
39.80924 238
39.82935 215
39.84947 180
39.86958 212
39.8897 206
39.90981 231
39.92992 227
39.95004 230
39.97015 252
39.99026 234
40.01038 234
40.03049 243
40.05061 271
40.07072 315
40.09083 360
40.11095 418
40.13106 452
40.15117 600
40.17129 712
40.1914 882
40.21152 1122
40.23163 1239
40.25174 1337
40.27186 1298
40.29197 991
40.31208 923
40.3322 854
40.35231 739
40.37242 664
40.39254 491
40.41265 390
40.43277 327
40.45288 248
40.47299 243
40.49311 232
40.51322 193
40.53333 206
40.55345 228
40.57356 211
40.59368 219
40.61379 175
40.6339 201
40.65402 187
40.67413 190
40.69424 206
40.71436 182
40.73447 191
40.75458 187
40.7747 190
40.79481 200
40.81493 194
40.83504 186
40.85515 195
40.87527 207
40.89538 185
40.91549 191
40.93561 216
40.95572 194
40.97584 191
40.99595 191
41.01606 185
41.03618 186
41.05629 213
41.0764 202
41.09652 207
41.11663 198
41.13675 176
41.15686 212
41.17697 188
41.19709 205
41.2172 201
41.23731 183
41.25743 166
41.27754 197
41.29765 203
41.31777 199
41.33788 210
41.358 172
41.37811 187
41.39822 171
41.41834 177
41.43845 170
41.45856 186
41.47868 173
41.49879 165
41.51891 181
41.53902 167
41.55913 176
41.57925 205
41.59936 170
41.61947 150
41.63959 184
41.6597 175
41.67982 167
41.69993 196
41.72004 166
41.74016 194
41.76027 183
41.78038 169
41.8005 169
41.82061 189
41.84072 201
41.86084 199
41.88095 179
41.90107 181
41.92118 171
41.94129 191
41.96141 182
41.98152 186
42.00163 196
42.02175 186
42.04186 207
42.06198 201
42.08209 246
42.1022 204
42.12232 212
42.14243 238
42.16254 258
42.18266 292
42.20277 298
42.22289 323
42.243 417
42.26311 461
42.28323 607
42.30334 731
42.32345 943
42.34357 1137
42.36368 1470
42.38379 1694
42.40391 1884
42.42402 1697
42.44414 1489
42.46425 1273
42.48436 1092
42.50448 1087
42.52459 950
42.5447 855
42.56482 631
42.58493 381
42.60505 333
42.62516 254
42.64527 254
42.66539 239
42.6855 207
42.70561 229
42.72573 180
42.74584 187
42.76595 201
42.78607 201
42.80618 193
42.8263 183
42.84641 194
42.86652 183
42.88664 178
42.90675 161
42.92686 164
42.94698 159
42.96709 184
42.98721 189
43.00732 175
43.02743 150
43.04755 183
43.06766 158
43.08777 161
43.10789 157
43.128 151
43.14812 136
43.16823 178
43.18834 170
43.20846 162
43.22857 144
43.24868 151
43.2688 131
43.28891 171
43.30902 148
43.32914 179
43.34925 195
43.36937 166
43.38948 153
43.40959 150
43.42971 177
43.44982 161
43.46993 169
43.49005 150
43.51016 171
43.53028 165
43.55039 167
43.5705 162
43.59062 153
43.61073 162
43.63084 168
43.65096 154
43.67107 149
43.69119 180
43.7113 195
43.73141 179
43.75153 145
43.77164 170
43.79175 186
43.81187 160
43.83198 178
43.85209 143
43.87221 173
43.89232 117
43.91244 129
43.93255 157
43.95266 164
43.97278 160
43.99289 159
44.013 161
44.03312 157
44.05323 160
44.07335 173
44.09346 152
44.11357 163
44.13369 133
44.1538 144
44.17391 134
44.19403 154
44.21414 155
44.23426 163
44.25437 168
44.27448 171
44.2946 134
44.31471 189
44.33482 151
44.35494 163
44.37505 154
44.39516 171
44.41528 157
44.43539 143
44.45551 139
44.47562 147
44.49573 148
44.51585 160
44.53596 161
44.55607 154
44.57619 156
44.5963 177
44.61642 156
44.63653 162
44.65664 172
44.67676 167
44.69687 151
44.71698 163
44.7371 165
44.75721 157
44.77732 167
44.79744 158
44.81755 176
44.83767 158
44.85778 185
44.87789 185
44.89801 167
44.91812 177
44.93823 165
44.95835 164
44.97846 156
44.99858 168
45.01869 157
45.0388 155
45.05892 155
45.07903 165
45.09914 176
45.11926 175
45.13937 184
45.15949 160
45.1796 173
45.19971 137
45.21983 169
45.23994 177
45.26005 181
45.28017 155
45.30028 194
45.32039 176
45.34051 179
45.36062 184
45.38074 180
45.40085 204
45.42096 204
45.44108 203
45.46119 216
45.4813 234
45.50142 241
45.52153 253
45.54165 246
45.56176 302
45.58187 329
45.60199 397
45.6221 460
45.64221 534
45.66233 635
45.68244 794
45.70256 967
45.72267 1172
45.74278 1209
45.7629 1176
45.78301 1072
45.80312 927
45.82324 817
45.84335 719
45.86346 714
45.88358 602
45.90369 560
45.92381 441
45.94392 323
45.96403 217
45.98415 234
46.00426 182
46.02437 213
46.04449 184
46.0646 186
46.08472 172
46.10483 195
46.12494 155
46.14506 180
46.16517 173
46.18528 155
46.2054 165
46.22551 157
46.24563 160
46.26574 148
46.28585 156
46.30597 150
46.32608 180
46.34619 167
46.36631 162
46.38642 152
46.40653 183
46.42665 149
46.44676 141
46.46688 166
46.48699 154
46.5071 178
46.52722 152
46.54733 146
46.56744 158
46.58756 137
46.60767 155
46.62779 148
46.6479 137
46.66801 151
46.68813 155
46.70824 136
46.72835 161
46.74847 149
46.76858 157
46.78869 162
46.80881 152
46.82892 140
46.84904 147
46.86915 155
46.88926 134
46.90938 164
46.92949 159
46.9496 146
46.96972 157
46.98983 151
47.00995 161
47.03006 145
47.05017 159
47.07029 148
47.0904 162
47.11051 149
47.13063 151
47.15074 158
47.17086 131
47.19097 140
47.21108 148
47.2312 151
47.25131 136
47.27142 182
47.29154 168
47.31165 143
47.33176 142
47.35188 135
47.37199 160
47.39211 163
47.41222 145
47.43233 183
47.45245 143
47.47256 161
47.49267 136
47.51279 158
47.5329 160
47.55302 150
47.57313 149
47.59324 170
47.61336 168
47.63347 159
47.65358 141
47.6737 152
47.69381 165
47.71393 158
47.73404 150
47.75415 161
47.77427 155
47.79438 179
47.81449 160
47.83461 166
47.85472 144
47.87483 148
47.89495 162
47.91506 195
47.93518 167
47.95529 168
47.9754 146
47.99552 160
48.01563 153
48.03574 151
48.05586 138
48.07597 156
48.09609 166
48.1162 176
48.13631 185
48.15643 160
48.17654 155
48.19665 129
48.21677 174
48.23688 160
48.257 148
48.27711 144
48.29722 152
48.31734 150
48.33745 138
48.35756 147
48.37768 137
48.39779 167
48.4179 152
48.43802 152
48.45813 156
48.47825 168
48.49836 146
48.51847 161
48.53859 169
48.5587 164
48.57881 163
48.59893 156
48.61904 163
48.63916 155
48.65927 164
48.67938 154
48.6995 155
48.71961 183
48.73972 168
48.75984 139
48.77995 166
48.80006 191
48.82018 166
48.84029 180
48.86041 164
48.88052 141
48.90063 144
48.92075 143
48.94086 149
48.96097 151
48.98109 178
49.0012 156
49.02132 155
49.04143 168
49.06154 162
49.08166 165
49.10177 189
49.12188 163
49.142 166
49.16211 174
49.18223 162
49.20234 188
49.22245 174
49.24257 170
49.26268 192
49.28279 165
49.30291 180
49.32302 167
49.34313 184
49.36325 210
49.38336 184
49.40348 188
49.42359 202
49.4437 198
49.46382 186
49.48393 176
49.50404 195
49.52416 203
49.54427 196
49.56439 190
49.5845 199
49.60461 221
49.62473 199
49.64484 209
49.66495 229
49.68507 224
49.70518 258
49.7253 256
49.74541 261
49.76552 312
49.78564 336
49.80575 336
49.82586 364
49.84598 450
49.86609 457
49.8862 573
49.90632 613
49.92643 812
49.94655 988
49.96666 1226
49.98677 1628
50.00689 2026
50.027 2475
50.04711 3168
50.06723 3566
50.08734 3938
50.10746 3784
50.12757 3334
50.14768 2736
50.1678 2196
50.18791 2105
50.20802 2048
50.22814 2051
50.24825 1751
50.26837 1325
50.28848 979
50.30859 587
50.32871 419
50.34882 365
50.36893 327
50.38905 264
50.40916 271
50.42927 296
50.44939 248
50.4695 241
50.48962 243
50.50973 244
50.52984 282
50.54996 267
50.57007 290
50.59018 254
50.6103 251
50.63041 246
50.65053 219
50.67064 214
50.69075 239
50.71087 222
50.73098 223
50.75109 200
50.77121 177
50.79132 176
50.81143 188
50.83155 181
50.85166 176
50.87178 155
50.89189 162
50.912 195
50.93212 155
50.95223 145
50.97234 178
50.99246 186
51.01257 178
51.03269 146
51.0528 127
51.07291 152
51.09303 147
51.11314 169
51.13325 181
51.15337 147
51.17348 142
51.1936 140
51.21371 156
51.23382 146
51.25394 159
51.27405 130
51.29416 132
51.31428 148
51.33439 129
51.3545 143
51.37462 150
51.39473 134
51.41485 147
51.43496 122
51.45507 125
51.47519 136
51.4953 145
51.51541 156
51.53553 164
51.55564 145
51.57576 152
51.59587 154
51.61598 156
51.6361 156
51.65621 142
51.67632 140
51.69644 148
51.71655 138
51.73667 130
51.75678 147
51.77689 144
51.79701 135
51.81712 164
51.83723 141
51.85735 163
51.87746 145
51.89757 123
51.91769 131
51.9378 150
51.95792 135
51.97803 142
51.99814 136
52.01826 145
52.03837 139
52.05848 147
52.0786 150
52.09871 145
52.11883 160
52.13894 134
52.15905 147
52.17917 139
52.19928 167
52.21939 130
52.23951 128
52.25962 151
52.27974 135
52.29985 147
52.31996 148
52.34008 134
52.36019 128
52.3803 145
52.40042 118
52.42053 131
52.44064 149
52.46076 146
52.48087 133
52.50099 134
52.5211 137
52.54121 142
52.56133 131
52.58144 145
52.60155 126
52.62167 150
52.64178 144
52.6619 133
52.68201 149
52.70212 131
52.72224 155
52.74235 141
52.76246 144
52.78258 140
52.80269 146
52.8228 131
52.84292 121
52.86303 145
52.88315 144
52.90326 122
52.92337 165
52.94349 156
52.9636 151
52.98371 154
53.00383 141
53.02394 136
53.04406 156
53.06417 139
53.08428 147
53.1044 163
53.12451 130
53.14462 158
53.16474 135
53.18485 154
53.20497 168
53.22508 182
53.24519 172
53.26531 169
53.28542 161
53.30553 164
53.32565 190
53.34576 195
53.36587 169
53.38599 176
53.4061 196
53.42622 181
53.44633 165
53.46644 159
53.48656 160
53.50667 178
53.52678 181
53.5469 183
53.56701 141
53.58713 158
53.60724 178
53.62735 166
53.64747 190
53.66758 158
53.68769 182
53.70781 175
53.72792 165
53.74804 147
53.76815 169
53.78826 186
53.80838 156
53.82849 164
53.8486 174
53.86872 183
53.88883 180
53.90894 170
53.92906 176
53.94917 197
53.96929 173
53.9894 193
54.00951 172
54.02963 191
54.04974 179
54.06985 175
54.08997 181
54.11008 207
54.1302 188
54.15031 196
54.17042 198
54.19054 190
54.21065 209
54.23076 221
54.25088 198
54.27099 207
54.29111 219
54.31122 226
54.33133 202
54.35145 212
54.37156 211
54.39167 190
54.41179 237
54.4319 196
54.45201 190
54.47213 221
54.49224 231
54.51236 202
54.53247 264
54.55258 232
54.5727 261
54.59281 250
54.61292 276
54.63304 322
54.65315 369
54.67327 408
54.69338 453
54.71349 533
54.73361 677
54.75372 852
54.77383 953
54.79395 1104
54.81406 1219
54.83417 1224
54.85429 1090
54.8744 907
54.89452 762
54.91463 697
54.93474 657
54.95486 695
54.97497 727
54.99508 682
55.0152 513
55.03531 415
55.05543 346
55.07554 355
55.09565 307
55.11577 308
55.13588 349
55.15599 347
55.17611 350
55.19622 434
55.21634 481
55.23645 522
55.25656 571
55.27668 612
55.29679 589
55.3169 592
55.33702 439
55.35713 418
55.37724 393
55.39736 384
55.41747 379
55.43759 381
55.4577 363
55.47781 283
55.49793 257
55.51804 238
55.53815 171
55.55827 190
55.57838 186
55.5985 182
55.61861 183
55.63872 193
55.65884 165
55.67895 166
55.69906 147
55.71918 173
55.73929 162
55.75941 161
55.77952 179
55.79963 155
55.81975 169
55.83986 159
55.85997 152
55.88009 146
55.9002 155
55.92031 152
55.94043 175
55.96054 148
55.98066 196
56.00077 141
56.02088 160
56.041 159
56.06111 150
56.08122 162
56.10134 142
56.12145 158
56.14157 136
56.16168 149
56.18179 153
56.20191 164
56.22202 141
56.24213 175
56.26225 150
56.28236 159
56.30248 140
56.32259 144
56.3427 150
56.36282 172
56.38293 165
56.40304 176
56.42316 144
56.44327 163
56.46338 140
56.4835 158
56.50361 154
56.52373 149
56.54384 149
56.56395 142
56.58407 146
56.60418 159
56.62429 152
56.64441 151
56.66452 135
56.68464 135
56.70475 159
56.72486 166
56.74498 166
56.76509 150
56.7852 146
56.80532 166
56.82543 159
56.84554 141
56.86566 137
56.88577 161
56.90589 136
56.926 150
56.94611 159
56.96623 141
56.98634 157
57.00645 183
57.02657 168
57.04668 156
57.0668 169
57.08691 202
57.10702 179
57.12714 190
57.14725 203
57.16736 224
57.18748 202
57.20759 197
57.22771 174
57.24782 188
57.26793 158
57.28805 184
57.30816 188
57.32827 176
57.34839 183
57.3685 170
57.38861 176
57.40873 144
57.42884 157
57.44896 126
57.46907 151
57.48918 147
57.5093 128
57.52941 136
57.54952 165
57.56964 147
57.58975 145
57.60987 161
57.62998 143
57.65009 147
57.67021 174
57.69032 161
57.71043 147
57.73055 134
57.75066 150
57.77078 151
57.79089 131
57.811 144
57.83112 123
57.85123 146
57.87134 124
57.89146 172
57.91157 138
57.93168 140
57.9518 143
57.97191 156
57.99203 126
58.01214 148
58.03225 145
58.05237 138
58.07248 140
58.09259 124
58.11271 176
58.13282 174
58.15294 150
58.17305 157
58.19316 146
58.21328 135
58.23339 145
58.2535 149
58.27362 138
58.29373 136
58.31385 132
58.33396 142
58.35407 159
58.37419 169
58.3943 146
58.41441 143
58.43453 151
58.45464 160
58.47475 157
58.49487 132
58.51498 131
58.5351 176
58.55521 151
58.57532 128
58.59544 166
58.61555 166
58.63566 143
58.65578 159
58.67589 142
58.69601 122
58.71612 146
58.73623 148
58.75635 146
58.77646 138
58.79657 126
58.81669 154
58.8368 157
58.85691 164
58.87703 118
58.89714 142
58.91726 150
58.93737 147
58.95748 148
58.9776 158
58.99771 141
59.01782 136
59.03794 160
59.05805 144
59.07817 129
59.09828 149
59.11839 141
59.13851 139
59.15862 144
59.17873 147
59.19885 163
59.21896 185
59.23908 144
59.25919 141
59.2793 161
59.29942 176
59.31953 158
59.33964 152
59.35976 158
59.37987 174
59.39998 157
59.4201 177
59.44021 154
59.46033 207
59.48044 194
59.50055 202
59.52067 204
59.54078 215
59.56089 255
59.58101 244
59.60112 279
59.62124 303
59.64135 306
59.66146 354
59.68158 402
59.70169 483
59.7218 521
59.74192 670
59.76203 770
59.78215 955
59.80226 1219
59.82237 1467
59.84249 1806
59.8626 2108
59.88271 2274
59.90283 2492
59.92294 2378
59.94305 2071
59.96317 1734
59.98328 1411
60.0034 1209
60.02351 1265
60.04362 1366
60.06374 1353
60.08385 1221
60.10396 1085
60.12408 787
60.14419 573
60.16431 422
60.18442 325
60.20453 255
60.22465 264
60.24476 218
60.26487 203
60.28499 205
60.3051 203
60.32522 202
60.34533 186
60.36544 184
60.38556 173
60.40567 171
60.42578 154
60.4459 185
60.46601 142
60.48612 158
60.50624 163
60.52635 164
60.54647 151
60.56658 133
60.58669 152
60.60681 177
60.62692 174
60.64703 154
60.66715 157
60.68726 174
60.70738 144
60.72749 150
60.7476 171
60.76772 151
60.78783 124
60.80794 159
60.82806 142
60.84817 142
60.86828 138
60.8884 160
60.90851 141
60.92863 153
60.94874 138
60.96885 153
60.98897 144
61.00908 126
61.02919 155
61.04931 136
61.06942 143
61.08954 152
61.10965 139
61.12976 149
61.14988 124
61.16999 133
61.1901 126
61.21022 151
61.23033 163
61.25045 147
61.27056 161
61.29067 144
61.31079 145
61.3309 145
61.35101 140
61.37113 146
61.39124 142
61.41135 152
61.43147 128
61.45158 145
61.4717 147
61.49181 146
61.51192 127
61.53204 151
61.55215 147
61.57226 155
61.59238 129
61.61249 142
61.63261 152
61.65272 174
61.67283 144
61.69295 114
61.71306 156
61.73317 152
61.75329 136
61.7734 150
61.79352 157
61.81363 144
61.83374 155
61.85386 154
61.87397 158
61.89408 156
61.9142 133
61.93431 176
61.95442 159
61.97454 156
61.99465 159
62.01477 170
62.03488 179
62.05499 165
62.07511 185
62.09522 170
62.11533 168
62.13545 185
62.15556 186
62.17568 169
62.19579 207
62.2159 212
62.23602 201
62.25613 191
62.27624 203
62.29636 198
62.31647 188
62.33659 185
62.3567 174
62.37681 177
62.39693 176
62.41704 198
62.43715 156
62.45727 169
62.47738 168
62.49749 167
62.51761 157
62.53772 160
62.55784 156
62.57795 152
62.59806 175
62.61818 165
62.63829 165
62.6584 153
62.67852 155
62.69863 172
62.71875 168
62.73886 168
62.75897 153
62.77909 143
62.7992 146
62.81931 147
62.83943 164
62.85954 161
62.87965 143
62.89977 146
62.91988 152
62.94 160
62.96011 157
62.98022 136
63.00034 156
63.02045 162
63.04056 124
63.06068 144
63.08079 161
63.10091 126
63.12102 148
63.14113 144
63.16125 138
63.18136 152
63.20147 128
63.22159 142
63.2417 150
63.26182 134
63.28193 164
63.30204 160
63.32216 128
63.34227 144
63.36238 141
63.3825 149
63.40261 157
63.42272 139
63.44284 152
63.46295 118
63.48307 143
63.50318 133
63.52329 143
63.54341 153
63.56352 144
63.58363 146
63.60375 146
63.62386 168
63.64398 172
63.66409 158
63.6842 148
63.70432 162
63.72443 189
63.74454 195
63.76466 194
63.78477 212
63.80489 215
63.825 237
63.84511 273
63.86523 292
63.88534 355
63.90545 391
63.92557 472
63.94568 482
63.96579 554
63.98591 526
64.00602 502
64.02614 427
64.04625 422
64.06636 362
64.08648 321
64.10659 352
64.1267 354
64.14682 354
64.16693 323
64.18705 338
64.20716 280
64.22727 241
64.24739 181
64.2675 187
64.28761 153
64.30773 148
64.32784 162
64.34796 151
64.36807 152
64.38818 144
64.4083 153
64.42841 150
64.44852 153
64.46864 134
64.48875 118
64.50886 143
64.52898 145
64.54909 162
64.56921 151
64.58932 137
64.60943 132
64.62955 146
64.64966 147
64.66977 134
64.68989 138
64.71 135
64.73012 126
64.75023 122
64.77034 133
64.79046 132
64.81057 151
64.83068 156
64.8508 134
64.87091 147
64.89102 153
64.91114 135
64.93125 128
64.95137 135
64.97148 137
64.99159 142
65.01171 128
65.03182 141
65.05193 137
65.07205 153
65.09216 128
65.11228 121
65.13239 109
65.1525 137
65.17262 145
65.19273 120
65.21284 140
65.23296 151
65.25307 137
65.27319 137
65.2933 134
65.31341 142
65.33353 143
65.35364 148
65.37375 143
65.39387 154
65.41398 160
65.43409 134
65.45421 124
65.47432 181
65.49444 165
65.51455 156
65.53466 160
65.55478 143
65.57489 192
65.595 164
65.61512 174
65.63523 187
65.65535 194
65.67546 208
65.69557 258
65.71569 243
65.7358 234
65.75591 218
65.77603 210
65.79614 190
65.81626 174
65.83637 175
65.85648 177
65.8766 166
65.89671 184
65.91682 162
65.93694 185
65.95705 163
65.97716 165
65.99728 165
66.01739 149
66.03751 145
66.05762 138
66.07773 121
66.09785 149
66.11796 116
66.13807 141
66.15819 137
66.1783 156
66.19842 146
66.21853 132
66.23864 144
66.25876 144
66.27887 140
66.29898 138
66.3191 132
66.33921 134
66.35933 147
66.37944 129
66.39955 123
66.41967 139
66.43978 155
66.45989 142
66.48001 152
66.50012 138
66.52023 140
66.54035 146
66.56046 146
66.58058 146
66.60069 134
66.6208 145
66.64092 142
66.66103 129
66.68114 144
66.70126 153
66.72137 142
66.74149 140
66.7616 164
66.78171 161
66.80183 151
66.82194 148
66.84205 147
66.86217 165
66.88228 129
66.90239 137
66.92251 149
66.94262 155
66.96274 153
66.98285 144
67.00296 161
67.02308 132
67.04319 138
67.0633 174
67.08342 142
67.10353 166
67.12365 150
67.14376 173
67.16387 152
67.18399 181
67.2041 180
67.22421 168
67.24433 177
67.26444 190
67.28456 184
67.30467 186
67.32478 224
67.3449 212
67.36501 213
67.38512 234
67.40524 258
67.42535 267
67.44546 297
67.46558 337
67.48569 357
67.50581 411
67.52592 430
67.54603 565
67.56615 646
67.58626 728
67.60637 919
67.62649 1111
67.6466 1216
67.66672 1348
67.68683 1384
67.70694 1429
67.72706 1278
67.74717 1060
67.76728 892
67.7874 850
67.80751 848
67.82763 893
67.84774 940
67.86785 994
67.88797 983
67.90808 1040
67.92819 955
67.94831 992
67.96842 981
67.98853 1116
68.00865 1273
68.02876 1366
68.04888 1629
68.06899 1811
68.0891 1858
68.10922 1846
68.12933 1733
68.14944 1560
68.16956 1403
68.18967 1349
68.20979 1488
68.2299 1605
68.25001 1767
68.27013 1660
68.29024 1627
68.31035 1378
68.33047 1141
68.35058 886
68.3707 783
68.39081 675
68.41092 647
68.43104 693
68.45115 640
68.47126 602
68.49138 522
68.51149 450
68.5316 376
68.55172 272
68.57183 260
68.59195 234
68.61206 219
68.63217 208
68.65229 189
68.6724 178
68.69251 190
68.71263 166
68.73274 187
68.75286 164
68.77297 150
68.79308 174
68.8132 178
68.83331 164
68.85342 186
68.87354 148
68.89365 161
68.91376 155
68.93388 163
68.95399 161
68.97411 154
68.99422 176
69.01433 163
69.03445 145
69.05456 145
69.07467 162
69.09479 161
69.1149 155
69.13502 153
69.15513 125
69.17524 137
69.19536 152
69.21547 120
69.23558 152
69.2557 142
69.27581 152
69.29593 145
69.31604 137
69.33615 122
69.35627 123
69.37638 138
69.39649 142
69.41661 149
69.43672 132
69.45683 145
69.47695 136
69.49706 140
69.51718 127
69.53729 134
69.5574 123
69.57752 134
69.59763 140
69.61774 152
69.63786 147
69.65797 132
69.67809 148
69.6982 146
69.71831 127
69.73843 130
69.75854 150
69.77865 129
69.79877 148
69.81888 100
69.839 129
69.85911 150
69.87922 124
69.89934 147
69.91945 130
69.93956 128
69.95968 138
69.97979 139
69.9999 124
70.02002 131
70.04013 132
70.06025 126
70.08036 136
70.10047 121
70.12059 122
70.1407 155
70.16081 128
70.18093 159
70.20104 134
70.22116 139
70.24127 131
70.26138 137
70.2815 110
70.30161 118
70.32172 115
70.34184 98
70.36195 149
70.38207 139
70.40218 140
70.42229 127
70.44241 130
70.46252 110
70.48263 134
70.50275 133
70.52286 115
70.54297 130
70.56309 141
70.5832 146
70.60332 127
70.62343 102
70.64354 130
70.66366 123
70.68377 128
70.70388 136
70.724 154
70.74411 113
70.76423 140
70.78434 143
70.80445 144
70.82457 124
70.84468 131
70.86479 129
70.88491 121
70.90502 128
70.92513 137
70.94525 119
70.96536 123
70.98548 117
71.00559 114
71.0257 116
71.04582 120
71.06593 125
71.08604 139
71.10616 109
71.12627 124
71.14639 134
71.1665 146
71.18661 118
71.20673 139
71.22684 127
71.24695 128
71.26707 154
71.28718 123
71.3073 147
71.32741 140
71.34752 112
71.36764 119
71.38775 115
71.40786 126
71.42798 148
71.44809 154
71.4682 143
71.48832 127
71.50843 123
71.52855 116
71.54866 119
71.56877 133
71.58889 138
71.609 103
71.62911 131
71.64923 135
71.66934 132
71.68946 110
71.70957 133
71.72968 125
71.7498 136
71.76991 126
71.79002 143
71.81014 143
71.83025 132
71.85037 127
71.87048 141
71.89059 135
71.91071 139
71.93082 133
71.95093 133
71.97105 137
71.99116 128
72.01127 131
72.03139 118
72.0515 136
72.07162 130
72.09173 136
72.11184 147
72.13196 125
72.15207 125
72.17218 132
72.1923 125
72.21241 138
72.23253 141
72.25264 137
72.27275 134
72.29287 114
72.31298 134
72.33309 136
72.35321 132
72.37332 133
72.39344 109
72.41355 118
72.43366 114
72.45378 130
72.47389 128
72.494 124
72.51412 121
72.53423 116
72.55434 118
72.57446 133
72.59457 115
72.61469 117
72.6348 127
72.65491 120
72.67503 130
72.69514 129
72.71525 125
72.73537 115
72.75548 131
72.7756 138
72.79571 129
72.81582 131
72.83594 128
72.85605 146
72.87616 140
72.89628 129
72.91639 146
72.9365 142
72.95662 147
72.97673 135
72.99685 149
73.01696 141
73.03707 150
73.05719 155
73.0773 143
73.09741 128
73.11753 158
73.13764 180
73.15776 152
73.17787 190
73.19798 195
73.2181 202
73.23821 221
73.25832 237
73.27844 298
73.29855 311
73.31867 392
73.33878 408
73.35889 474
73.37901 517
73.39912 541
73.41923 551
73.43935 552
73.45946 456
73.47957 429
73.49969 358
73.5198 316
73.53992 282
73.56003 284
73.58014 338
73.60026 337
73.62037 329
73.64048 370
73.6606 319
73.68071 281
73.70083 250
73.72094 183
73.74105 159
73.76117 155
73.78128 183
73.80139 155
73.82151 141
73.84162 145
73.86174 153
73.88185 153
73.90196 145
73.92208 138
73.94219 135
73.9623 118
73.98242 151
74.00253 133
74.02264 123
74.04276 115
74.06287 136
74.08299 136
74.1031 141
74.12321 117
74.14333 130
74.16344 130
74.18355 137
74.20367 125
74.22378 118
74.2439 133
74.26401 135
74.28412 109
74.30424 130
74.32435 128
74.34446 120
74.36458 125
74.38469 116
74.40481 126
74.42492 114
74.44503 131
74.46515 145
74.48526 108
74.50537 125
74.52549 110
74.5456 110
74.56571 126
74.58583 128
74.60594 120
74.62606 137
74.64617 139
74.66628 123
74.6864 124
74.70651 144
74.72662 144
74.74674 114
74.76685 120
74.78697 123
74.80708 124
74.82719 143
74.84731 119
74.86742 120
74.88753 120
74.90765 129
74.92776 138
74.94787 126
74.96799 135
74.9881 125
75.00822 121
