3.00117 20112
3.02128 19266
3.0414 19139
3.06151 18537
3.08162 18037
3.10174 17183
3.12185 16852
3.14197 16623
3.16208 15943
3.18219 15367
3.20231 14754
3.22242 14667
3.24253 14332
3.26265 13545
3.28276 13238
3.30288 12588
3.32299 12508
3.3431 12057
3.36322 11662
3.38333 11201
3.40344 10728
3.42356 10431
3.44367 10471
3.46379 9739
3.4839 9553
3.50401 9083
3.52413 9104
3.54424 8732
3.56435 8005
3.58447 7972
3.60458 7653
3.62469 7461
3.64481 7125
3.66492 6677
3.68504 6556
3.70515 6302
3.72526 5917
3.74538 6032
3.76549 5394
3.7856 5380
3.80572 5107
3.82583 4904
3.84595 4818
3.86606 4540
3.88617 4365
3.90629 4111
3.9264 3840
3.94651 3932
3.96663 3607
3.98674 3544
4.00686 3392
4.02697 3153
4.04708 3238
4.0672 2914
4.08731 2925
4.10742 2810
4.12754 2698
4.14765 2528
4.16776 2301
4.18788 2350
4.20799 2274
4.22811 2199
4.24822 2158
4.26833 1991
4.28845 1972
4.30856 1899
4.32867 1943
4.34879 1936
4.3689 1780
4.38902 1798
4.40913 1712
4.42924 1595
4.44936 1715
4.46947 1514
4.48958 1667
4.5097 1618
4.52981 1563
4.54992 1565
4.57004 1404
4.59015 1425
4.61027 1423
4.63038 1349
4.65049 1299
4.67061 1245
4.69072 1272
4.71083 1237
4.73095 1223
4.75106 1301
4.77118 1127
4.79129 1154
4.8114 1251
4.83152 1097
4.85163 1114
4.87174 1088
4.89186 1076
4.91197 1066
4.93209 1022
4.9522 1018
4.97231 983
4.99243 964
5.01254 1043
5.03265 978
5.05277 993
5.07288 913
5.09299 910
5.11311 944
5.13322 911
5.15334 938
5.17345 848
5.19356 860
5.21368 905
5.23379 812
5.2539 854
5.27402 823
5.29413 803
5.31425 770
5.33436 857
5.35447 799
5.37459 860
5.3947 815
5.41481 823
5.43493 740
5.45504 724
5.47516 770
5.49527 693
5.51538 735
5.5355 709
5.55561 661
5.57572 701
5.59584 653
5.61595 763
5.63606 698
5.65618 657
5.67629 649
5.69641 685
5.71652 632
5.73663 695
5.75675 689
5.77686 660
5.79697 599
5.81709 612
5.8372 704
5.85732 636
5.87743 699
5.89754 650
5.91766 627
5.93777 624
5.95788 612
5.978 610
5.99811 631
6.01823 584
6.03834 602
6.05845 616
6.07857 574
6.09868 655
6.11879 561
6.13891 542
6.15902 528
6.17913 527
6.19925 569
6.21936 513
6.23948 572
6.25959 491
6.2797 555
6.29982 516
6.31993 512
6.34004 510
6.36016 503
6.38027 513
6.40039 517
6.4205 483
6.44061 438
6.46073 461
6.48084 463
6.50095 489
6.52107 464
6.54118 443
6.56129 442
6.58141 486
6.60152 450
6.62164 428
6.64175 417
6.66186 471
6.68198 409
6.70209 395
6.7222 394
6.74232 394
6.76243 384
6.78255 399
6.80266 384
6.82277 395
6.84289 407
6.863 361
6.88311 378
6.90323 400
6.92334 380
6.94346 359
6.96357 372
6.98368 371
7.0038 345
7.02391 387
7.04402 356
7.06414 373
7.08425 402
7.10436 348
7.12448 346
7.14459 326
7.16471 372
7.18482 307
7.20493 341
7.22505 361
7.24516 378
7.26527 323
7.28539 331
7.3055 337
7.32562 335
7.34573 339
7.36584 348
7.38596 313
7.40607 299
7.42618 339
7.4463 342
7.46641 309
7.48653 345
7.50664 310
7.52675 319
7.54687 333
7.56698 334
7.58709 339
7.60721 329
7.62732 314
7.64743 294
7.66755 310
7.68766 328
7.70778 312
7.72789 309
7.748 321
7.76812 310
7.78823 309
7.80834 333
7.82846 322
7.84857 330
7.86869 332
7.8888 343
7.90891 322
7.92903 336
7.94914 294
7.96925 326
7.98937 353
8.00948 377
8.0296 334
8.04971 336
8.06982 354
8.08994 354
8.11005 362
8.13016 352
8.15028 358
8.17039 372
8.1905 344
8.21062 395
8.23073 368
8.25085 416
8.27096 376
8.29107 395
8.31119 400
8.3313 387
8.35141 358
8.37153 401
8.39164 379
8.41176 353
8.43187 362
8.45198 414
8.4721 387
8.49221 403
8.51232 394
8.53244 373
8.55255 362
8.57266 393
8.59278 402
8.61289 347
8.63301 341
8.65312 358
8.67323 349
8.69335 328
8.71346 328
8.73357 331
8.75369 337
8.7738 310
8.79392 294
8.81403 292
8.83414 301
8.85426 328
8.87437 278
8.89448 305
8.9146 286
8.93471 310
8.95483 277
8.97494 318
8.99505 293
9.01517 294
9.03528 283
9.05539 254
9.07551 291
9.09562 232
9.11573 265
9.13585 259
9.15596 267
9.17608 274
9.19619 235
9.2163 255
9.23642 286
9.25653 294
9.27664 287
9.29676 276
9.31687 268
9.33699 260
9.3571 317
9.37721 259
9.39733 267
9.41744 268
9.43755 261
9.45767 250
9.47778 259
9.4979 249
9.51801 267
9.53812 261
9.55824 284
9.57835 288
9.59846 267
9.61858 241
9.63869 278
9.6588 269
9.67892 234
9.69903 232
9.71915 247
9.73926 277
9.75937 269
9.77949 234
9.7996 265
9.81971 265
9.83983 260
9.85994 282
9.88006 262
9.90017 246
9.92028 252
9.9404 255
9.96051 250
9.98062 249
10.00074 252
10.02085 266
10.04097 273
10.06108 257
10.08119 249
10.10131 276
10.12142 243
10.14153 236
10.16165 265
10.18176 298
10.20187 254
10.22199 281
10.2421 258
10.26222 255
10.28233 264
10.30244 255
10.32256 264
10.34267 266
10.36278 248
10.3829 217
10.40301 237
10.42313 257
10.44324 261
10.46335 277
10.48347 262
10.50358 270
10.52369 269
10.54381 226
10.56392 262
10.58403 296
10.60415 240
10.62426 252
10.64438 223
10.66449 256
10.6846 240
10.70472 230
10.72483 260
10.74494 234
10.76506 290
10.78517 244
10.80529 250
10.8254 261
10.84551 273
10.86563 269
10.88574 268
10.90585 245
10.92597 272
10.94608 255
10.9662 254
10.98631 225
11.00642 250
11.02654 256
11.04665 235
11.06676 234
11.08688 248
11.10699 252
11.1271 249
11.14722 248
11.16733 292
11.18745 266
11.20756 251
11.22767 218
11.24779 249
11.2679 253
11.28801 254
11.30813 238
11.32824 246
11.34836 243
11.36847 269
11.38858 239
11.4087 251
11.42881 239
11.44892 248
11.46904 223
11.48915 232
11.50927 251
11.52938 244
11.54949 238
11.56961 242
11.58972 219
11.60983 219
11.62995 240
11.65006 238
11.67017 240
11.69029 262
11.7104 293
11.73052 226
11.75063 234
11.77074 273
11.79086 235
11.81097 243
11.83108 255
11.8512 250
11.87131 265
11.89143 272
11.91154 261
11.93165 243
11.95177 257
11.97188 272
11.99199 220
12.01211 231
12.03222 248
12.05234 241
12.07245 235
12.09256 220
12.11268 247
12.13279 258
12.1529 234
12.17302 239
12.19313 216
12.21324 213
12.23336 244
12.25347 231
12.27359 232
12.2937 244
12.31381 214
12.33393 241
12.35404 206
12.37415 230
12.39427 219
12.41438 218
12.4345 220
12.45461 204
12.47472 232
12.49484 256
12.51495 219
12.53506 233
12.55518 243
12.57529 244
12.5954 212
12.61552 217
12.63563 205
12.65575 236
12.67586 231
12.69597 233
12.71609 234
12.7362 228
12.75631 231
12.77643 256
12.79654 257
12.81666 214
12.83677 220
12.85688 243
12.877 213
12.89711 228
12.91722 223
12.93734 254
12.95745 213
12.97757 220
12.99768 267
13.01779 234
13.03791 243
13.05802 233
13.07813 223
13.09825 227
13.11836 229
13.13847 227
13.15859 260
13.1787 239
13.19882 256
13.21893 252
13.23904 215
13.25916 215
13.27927 228
13.29938 236
13.3195 213
13.33961 225
13.35973 290
13.37984 234
13.39995 205
13.42007 242
13.44018 238
13.46029 265
13.48041 266
13.50052 220
13.52064 235
13.54075 250
13.56086 238
13.58098 239
13.60109 255
13.6212 246
13.64132 263
13.66143 240
13.68154 248
13.70166 240
13.72177 230
13.74189 242
13.762 229
13.78211 226
13.80223 236
13.82234 252
13.84245 217
13.86257 267
13.88268 232
13.9028 250
13.92291 248
13.94302 238
13.96314 195
13.98325 219
14.00336 227
14.02348 231
14.04359 247
14.06371 239
14.08382 198
14.10393 218
14.12405 226
14.14416 231
14.16427 234
14.18439 217
14.2045 216
14.22461 237
14.24473 209
14.26484 243
14.28496 182
14.30507 232
14.32518 204
14.3453 206
14.36541 209
14.38552 241
14.40564 202
14.42575 207
14.44587 236
14.46598 219
14.48609 229
14.50621 220
14.52632 218
14.54643 207
14.56655 222
14.58666 208
14.60677 225
14.62689 227
14.647 209
14.66712 226
14.68723 233
14.70734 193
14.72746 209
14.74757 177
14.76768 226
14.7878 203
14.80791 202
14.82803 204
14.84814 183
14.86825 199
14.88837 191
14.90848 207
14.92859 228
14.94871 199
14.96882 201
14.98894 215
15.00905 213
15.02916 213
15.04928 222
15.06939 239
15.0895 236
15.10962 211
15.12973 209
15.14984 226
15.16996 211
15.19007 226
15.21019 200
15.2303 216
15.25041 226
15.27053 225
15.29064 197
15.31075 198
15.33087 188
15.35098 218
15.3711 203
15.39121 219
15.41132 210
15.43144 182
15.45155 216
15.47166 231
15.49178 200
15.51189 225
15.53201 190
15.55212 197
15.57223 208
15.59235 197
15.61246 207
15.63257 206
15.65269 226
15.6728 212
15.69291 227
15.71303 210
15.73314 198
15.75326 210
15.77337 216
15.79348 223
15.8136 195
15.83371 210
15.85382 222
15.87394 210
15.89405 226
15.91417 189
15.93428 194
15.95439 202
15.97451 234
15.99462 238
16.01473 237
16.03485 204
16.05496 201
16.07508 212
16.09519 219
16.1153 217
16.13542 218
16.15553 217
16.17564 211
16.19576 208
16.21587 197
16.23598 233
16.2561 234
16.27621 203
16.29633 229
16.31644 210
16.33655 209
16.35667 223
16.37678 172
16.39689 206
16.41701 213
16.43712 206
16.45724 225
16.47735 220
16.49746 216
16.51758 208
16.53769 218
16.5578 209
16.57792 214
16.59803 185
16.61814 198
16.63826 206
16.65837 201
16.67849 200
16.6986 187
16.71871 221
16.73883 185
16.75894 194
16.77905 234
16.79917 200
16.81928 208
16.8394 203
16.85951 206
16.87962 210
16.89974 214
16.91985 196
16.93996 212
16.96008 215
16.98019 206
17.00031 231
17.02042 235
17.04053 214
17.06065 172
17.08076 224
17.10087 213
17.12099 210
17.1411 238
17.16121 219
17.18133 244
17.20144 217
17.22156 232
17.24167 180
17.26178 245
17.2819 219
17.30201 219
17.32212 215
17.34224 208
17.36235 232
17.38247 201
17.40258 180
17.42269 201
17.44281 206
17.46292 216
17.48303 241
17.50315 203
17.52326 222
17.54338 227
17.56349 216
17.5836 229
17.60372 199
17.62383 189
17.64394 212
17.66406 213
17.68417 205
17.70428 220
17.7244 183
17.74451 196
17.76463 201
17.78474 228
17.80485 200
17.82497 226
17.84508 188
17.86519 197
17.88531 218
17.90542 204
17.92554 178
17.94565 222
17.96576 232
17.98588 208
18.00599 197
18.0261 231
18.04622 193
18.06633 203
18.08645 202
18.10656 188
18.12667 209
18.14679 202
18.1669 195
18.18701 204
18.20713 226
18.22724 186
18.24735 198
18.26747 248
18.28758 213
18.3077 230
18.32781 218
18.34792 213
18.36804 195
18.38815 195
18.40826 182
18.42838 191
18.44849 216
18.46861 240
18.48872 211
18.50883 199
18.52895 225
18.54906 174
18.56917 192
18.58929 180
18.6094 213
18.62951 228
18.64963 236
18.66974 219
18.68986 218
18.70997 212
18.73008 253
18.7502 227
18.77031 243
18.79042 223
18.81054 212
18.83065 219
18.85077 230
18.87088 224
18.89099 220
18.91111 223
18.93122 230
18.95133 237
18.97145 221
18.99156 186
19.01168 217
19.03179 232
19.0519 230
19.07202 215
19.09213 200
19.11224 229
19.13236 227
19.15247 217
19.17258 196
19.1927 219
19.21281 260
19.23293 255
19.25304 240
19.27315 266
19.29327 263
19.31338 238
19.33349 262
19.35361 240
19.37372 266
19.39384 263
19.41395 267
19.43406 289
19.45418 255
19.47429 308
19.4944 325
19.51452 315
19.53463 352
19.55475 353
19.57486 345
19.59497 337
19.61509 418
19.6352 359
19.65531 353
19.67543 413
19.69554 384
19.71565 423
19.73577 432
19.75588 411
19.776 370
19.79611 420
19.81622 382
19.83634 416
19.85645 387
19.87656 373
19.89668 369
19.91679 391
19.93691 363
19.95702 365
19.97713 359
19.99725 370
20.01736 388
20.03747 373
20.05759 365
20.0777 382
20.09782 365
20.11793 350
20.13804 375
20.15816 379
20.17827 363
20.19838 373
20.2185 377
20.23861 343
20.25872 393
20.27884 364
20.29895 362
20.31907 396
20.33918 352
20.35929 392
20.37941 405
20.39952 412
20.41963 453
20.43975 463
20.45986 449
20.47998 475
20.50009 466
20.5202 510
20.54032 481
20.56043 567
20.58054 565
20.60066 584
20.62077 671
20.64088 858
20.661 995
20.68111 1407
20.70123 1863
20.72134 2614
20.74145 3472
20.76157 4697
20.78168 5782
20.80179 6854
20.82191 7227
20.84202 6878
20.86214 5888
20.88225 4356
20.90236 3038
20.92248 1982
20.94259 1265
20.9627 899
20.98282 709
21.00293 617
21.02305 575
21.04316 577
21.06327 549
21.08339 462
21.1035 427
21.12361 442
21.14373 381
21.16384 422
21.18395 411
21.20407 361
21.22418 349
21.2443 338
21.26441 325
21.28452 355
21.30464 308
21.32475 307
21.34486 311
21.36498 310
21.38509 315
21.40521 306
21.42532 306
21.44543 325
21.46555 331
21.48566 288
21.50577 272
21.52589 327
21.546 315
21.56612 338
21.58623 301
21.60634 300
21.62646 289
21.64657 304
21.66668 307
21.6868 266
21.70691 285
21.72702 309
21.74714 287
21.76725 288
21.78737 285
21.80748 292
21.82759 303
21.84771 317
21.86782 302
21.88793 306
21.90805 304
21.92816 303
21.94828 326
21.96839 332
21.9885 286
22.00862 292
22.02873 300
22.04884 307
22.06896 311
22.08907 265
22.10919 292
22.1293 300
22.14941 289
22.16953 275
22.18964 249
22.20975 263
22.22987 299
22.24998 322
22.27009 291
22.29021 284
22.31032 283
22.33044 292
22.35055 280
22.37066 259
22.39078 281
22.41089 277
22.431 288
22.45112 288
22.47123 282
22.49135 269
22.51146 273
22.53157 261
22.55169 321
22.5718 268
22.59191 276
22.61203 299
22.63214 251
22.65225 257
22.67237 252
22.69248 251
22.7126 254
22.73271 287
22.75282 268
22.77294 282
22.79305 294
22.81316 249
22.83328 279
22.85339 274
22.87351 266
22.89362 252
22.91373 278
22.93385 268
22.95396 260
22.97407 240
22.99419 248
23.0143 281
23.03442 271
23.05453 293
23.07464 283
23.09476 267
23.11487 284
23.13498 291
23.1551 267
23.17521 274
23.19532 265
23.21544 291
23.23555 274
23.25567 266
23.27578 297
23.29589 268
23.31601 272
23.33612 251
23.35623 297
23.37635 254
23.39646 296
23.41658 298
23.43669 293
23.4568 297
23.47692 325
23.49703 352
23.51714 312
23.53726 316
23.55737 314
23.57749 317
23.5976 318
23.61771 320
23.63783 335
23.65794 255
23.67805 293
23.69817 308
23.71828 280
23.73839 286
23.75851 289
23.77862 315
23.79874 300
23.81885 313
23.83896 266
23.85908 303
23.87919 314
23.8993 336
23.91942 353
23.93953 329
23.95965 312
23.97976 351
23.99987 374
24.01999 350
24.0401 293
24.06021 264
24.08033 298
24.10044 269
24.12056 234
24.14067 271
24.16078 289
24.1809 303
24.20101 285
24.22112 257
24.24124 259
24.26135 284
24.28146 262
24.30158 266
24.32169 286
24.34181 282
24.36192 279
24.38203 275
24.40215 254
24.42226 263
24.44237 256
24.46249 264
24.4826 270
24.50272 271
24.52283 283
24.54294 275
24.56306 260
24.58317 299
24.60328 301
24.6234 260
24.64351 278
24.66362 277
24.68374 244
24.70385 260
24.72397 267
24.74408 270
24.76419 294
24.78431 252
24.80442 254
24.82453 248
24.84465 260
24.86476 291
24.88488 246
24.90499 281
24.9251 266
24.94522 260
24.96533 270
24.98544 276
25.00556 264
25.02567 263
25.04579 255
25.0659 290
25.08601 259
25.10613 289
25.12624 265
25.14635 269
25.16647 274
25.18658 288
25.20669 261
25.22681 289
25.24692 252
25.26704 258
25.28715 269
25.30726 261
25.32738 268
25.34749 288
25.3676 290
25.38772 295
25.40783 269
25.42795 333
25.44806 327
25.46817 323
25.48829 327
25.5084 400
25.52851 352
25.54863 378
25.56874 405
25.58886 408
25.60897 426
25.62908 431
25.6492 424
25.66931 480
25.68942 426
25.70954 554
25.72965 507
25.74976 460
25.76988 487
25.78999 485
25.81011 539
25.83022 475
25.85033 523
25.87045 501
25.89056 517
25.91067 502
25.93079 515
25.9509 591
25.97102 510
25.99113 558
26.01124 546
26.03136 571
26.05147 609
26.07158 633
26.0917 674
26.11181 690
26.13193 719
26.15204 750
26.17215 800
26.19227 883
26.21238 987
26.23249 1005
26.25261 1082
26.27272 1229
26.29283 1298
26.31295 1460
26.33306 1650
26.35318 1817
26.37329 2398
26.3934 2823
26.41352 3660
26.43363 4598
26.45374 6207
26.47386 8462
26.49397 11547
26.51409 15769
26.5342 20895
26.55431 26388
26.57443 31078
26.59454 33388
26.61465 31874
26.63477 27345
26.65488 21946
26.67499 16608
26.69511 11462
26.71522 7301
26.73534 4305
26.75545 2813
26.77556 2009
26.79568 1744
26.81579 1489
26.8359 1354
26.85602 1227
26.87613 1182
26.89625 1047
26.91636 980
26.93647 952
26.95659 846
26.9767 740
26.99681 788
27.01693 724
27.03704 728
27.05716 692
27.07727 591
27.09738 621
27.1175 554
27.13761 619
27.15772 534
27.17784 501
27.19795 519
27.21806 505
27.23818 540
27.25829 499
27.27841 567
27.29852 543
27.31863 539
27.33875 482
27.35886 598
27.37897 554
27.39909 581
27.4192 569
27.43932 636
27.45943 580
27.47954 621
27.49966 596
27.51977 562
27.53988 520
27.56 552
27.58011 468
27.60023 435
27.62034 433
27.64045 436
27.66057 432
27.68068 435
27.70079 458
27.72091 407
27.74102 422
27.76113 404
27.78125 443
27.80136 403
27.82148 411
27.84159 395
27.8617 408
27.88182 386
27.90193 422
27.92204 411
27.94216 401
27.96227 399
27.98239 406
28.0025 400
28.02261 354
28.04273 352
28.06284 360
28.08295 345
28.10307 360
28.12318 328
28.1433 314
28.16341 337
28.18352 308
28.20364 360
28.22375 329
28.24386 291
28.26398 334
28.28409 337
28.3042 321
28.32432 337
28.34443 334
28.36455 338
28.38466 338
28.40477 298
28.42489 349
28.445 312
28.46511 316
28.48523 294
28.50534 322
28.52546 325
28.54557 294
28.56568 299
28.5858 321
28.60591 307
28.62602 275
28.64614 303
28.66625 320
28.68636 273
28.70648 309
28.72659 241
28.74671 282
28.76682 281
28.78693 269
28.80705 294
28.82716 290
28.84727 300
28.86739 288
28.8875 299
28.90762 278
28.92773 354
28.94784 286
28.96796 324
28.98807 310
29.00818 272
29.0283 304
29.04841 309
29.06853 307
29.08864 315
29.10875 331
29.12887 297
29.14898 305
29.16909 311
29.18921 289
29.20932 313
29.22943 308
29.24955 324
29.26966 319
29.28978 352
29.30989 322
29.33 411
29.35012 385
29.37023 413
29.39034 413
29.41046 408
29.43057 402
29.45069 381
29.4708 381
29.49091 344
29.51103 372
29.53114 341
29.55125 331
29.57137 326
29.59148 271
29.6116 321
29.63171 296
29.65182 285
29.67194 316
29.69205 270
29.71216 285
29.73228 326
29.75239 286
29.7725 344
29.79262 311
29.81273 287
29.83285 299
29.85296 285
29.87307 268
29.89319 309
29.9133 319
29.93341 283
29.95353 292
29.97364 296
29.99376 292
30.01387 283
30.03398 267
30.0541 248
30.07421 261
30.09432 253
30.11444 316
30.13455 280
30.15467 283
30.17478 295
30.19489 295
30.21501 270
30.23512 283
30.25523 273
30.27535 269
30.29546 274
30.31557 253
30.33569 287
30.3558 285
30.37592 296
30.39603 305
30.41614 255
30.43626 270
30.45637 265
30.47648 288
30.4966 291
30.51671 269
30.53683 240
30.55694 245
30.57705 268
30.59717 262
30.61728 268
30.63739 308
30.65751 286
30.67762 287
30.69773 258
30.71785 272
30.73796 292
30.75808 301
30.77819 309
30.7983 287
30.81842 291
30.83853 273
30.85864 240
30.87876 273
30.89887 268
30.91899 264
30.9391 271
30.95921 239
30.97933 226
30.99944 252
31.01955 214
31.03967 244
31.05978 267
31.0799 237
31.10001 239
31.12012 255
31.14024 231
31.16035 242
31.18046 214
31.20058 235
31.22069 248
31.2408 240
31.26092 198
31.28103 236
31.30115 270
31.32126 233
31.34137 216
31.36149 243
31.3816 240
31.40171 222
31.42183 229
31.44194 214
31.46206 233
31.48217 251
31.50228 258
31.5224 211
31.54251 220
31.56262 220
31.58274 243
31.60285 246
31.62297 232
31.64308 267
31.66319 227
31.68331 205
31.70342 234
31.72353 195
31.74365 232
31.76376 215
31.78387 234
31.80399 206
31.8241 221
31.84422 241
31.86433 221
31.88444 231
31.90456 210
31.92467 250
31.94478 225
31.9649 224
31.98501 246
32.00513 199
32.02524 229
32.04535 212
32.06547 252
32.08558 229
32.10569 210
32.12581 230
32.14592 226
32.16604 209
32.18615 240
32.20626 245
32.22638 243
32.24649 210
32.2666 233
32.28672 223
32.30683 186
32.32694 242
32.34706 209
32.36717 228
32.38729 233
32.4074 193
32.42751 237
32.44763 252
32.46774 245
32.48785 257
32.50797 234
32.52808 226
32.5482 222
32.56831 228
32.58842 234
32.60854 198
32.62865 220
32.64876 218
32.66888 196
32.68899 202
32.7091 198
32.72922 204
32.74933 213
32.76945 202
32.78956 194
32.80967 226
32.82979 226
32.8499 192
32.87001 241
32.89013 216
32.91024 204
32.93036 195
32.95047 202
32.97058 227
32.9907 215
33.01081 210
33.03092 240
33.05104 221
33.07115 251
33.09127 204
33.11138 209
33.13149 239
33.15161 206
33.17172 232
33.19183 197
33.21195 195
33.23206 195
33.25217 176
33.27229 192
33.2924 215
33.31252 201
33.33263 219
33.35274 215
33.37286 205
33.39297 228
33.41308 168
33.4332 202
33.45331 213
33.47343 203
33.49354 167
33.51365 193
33.53377 224
33.55388 173
33.57399 209
33.59411 191
33.61422 195
33.63434 177
33.65445 216
33.67456 220
33.69468 193
33.71479 213
33.7349 210
33.75502 209
33.77513 199
33.79524 206
33.81536 210
33.83547 185
33.85559 232
33.8757 206
33.89581 212
33.91593 196
33.93604 211
33.95615 208
33.97627 218
33.99638 244
34.0165 206
34.03661 250
34.05672 199
34.07684 266
34.09695 225
34.11706 264
34.13718 236
34.15729 200
34.17741 240
34.19752 249
34.21763 251
34.23775 237
34.25786 249
34.27797 273
34.29809 254
34.3182 256
34.33831 219
34.35843 260
34.37854 255
34.39866 265
34.41877 257
34.43888 263
34.459 233
34.47911 283
34.49922 268
34.51934 237
34.53945 264
34.55957 272
34.57968 283
34.59979 296
34.61991 283
34.64002 318
34.66013 260
34.68025 288
34.70036 287
34.72047 295
34.74059 275
34.7607 287
34.78082 310
34.80093 311
34.82104 281
34.84116 296
34.86127 316
34.88138 301
34.9015 282
34.92161 299
34.94173 322
34.96184 325
34.98195 277
35.00207 275
35.02218 265
35.04229 309
35.06241 271
35.08252 295
35.10264 317
35.12275 305
35.14286 293
35.16298 302
35.18309 260
35.2032 289
35.22332 304
35.24343 281
35.26354 284
35.28366 291
35.30377 289
35.32389 316
35.344 274
35.36411 307
35.38423 306
35.40434 312
35.42445 277
35.44457 268
35.46468 278
35.4848 292
35.50491 290
35.52502 256
35.54514 290
35.56525 296
35.58536 300
35.60548 308
35.62559 303
35.64571 293
35.66582 289
35.68593 274
35.70605 275
35.72616 279
35.74627 286
35.76639 258
35.7865 297
35.80661 307
35.82673 296
35.84684 251
35.86696 262
35.88707 302
35.90718 280
35.9273 263
35.94741 297
35.96752 288
35.98764 287
36.00775 283
36.02787 297
36.04798 249
36.06809 307
36.08821 283
36.10832 304
36.12843 283
36.14855 307
36.16866 305
36.18878 354
36.20889 373
36.229 343
36.24912 384
36.26923 418
36.28934 468
36.30946 549
36.32957 624
36.34968 738
36.3698 925
36.38991 1034
36.41003 1312
36.43014 1579
36.45025 1853
36.47037 2048
36.49048 2246
36.51059 2133
36.53071 1960
36.55082 1623
36.57094 1364
36.59105 1198
36.61116 1034
36.63128 816
36.65139 565
36.6715 480
36.69162 345
36.71173 299
36.73184 325
36.75196 299
36.77207 276
36.79219 285
36.8123 293
36.83241 261
36.85253 244
36.87264 246
36.89275 257
36.91287 268
36.93298 269
36.9531 250
36.97321 250
36.99332 276
37.01344 247
37.03355 238
37.05366 266
37.07378 214
37.09389 230
37.11401 254
37.13412 249
37.15423 233
37.17435 230
37.19446 235
37.21457 249
37.23469 247
37.2548 241
37.27491 222
37.29503 217
37.31514 243
37.33526 227
37.35537 199
37.37548 204
37.3956 232
37.41571 228
37.43582 231
37.45594 204
37.47605 245
37.49617 219
37.51628 222
37.53639 227
37.55651 216
37.57662 239
37.59673 219
37.61685 245
37.63696 214
37.65708 217
37.67719 204
37.6973 201
37.71742 230
37.73753 211
37.75764 229
37.77776 218
37.79787 208
37.81798 224
37.8381 241
37.85821 207
37.87833 220
37.89844 231
37.91855 225
37.93867 213
37.95878 214
37.97889 205
37.99901 219
38.01912 204
38.03924 225
38.05935 223
38.07946 196
38.09958 222
38.11969 200
38.1398 236
38.15992 216
38.18003 218
38.20015 243
38.22026 215
38.24037 211
38.26049 208
38.2806 222
38.30071 211
38.32083 198
38.34094 253
38.36105 241
38.38117 207
38.40128 214
38.4214 243
38.44151 208
38.46162 245
38.48174 226
38.50185 239
38.52196 220
38.54208 198
38.56219 242
38.58231 199
38.60242 220
38.62253 226
38.64265 237
38.66276 208
38.68287 232
38.70299 212
38.7231 233
38.74321 236
38.76333 239
38.78344 232
38.80356 241
38.82367 222
38.84378 242
38.8639 205
38.88401 226
38.90412 222
38.92424 261
38.94435 230
38.96447 239
38.98458 222
39.00469 239
39.02481 230
39.04492 267
39.06503 270
39.08515 287
39.10526 340
39.12538 297
39.14549 309
39.1656 368
39.18572 422
39.20583 391
39.22594 484
39.24606 607
39.26617 728
39.28628 827
39.3064 972
39.32651 1223
39.34663 1425
39.36674 1742
39.38685 1938
39.40697 1984
39.42708 2147
39.44719 1835
39.46731 1583
39.48742 1412
39.50754 1209
39.52765 1086
39.54776 913
39.56788 707
39.58799 508
39.6081 418
39.62822 345
39.64833 320
39.66845 304
39.68856 269
39.70867 285
39.72879 273
39.7489 266
39.76901 236
39.78913 274
39.80924 231
39.82935 244
39.84947 274
39.86958 268
39.8897 285
39.90981 256
39.92992 250
39.95004 280
39.97015 290
39.99026 296
40.01038 316
40.03049 352
40.05061 375
40.07072 406
40.09083 471
40.11095 487
40.13106 631
40.15117 665
40.17129 832
40.1914 922
40.21152 1064
40.23163 1163
40.25174 1045
40.27186 970
40.29197 800
40.31208 728
40.3322 664
40.35231 643
40.37242 550
40.39254 489
40.41265 339
40.43277 307
40.45288 328
40.47299 247
40.49311 250
40.51322 247
40.53333 261
40.55345 210
40.57356 239
40.59368 219
40.61379 219
40.6339 237
40.65402 231
40.67413 241
40.69424 231
40.71436 219
40.73447 246
40.75458 223
40.7747 213
40.79481 223
40.81493 201
40.83504 212
40.85515 213
40.87527 221
40.89538 218
40.91549 226
40.93561 248
40.95572 222
40.97584 233
40.99595 223
41.01606 221
41.03618 222
41.05629 234
41.0764 205
41.09652 220
41.11663 224
41.13675 220
41.15686 224
41.17697 216
41.19709 219
41.2172 245
41.23731 218
41.25743 225
41.27754 211
41.29765 206
41.31777 219
41.33788 219
41.358 223
41.37811 232
41.39822 246
41.41834 186
41.43845 235
41.45856 241
41.47868 243
41.49879 240
41.51891 231
41.53902 235
41.55913 233
41.57925 242
41.59936 243
41.61947 239
41.63959 227
41.6597 234
41.67982 267
41.69993 239
41.72004 227
41.74016 237
41.76027 276
41.78038 266
41.8005 296
41.82061 265
41.84072 260
41.86084 239
41.88095 258
41.90107 233
41.92118 241
41.94129 219
41.96141 240
41.98152 252
42.00163 255
42.02175 262
42.04186 241
42.06198 226
42.08209 270
42.1022 257
42.12232 324
42.14243 350
42.16254 370
42.18266 395
42.20277 420
42.22289 465
42.243 602
42.26311 649
42.28323 781
42.30334 858
42.32345 1013
42.34357 1219
42.36368 1375
42.38379 1513
42.40391 1507
42.42402 1379
42.44414 1252
42.46425 1065
42.48436 940
42.50448 854
42.52459 770
42.5447 687
42.56482 529
42.58493 383
42.60505 349
42.62516 291
42.64527 260
42.66539 274
42.6855 257
42.70561 263
42.72573 248
42.74584 243
42.76595 233
42.78607 222
42.80618 221
42.8263 240
42.84641 247
42.86652 230
42.88664 230
42.90675 218
42.92686 246
42.94698 215
42.96709 224
42.98721 217
43.00732 199
43.02743 240
43.04755 218
43.06766 204
43.08777 210
43.10789 216
43.128 211
43.14812 220
43.16823 214
43.18834 209
43.20846 211
43.22857 204
43.24868 195
43.2688 209
43.28891 208
43.30902 197
43.32914 203
43.34925 208
43.36937 196
43.38948 216
43.40959 206
43.42971 199
43.44982 193
43.46993 184
43.49005 218
43.51016 190
43.53028 203
43.55039 233
43.5705 199
43.59062 182
43.61073 202
43.63084 203
43.65096 203
43.67107 194
43.69119 197
43.7113 195
43.73141 191
43.75153 174
43.77164 187
43.79175 175
43.81187 173
43.83198 214
43.85209 210
43.87221 199
43.89232 167
43.91244 201
43.93255 188
43.95266 219
43.97278 199
43.99289 183
44.013 188
44.03312 184
44.05323 195
44.07335 205
44.09346 191
44.11357 219
44.13369 191
44.1538 197
44.17391 189
44.19403 186
44.21414 199
44.23426 163
44.25437 204
44.27448 200
44.2946 181
44.31471 180
44.33482 196
44.35494 197
44.37505 200
44.39516 201
44.41528 193
44.43539 173
44.45551 188
44.47562 208
44.49573 190
44.51585 187
44.53596 178
44.55607 199
44.57619 180
44.5963 195
44.61642 192
44.63653 176
44.65664 209
44.67676 178
44.69687 189
44.71698 208
44.7371 188
44.75721 191
44.77732 204
44.79744 209
44.81755 225
44.83767 183
44.85778 177
44.87789 186
44.89801 179
44.91812 182
44.93823 201
44.95835 199
44.97846 208
44.99858 214
45.01869 205
45.0388 199
45.05892 233
45.07903 192
45.09914 185
45.11926 176
45.13937 188
45.15949 192
45.1796 215
45.19971 200
45.21983 205
45.23994 214
45.26005 197
45.28017 201
45.30028 243
45.32039 237
45.34051 212
45.36062 213
45.38074 210
45.40085 219
45.42096 232
45.44108 252
45.46119 252
45.4813 289
45.50142 241
45.52153 313
45.54165 337
45.56176 359
45.58187 394
45.60199 469
45.6221 545
45.64221 657
45.66233 745
45.68244 854
45.70256 919
45.72267 1023
45.74278 1042
45.7629 970
45.78301 864
45.80312 739
45.82324 639
45.84335 638
45.86346 570
45.88358 497
45.90369 423
45.92381 370
45.94392 290
45.96403 243
45.98415 254
46.00426 238
46.02437 233
46.04449 206
46.0646 223
46.08472 202
46.10483 206
46.12494 216
46.14506 218
46.16517 192
46.18528 189
46.2054 188
46.22551 183
46.24563 213
46.26574 194
46.28585 181
46.30597 199
46.32608 187
46.34619 187
46.36631 173
46.38642 204
46.40653 207
46.42665 203
46.44676 212
46.46688 183
46.48699 184
46.5071 169
46.52722 187
46.54733 184
46.56744 180
46.58756 196
46.60767 187
46.62779 167
46.6479 190
46.66801 167
46.68813 177
46.70824 186
46.72835 173
46.74847 182
46.76858 162
46.78869 186
46.80881 155
46.82892 166
46.84904 168
46.86915 197
46.88926 184
46.90938 216
46.92949 165
46.9496 145
46.96972 187
46.98983 178
47.00995 165
47.03006 190
47.05017 178
47.07029 176
47.0904 173
47.11051 194
47.13063 195
47.15074 184
47.17086 193
47.19097 176
47.21108 194
47.2312 189
47.25131 189
47.27142 190
47.29154 161
47.31165 205
47.33176 193
47.35188 188
47.37199 205
47.39211 194
47.41222 174
47.43233 168
47.45245 171
47.47256 213
47.49267 210
47.51279 197
47.5329 186
47.55302 214
47.57313 171
47.59324 200
47.61336 195
47.63347 164
47.65358 186
47.6737 183
47.69381 192
47.71393 175
47.73404 186
47.75415 189
47.77427 191
47.79438 179
47.81449 196
47.83461 207
47.85472 171
47.87483 171
47.89495 185
47.91506 180
47.93518 169
47.95529 194
47.9754 163
47.99552 178
48.01563 186
48.03574 203
48.05586 177
48.07597 178
48.09609 185
48.1162 178
48.13631 192
48.15643 192
48.17654 187
48.19665 197
48.21677 184
48.23688 193
48.257 181
48.27711 188
48.29722 186
48.31734 194
48.33745 201
48.35756 180
48.37768 194
48.39779 198
48.4179 194
48.43802 221
48.45813 206
48.47825 189
48.49836 224
48.51847 201
48.53859 193
48.5587 201
48.57881 180
48.59893 192
48.61904 194
48.63916 192
48.65927 213
48.67938 185
48.6995 196
48.71961 187
48.73972 212
48.75984 198
48.77995 221
48.80006 199
48.82018 193
48.84029 185
48.86041 201
48.88052 191
48.90063 195
48.92075 207
48.94086 175
48.96097 214
48.98109 201
49.0012 197
49.02132 205
49.04143 200
49.06154 183
49.08166 207
49.10177 198
49.12188 177
49.142 191
49.16211 183
49.18223 190
49.20234 167
49.22245 195
49.24257 209
49.26268 202
49.28279 189
49.30291 195
49.32302 188
49.34313 195
49.36325 190
49.38336 185
49.40348 202
49.42359 219
49.4437 213
49.46382 217
49.48393 214
49.50404 242
49.52416 227
49.54427 237
49.56439 252
49.5845 262
49.60461 259
49.62473 255
49.64484 248
49.66495 286
49.68507 296
49.70518 308
49.7253 346
49.74541 357
49.76552 369
49.78564 395
49.80575 483
49.82586 528
49.84598 548
49.86609 691
49.8862 749
49.90632 879
49.92643 1033
49.94655 1258
49.96666 1453
49.98677 1925
50.00689 2239
50.027 2613
50.04711 2939
50.06723 3158
50.08734 3362
50.10746 2945
50.12757 2633
50.14768 2208
50.1678 1883
50.18791 1733
50.20802 1720
50.22814 1560
50.24825 1359
50.26837 1055
50.28848 760
50.30859 562
50.32871 416
50.34882 383
50.36893 327
50.38905 322
50.40916 309
50.42927 339
50.44939 319
50.4695 312
50.48962 315
50.50973 351
50.52984 321
50.54996 330
50.57007 319
50.59018 281
50.6103 271
50.63041 242
50.65053 286
50.67064 306
50.69075 276
50.71087 270
50.73098 230
50.75109 206
50.77121 236
50.79132 227
50.81143 233
50.83155 197
50.85166 202
50.87178 207
50.89189 192
50.912 194
50.93212 194
50.95223 210
50.97234 192
50.99246 190
51.01257 187
51.03269 198
51.0528 202
51.07291 180
51.09303 197
51.11314 184
51.13325 178
51.15337 149
51.17348 195
51.1936 167
51.21371 176
51.23382 201
51.25394 170
51.27405 188
51.29416 158
51.31428 166
51.33439 178
51.3545 180
51.37462 173
51.39473 198
51.41485 173
51.43496 178
51.45507 180
51.47519 168
51.4953 162
51.51541 166
51.53553 169
51.55564 173
51.57576 175
51.59587 171
51.61598 147
51.6361 164
51.65621 163
51.67632 153
51.69644 186
51.71655 173
51.73667 177
51.75678 141
51.77689 198
51.79701 152
51.81712 162
51.83723 176
51.85735 170
51.87746 174
51.89757 187
51.91769 167
51.9378 157
51.95792 177
51.97803 145
51.99814 156
52.01826 183
52.03837 158
52.05848 187
52.0786 185
52.09871 160
52.11883 162
52.13894 154
52.15905 197
52.17917 178
52.19928 164
52.21939 173
52.23951 160
52.25962 176
52.27974 170
52.29985 180
52.31996 158
52.34008 151
52.36019 152
52.3803 141
52.40042 158
52.42053 167
52.44064 154
52.46076 188
52.48087 159
52.50099 155
52.5211 177
52.54121 166
52.56133 192
52.58144 153
52.60155 179
52.62167 178
52.64178 176
52.6619 167
52.68201 189
52.70212 188
52.72224 187
52.74235 159
52.76246 193
52.78258 163
52.80269 168
52.8228 189
52.84292 177
52.86303 162
52.88315 202
52.90326 155
52.92337 192
52.94349 167
52.9636 159
52.98371 178
53.00383 175
53.02394 163
53.04406 176
53.06417 205
53.08428 186
53.1044 197
53.12451 177
53.14462 180
53.16474 184
53.18485 167
53.20497 183
53.22508 198
53.24519 202
53.26531 199
53.28542 204
53.30553 185
53.32565 179
53.34576 195
53.36587 223
53.38599 178
53.4061 212
53.42622 188
53.44633 183
53.46644 207
53.48656 212
53.50667 187
53.52678 180
53.5469 168
53.56701 184
53.58713 206
53.60724 202
53.62735 222
53.64747 182
53.66758 183
53.68769 204
53.70781 180
53.72792 191
53.74804 169
53.76815 187
53.78826 205
53.80838 175
53.82849 193
53.8486 207
53.86872 215
53.88883 222
53.90894 193
53.92906 202
53.94917 202
53.96929 190
53.9894 182
54.00951 204
54.02963 183
54.04974 203
54.06985 184
54.08997 192
54.11008 198
54.1302 177
54.15031 196
54.17042 204
54.19054 197
54.21065 197
54.23076 218
54.25088 207
54.27099 205
54.29111 180
54.31122 197
54.33133 212
54.35145 229
54.37156 211
54.39167 221
54.41179 222
54.4319 233
54.45201 240
54.47213 255
54.49224 266
54.51236 276
54.53247 300
54.55258 280
54.5727 289
54.59281 313
54.61292 313
54.63304 385
54.65315 478
54.67327 499
54.69338 514
54.71349 642
54.73361 748
54.75372 901
54.77383 997
54.79395 1068
54.81406 1111
54.83417 1076
54.85429 954
54.8744 804
54.89452 674
54.91463 643
54.93474 635
54.95486 639
54.97497 640
54.99508 542
55.0152 506
55.03531 419
55.05543 329
55.07554 343
55.09565 349
55.11577 333
55.13588 351
55.15599 404
55.17611 451
55.19622 476
55.21634 487
55.23645 583
55.25656 562
55.27668 581
55.29679 504
55.3169 487
55.33702 444
55.35713 400
55.37724 416
55.39736 387
55.41747 376
55.43759 360
55.4577 301
55.47781 293
55.49793 256
55.51804 229
55.53815 212
55.55827 212
55.57838 218
55.5985 204
55.61861 230
55.63872 202
55.65884 214
55.67895 190
55.69906 197
55.71918 188
55.73929 172
55.75941 205
55.77952 189
55.79963 192
55.81975 202
55.83986 172
55.85997 180
55.88009 196
55.9002 176
55.92031 193
55.94043 188
55.96054 173
55.98066 185
56.00077 211
56.02088 174
56.041 182
56.06111 189
56.08122 193
56.10134 191
56.12145 184
56.14157 174
56.16168 175
56.18179 197
56.20191 170
56.22202 173
56.24213 181
56.26225 189
56.28236 198
56.30248 186
56.32259 224
56.3427 181
56.36282 177
56.38293 172
56.40304 191
56.42316 176
56.44327 180
56.46338 169
56.4835 176
56.50361 172
56.52373 166
56.54384 199
56.56395 188
56.58407 169
56.60418 190
56.62429 177
56.64441 190
56.66452 175
56.68464 192
56.70475 202
56.72486 172
56.74498 172
56.76509 179
56.7852 181
56.80532 187
56.82543 177
56.84554 198
56.86566 190
56.88577 187
56.90589 152
56.926 188
56.94611 186
56.96623 200
56.98634 179
57.00645 192
57.02657 189
57.04668 195
57.0668 209
57.08691 234
57.10702 211
57.12714 230
57.14725 243
57.16736 232
57.18748 232
57.20759 231
57.22771 223
57.24782 175
57.26793 204
57.28805 218
57.30816 213
57.32827 201
57.34839 188
57.3685 177
57.38861 169
57.40873 173
57.42884 188
57.44896 182
57.46907 197
57.48918 198
57.5093 180
57.52941 156
57.54952 176
57.56964 193
57.58975 189
57.60987 173
57.62998 157
57.65009 197
57.67021 191
57.69032 181
57.71043 175
57.73055 176
57.75066 164
57.77078 192
57.79089 177
57.811 176
57.83112 183
57.85123 186
57.87134 181
57.89146 169
57.91157 161
57.93168 183
57.9518 195
57.97191 180
57.99203 183
58.01214 174
58.03225 199
58.05237 192
58.07248 187
58.09259 186
58.11271 175
58.13282 196
58.15294 200
58.17305 185
58.19316 200
58.21328 167
58.23339 169
58.2535 172
58.27362 202
58.29373 192
58.31385 181
58.33396 170
58.35407 168
58.37419 160
58.3943 180
58.41441 184
58.43453 192
58.45464 167
58.47475 188
58.49487 174
58.51498 177
58.5351 185
58.55521 184
58.57532 189
58.59544 162
58.61555 199
58.63566 195
58.65578 177
58.67589 176
58.69601 153
58.71612 183
58.73623 159
58.75635 200
58.77646 178
58.79657 188
58.81669 170
58.8368 192
58.85691 169
58.87703 172
58.89714 175
58.91726 193
58.93737 173
58.95748 182
58.9776 170
58.99771 195
59.01782 183
59.03794 207
59.05805 185
59.07817 183
59.09828 191
59.11839 217
59.13851 190
59.15862 172
59.17873 190
59.19885 181
59.21896 208
59.23908 189
59.25919 207
59.2793 202
59.29942 204
59.31953 231
59.33964 226
59.35976 206
59.37987 216
59.39998 245
59.4201 245
59.44021 231
59.46033 253
59.48044 251
59.50055 273
59.52067 302
59.54078 289
59.56089 312
59.58101 367
59.60112 376
59.62124 416
59.64135 443
59.66146 492
59.68158 549
59.70169 615
59.7218 683
59.74192 820
59.76203 969
59.78215 1100
59.80226 1365
59.82237 1594
59.84249 1791
59.8626 2009
59.88271 2144
59.90283 2109
59.92294 1949
59.94305 1695
59.96317 1341
59.98328 1230
60.0034 1157
60.02351 1123
60.04362 1154
60.06374 1084
60.08385 1017
60.10396 833
60.12408 618
60.14419 488
60.16431 394
60.18442 327
60.20453 305
60.22465 284
60.24476 239
60.26487 269
60.28499 237
60.3051 226
60.32522 206
60.34533 230
60.36544 212
60.38556 246
60.40567 213
60.42578 209
60.4459 226
60.46601 201
60.48612 207
60.50624 187
60.52635 217
60.54647 190
60.56658 189
60.58669 206
60.60681 215
60.62692 177
60.64703 189
60.66715 206
60.68726 188
60.70738 200
60.72749 190
60.7476 220
60.76772 193
60.78783 208
60.80794 198
60.82806 211
60.84817 207
60.86828 216
60.8884 183
60.90851 204
60.92863 209
60.94874 203
60.96885 192
60.98897 204
61.00908 208
61.02919 194
61.04931 193
61.06942 181
61.08954 229
61.10965 226
61.12976 201
61.14988 214
61.16999 198
61.1901 201
61.21022 212
61.23033 223
61.25045 246
61.27056 224
61.29067 202
61.31079 211
61.3309 215
61.35101 218
61.37113 232
61.39124 212
61.41135 252
61.43147 233
61.45158 205
61.4717 206
61.49181 248
61.51192 234
61.53204 224
61.55215 238
61.57226 195
61.59238 217
61.61249 225
61.63261 203
61.65272 216
61.67283 221
61.69295 200
61.71306 227
61.73317 224
61.75329 199
61.7734 221
61.79352 209
61.81363 188
61.83374 235
61.85386 209
61.87397 216
61.89408 226
61.9142 198
61.93431 198
61.95442 198
61.97454 200
61.99465 199
62.01477 208
62.03488 213
62.05499 215
62.07511 208
62.09522 201
62.11533 195
62.13545 188
62.15556 190
62.17568 183
62.19579 214
62.2159 206
62.23602 192
62.25613 183
62.27624 178
62.29636 196
62.31647 193
62.33659 195
62.3567 190
62.37681 169
62.39693 183
62.41704 168
62.43715 193
62.45727 186
62.47738 177
62.49749 188
62.51761 171
62.53772 170
62.55784 162
62.57795 180
62.59806 166
62.61818 185
62.63829 191
62.6584 165
62.67852 178
62.69863 177
62.71875 179
62.73886 164
62.75897 183
62.77909 196
62.7992 180
62.81931 148
62.83943 189
62.85954 138
62.87965 181
62.89977 175
62.91988 179
62.94 163
62.96011 173
62.98022 167
63.00034 160
63.02045 191
63.04056 149
63.06068 189
63.08079 172
63.10091 176
63.12102 189
63.14113 172
63.16125 187
63.18136 173
63.20147 155
63.22159 149
63.2417 165
63.26182 153
63.28193 169
63.30204 167
63.32216 174
63.34227 175
63.36238 180
63.3825 185
63.40261 175
63.42272 189
63.44284 143
63.46295 184
63.48307 170
63.50318 175
63.52329 146
63.54341 173
63.56352 178
63.58363 184
63.60375 161
63.62386 177
63.64398 215
63.66409 199
63.6842 197
63.70432 213
63.72443 212
63.74454 241
63.76466 231
63.78477 250
63.80489 268
63.825 308
63.84511 303
63.86523 359
63.88534 403
63.90545 380
63.92557 474
63.94568 518
63.96579 524
63.98591 499
64.00602 486
64.02614 423
64.04625 392
64.06636 345
64.08648 332
64.10659 332
64.1267 325
64.14682 353
64.16693 310
64.18705 303
64.20716 274
64.22727 253
64.24739 216
64.2675 190
64.28761 188
64.30773 180
64.32784 183
64.34796 163
64.36807 165
64.38818 175
64.4083 184
64.42841 169
64.44852 182
64.46864 178
64.48875 177
64.50886 160
64.52898 161
64.54909 164
64.56921 145
64.58932 172
64.60943 157
64.62955 151
64.64966 194
64.66977 168
64.68989 183
64.71 172
64.73012 172
64.75023 163
64.77034 184
64.79046 169
64.81057 157
64.83068 162
64.8508 176
64.87091 165
64.89102 169
64.91114 178
64.93125 164
64.95137 166
64.97148 167
64.99159 167
65.01171 177
65.03182 170
65.05193 188
65.07205 185
65.09216 183
65.11228 185
65.13239 194
65.1525 156
65.17262 167
65.19273 173
65.21284 179
65.23296 159
65.25307 188
65.27319 185
65.2933 156
65.31341 178
65.33353 184
65.35364 183
65.37375 193
65.39387 183
65.41398 183
65.43409 177
65.45421 190
65.47432 173
65.49444 188
65.51455 192
65.53466 197
65.55478 179
65.57489 194
65.595 218
65.61512 232
65.63523 263
65.65535 260
65.67546 269
65.69557 252
65.71569 266
65.7358 259
65.75591 244
65.77603 243
65.79614 245
65.81626 231
65.83637 234
65.85648 209
65.8766 217
65.89671 224
65.91682 231
65.93694 209
65.95705 204
65.97716 189
65.99728 175
66.01739 171
66.03751 171
66.05762 172
66.07773 201
66.09785 168
66.11796 178
66.13807 166
66.15819 179
66.1783 174
66.19842 182
66.21853 180
66.23864 161
66.25876 179
66.27887 193
66.29898 166
66.3191 182
66.33921 174
66.35933 183
66.37944 157
66.39955 185
66.41967 165
66.43978 153
66.45989 177
66.48001 182
66.50012 182
66.52023 163
66.54035 176
66.56046 183
66.58058 189
66.60069 173
66.6208 201
66.64092 177
66.66103 177
66.68114 185
66.70126 163
66.72137 186
66.74149 211
66.7616 190
66.78171 181
66.80183 196
66.82194 185
66.84205 185
66.86217 215
66.88228 163
66.90239 201
66.92251 198
66.94262 178
66.96274 167
66.98285 197
67.00296 153
67.02308 175
67.04319 198
67.0633 203
67.08342 194
67.10353 217
67.12365 190
67.14376 206
67.16387 212
67.18399 216
67.2041 210
67.22421 242
67.24433 229
67.26444 230
67.28456 260
67.30467 251
67.32478 260
67.3449 280
67.36501 307
67.38512 318
67.40524 364
67.42535 372
67.44546 395
67.46558 425
67.48569 470
67.50581 529
67.52592 599
67.54603 683
67.56615 819
67.58626 850
67.60637 1039
67.62649 1179
67.6466 1273
67.66672 1310
67.68683 1374
67.70694 1275
67.72706 1148
67.74717 1017
67.76728 900
67.7874 851
67.80751 843
67.82763 968
67.84774 1019
67.86785 1076
67.88797 1012
67.90808 1024
67.92819 1025
67.94831 1075
67.96842 1122
67.98853 1187
68.00865 1338
68.02876 1530
68.04888 1647
68.06899 1769
68.0891 1786
68.10922 1741
68.12933 1561
68.14944 1488
68.16956 1432
68.18967 1422
68.20979 1537
68.2299 1623
68.25001 1578
68.27013 1594
68.29024 1389
68.31035 1272
68.33047 992
68.35058 843
68.3707 776
68.39081 681
68.41092 635
68.43104 650
68.45115 566
68.47126 563
68.49138 463
68.51149 403
68.5316 298
68.55172 295
68.57183 248
68.59195 246
68.61206 232
68.63217 253
68.65229 242
68.6724 218
68.69251 225
68.71263 207
68.73274 198
68.75286 187
68.77297 222
68.79308 204
68.8132 204
68.83331 216
68.85342 218
68.87354 204
68.89365 190
68.91376 209
68.93388 182
68.95399 203
68.97411 166
68.99422 168
69.01433 162
69.03445 174
69.05456 186
69.07467 186
69.09479 174
69.1149 164
69.13502 173
69.15513 178
69.17524 186
69.19536 183
69.21547 196
69.23558 141
69.2557 182
69.27581 189
69.29593 190
69.31604 172
69.33615 193
69.35627 167
69.37638 192
69.39649 157
69.41661 170
69.43672 174
69.45683 169
69.47695 174
69.49706 159
69.51718 172
69.53729 154
69.5574 177
69.57752 180
69.59763 174
69.61774 177
69.63786 160
69.65797 169
69.67809 168
69.6982 175
69.71831 165
69.73843 159
69.75854 180
69.77865 158
69.79877 160
69.81888 170
69.839 205
69.85911 165
69.87922 142
69.89934 160
69.91945 168
69.93956 160
69.95968 158
69.97979 145
69.9999 173
70.02002 152
70.04013 180
70.06025 169
70.08036 172
70.10047 154
70.12059 157
70.1407 188
70.16081 160
70.18093 163
70.20104 191
70.22116 152
70.24127 152
70.26138 156
70.2815 168
70.30161 161
70.32172 164
70.34184 165
70.36195 177
70.38207 162
70.40218 162
70.42229 157
70.44241 162
70.46252 162
70.48263 147
70.50275 152
70.52286 137
70.54297 162
70.56309 141
70.5832 140
70.60332 172
70.62343 184
70.64354 157
70.66366 142
70.68377 143
70.70388 165
70.724 174
70.74411 176
70.76423 150
70.78434 162
70.80445 145
70.82457 159
70.84468 140
70.86479 187
70.88491 152
70.90502 157
70.92513 147
70.94525 162
70.96536 160
70.98548 158
71.00559 173
71.0257 165
71.04582 156
71.06593 162
71.08604 159
71.10616 152
71.12627 158
71.14639 137
71.1665 168
71.18661 161
71.20673 177
71.22684 173
71.24695 178
71.26707 158
71.28718 168
71.3073 166
71.32741 148
71.34752 159
71.36764 176
71.38775 149
71.40786 171
71.42798 165
71.44809 166
71.4682 171
71.48832 175
71.50843 193
71.52855 166
71.54866 153
71.56877 140
71.58889 160
71.609 162
71.62911 160
71.64923 148
71.66934 176
71.68946 157
71.70957 169
71.72968 162
71.7498 178
71.76991 170
71.79002 176
71.81014 165
71.83025 167
71.85037 158
71.87048 159
71.89059 139
71.91071 151
71.93082 162
71.95093 167
71.97105 154
71.99116 170
72.01127 171
72.03139 155
72.0515 153
72.07162 174
72.09173 167
72.11184 175
72.13196 148
72.15207 162
72.17218 174
72.1923 180
72.21241 153
72.23253 175
72.25264 156
72.27275 157
72.29287 158
72.31298 185
72.33309 180
72.35321 170
72.37332 182
72.39344 161
72.41355 189
72.43366 166
72.45378 151
72.47389 199
72.494 192
72.51412 179
72.53423 207
72.55434 184
72.57446 205
72.59457 188
72.61469 179
72.6348 198
72.65491 171
72.67503 169
72.69514 184
72.71525 188
72.73537 204
72.75548 194
72.7756 193
72.79571 174
72.81582 153
72.83594 188
72.85605 186
72.87616 210
72.89628 193
72.91639 169
72.9365 197
72.95662 215
72.97673 203
72.99685 190
73.01696 175
73.03707 218
73.05719 175
73.0773 223
73.09741 230
73.11753 213
73.13764 226
73.15776 217
73.17787 255
73.19798 275
73.2181 284
73.23821 309
73.25832 315
73.27844 338
73.29855 399
73.31867 424
73.33878 476
73.35889 511
73.37901 568
73.39912 598
73.41923 606
73.43935 536
73.45946 465
73.47957 381
73.49969 336
73.5198 331
73.53992 373
73.56003 352
73.58014 356
73.60026 392
73.62037 413
73.64048 345
73.6606 294
73.68071 268
73.70083 268
73.72094 223
73.74105 206
73.76117 207
73.78128 193
73.80139 165
73.82151 180
73.84162 172
73.86174 179
73.88185 171
73.90196 194
73.92208 157
73.94219 181
73.9623 167
73.98242 172
74.00253 173
74.02264 175
74.04276 160
74.06287 166
74.08299 182
74.1031 192
74.12321 172
74.14333 169
74.16344 173
74.18355 180
74.20367 170
74.22378 182
74.2439 195
74.26401 165
74.28412 181
74.30424 172
74.32435 169
74.34446 178
74.36458 169
74.38469 169
74.40481 161
74.42492 175
74.44503 159
74.46515 160
74.48526 174
74.50537 159
74.52549 177
74.5456 174
74.56571 142
74.58583 187
74.60594 173
74.62606 198
74.64617 161
74.66628 172
74.6864 170
74.70651 163
74.72662 156
74.74674 163
74.76685 175
74.78697 165
74.80708 150
74.82719 175
74.84731 167
74.86742 172
74.88753 174
74.90765 194
74.92776 147
74.94787 167
74.96799 172
74.9881 163
75.00822 153
