3.00117 17517
3.02128 17356
3.0414 16631
3.06151 16257
3.08162 15858
3.10174 15353
3.12185 15230
3.14197 14443
3.16208 14052
3.18219 13913
3.20231 13203
3.22242 13107
3.24253 12547
3.26265 12536
3.28276 11510
3.30288 11417
3.32299 11220
3.3431 10630
3.36322 10437
3.38333 9904
3.40344 9712
3.42356 9553
3.44367 9116
3.46379 8918
3.4839 8334
3.50401 8038
3.52413 8135
3.54424 7489
3.56435 7314
3.58447 6987
3.60458 6746
3.62469 6616
3.64481 6082
3.66492 5978
3.68504 5919
3.70515 5664
3.72526 5416
3.74538 4971
3.76549 5005
3.7856 4693
3.80572 4457
3.82583 4490
3.84595 4091
3.86606 3981
3.88617 3750
3.90629 3647
3.9264 3516
3.94651 3182
3.96663 3283
3.98674 2950
4.00686 2875
4.02697 2818
4.04708 2626
4.0672 2588
4.08731 2332
4.10742 2290
4.12754 2302
4.14765 1931
4.16776 1954
4.18788 1919
4.20799 1841
4.22811 1849
4.24822 1678
4.26833 1699
4.28845 1627
4.30856 1540
4.32867 1546
4.34879 1401
4.3689 1360
4.38902 1389
4.40913 1334
4.42924 1344
4.44936 1306
4.46947 1206
4.48958 1176
4.5097 1195
4.52981 1204
4.54992 1099
4.57004 1061
4.59015 1040
4.61027 1039
4.63038 1042
4.65049 888
4.67061 953
4.69072 954
4.71083 918
4.73095 940
4.75106 801
4.77118 822
4.79129 800
4.8114 761
4.83152 836
4.85163 780
4.87174 723
4.89186 789
4.91197 723
4.93209 697
4.9522 675
4.97231 629
4.99243 646
5.01254 665
5.03265 629
5.05277 582
5.07288 599
5.09299 575
5.11311 569
5.13322 499
5.15334 514
5.17345 488
5.19356 556
5.21368 498
5.23379 487
5.2539 512
5.27402 453
5.29413 480
5.31425 484
5.33436 432
5.35447 405
5.37459 387
5.3947 407
5.41481 415
5.43493 357
5.45504 376
5.47516 351
5.49527 367
5.51538 333
5.5355 342
5.55561 304
5.57572 295
5.59584 343
5.61595 335
5.63606 298
5.65618 271
5.67629 310
5.69641 281
5.71652 292
5.73663 289
5.75675 270
5.77686 263
5.79697 256
5.81709 253
5.8372 271
5.85732 254
5.87743 238
5.89754 223
5.91766 253
5.93777 222
5.95788 210
5.978 281
5.99811 238
6.01823 203
6.03834 228
6.05845 236
6.07857 238
6.09868 224
6.11879 203
6.13891 216
6.15902 234
6.17913 211
6.19925 182
6.21936 224
6.23948 192
6.25959 245
6.2797 197
6.29982 212
6.31993 216
6.34004 198
6.36016 228
6.38027 204
6.40039 202
6.4205 226
6.44061 185
6.46073 237
6.48084 197
6.50095 189
6.52107 187
6.54118 181
6.56129 192
6.58141 211
6.60152 170
6.62164 190
6.64175 187
6.66186 208
6.68198 200
6.70209 189
6.7222 197
6.74232 171
6.76243 185
6.78255 175
6.80266 194
6.82277 200
6.84289 182
6.863 199
6.88311 175
6.90323 174
6.92334 175
6.94346 192
6.96357 214
6.98368 205
7.0038 176
7.02391 171
7.04402 174
7.06414 159
7.08425 208
7.10436 206
7.12448 184
7.14459 176
7.16471 200
7.18482 172
7.20493 196
7.22505 186
7.24516 209
7.26527 173
7.28539 187
7.3055 191
7.32562 192
7.34573 187
7.36584 181
7.38596 155
7.40607 177
7.42618 203
7.4463 202
7.46641 181
7.48653 209
7.50664 210
7.52675 206
7.54687 186
7.56698 172
7.58709 206
7.60721 198
7.62732 206
7.64743 224
7.66755 213
7.68766 168
7.70778 218
7.72789 175
7.748 191
7.76812 196
7.78823 231
7.80834 199
7.82846 200
7.84857 221
7.86869 227
7.8888 212
7.90891 222
7.92903 230
7.94914 216
7.96925 197
7.98937 199
8.00948 196
8.0296 190
8.04971 198
8.06982 215
8.08994 203
8.11005 207
8.13016 195
8.15028 181
8.17039 242
8.1905 212
8.21062 231
8.23073 196
8.25085 210
8.27096 198
8.29107 212
8.31119 210
8.3313 183
8.35141 226
8.37153 229
8.39164 200
8.41176 221
8.43187 217
8.45198 204
8.4721 209
8.49221 230
8.51232 232
8.53244 182
8.55255 217
8.57266 197
8.59278 237
8.61289 246
8.63301 224
8.65312 232
8.67323 226
8.69335 227
8.71346 222
8.73357 219
8.75369 201
8.7738 233
8.79392 240
8.81403 231
8.83414 219
8.85426 207
8.87437 237
8.89448 204
8.9146 232
8.93471 219
8.95483 217
8.97494 228
8.99505 206
9.01517 229
9.03528 215
9.05539 225
9.07551 250
9.09562 209
9.11573 226
9.13585 209
9.15596 215
9.17608 233
9.19619 212
9.2163 218
9.23642 231
9.25653 204
9.27664 222
9.29676 248
9.31687 218
9.33699 233
9.3571 216
9.37721 224
9.39733 207
9.41744 234
9.43755 202
9.45767 202
9.47778 219
9.4979 219
9.51801 189
9.53812 212
9.55824 219
9.57835 239
9.59846 240
9.61858 227
9.63869 216
9.6588 218
9.67892 200
9.69903 249
9.71915 244
9.73926 196
9.75937 212
9.77949 213
9.7996 198
9.81971 244
9.83983 220
9.85994 237
9.88006 222
9.90017 207
9.92028 224
9.9404 235
9.96051 237
9.98062 227
10.00074 199
10.02085 199
10.04097 230
10.06108 195
10.08119 219
10.10131 219
10.12142 208
10.14153 211
10.16165 244
10.18176 207
10.20187 211
10.22199 204
10.2421 204
10.26222 229
10.28233 217
10.30244 212
10.32256 236
10.34267 218
10.36278 232
10.3829 243
10.40301 232
10.42313 208
10.44324 239
10.46335 221
10.48347 219
10.50358 232
10.52369 243
10.54381 211
10.56392 206
10.58403 234
10.60415 205
10.62426 248
10.64438 238
10.66449 196
10.6846 225
10.70472 225
10.72483 224
10.74494 194
10.76506 223
10.78517 230
10.80529 237
10.8254 209
10.84551 225
10.86563 216
10.88574 244
10.90585 247
10.92597 224
10.94608 223
10.9662 213
10.98631 198
11.00642 228
11.02654 204
11.04665 212
11.06676 232
11.08688 230
11.10699 207
11.1271 198
11.14722 236
11.16733 211
11.18745 252
11.20756 219
11.22767 232
11.24779 194
11.2679 220
11.28801 216
11.30813 220
11.32824 215
11.34836 195
11.36847 199
11.38858 212
11.4087 195
11.42881 234
11.44892 217
11.46904 213
11.48915 230
11.50927 211
11.52938 225
11.54949 229
11.56961 217
11.58972 184
11.60983 234
11.62995 211
11.65006 236
11.67017 229
11.69029 243
11.7104 201
11.73052 209
11.75063 211
11.77074 219
11.79086 225
11.81097 224
11.83108 237
11.8512 229
11.87131 224
11.89143 194
11.91154 238
11.93165 202
11.95177 219
11.97188 226
11.99199 239
12.01211 230
12.03222 221
12.05234 217
12.07245 204
12.09256 252
12.11268 241
12.13279 228
12.1529 223
12.17302 232
12.19313 197
12.21324 225
12.23336 207
12.25347 237
12.27359 238
12.2937 207
12.31381 230
12.33393 236
12.35404 250
12.37415 262
12.39427 238
12.41438 265
12.4345 245
12.45461 228
12.47472 255
12.49484 213
12.51495 214
12.53506 194
12.55518 200
12.57529 225
12.5954 204
12.61552 213
12.63563 213
12.65575 238
12.67586 198
12.69597 228
12.71609 201
12.7362 198
12.75631 201
12.77643 215
12.79654 222
12.81666 198
12.83677 194
12.85688 192
12.877 207
12.89711 193
12.91722 218
12.93734 190
12.95745 203
12.97757 184
12.99768 235
13.01779 221
13.03791 206
13.05802 203
13.07813 200
13.09825 196
13.11836 215
13.13847 194
13.15859 163
13.1787 221
13.19882 167
13.21893 190
13.23904 174
13.25916 188
13.27927 199
13.29938 200
13.3195 199
13.33961 175
13.35973 180
13.37984 202
13.39995 189
13.42007 216
13.44018 196
13.46029 198
13.48041 213
13.50052 188
13.52064 189
13.54075 176
13.56086 194
13.58098 200
13.60109 172
13.6212 186
13.64132 183
13.66143 202
13.68154 205
13.70166 193
13.72177 214
13.74189 195
13.762 216
13.78211 209
13.80223 202
13.82234 205
13.84245 189
13.86257 203
13.88268 187
13.9028 193
13.92291 183
13.94302 210
13.96314 174
13.98325 187
14.00336 188
14.02348 186
14.04359 174
14.06371 224
14.08382 161
14.10393 184
14.12405 192
14.14416 174
14.16427 187
14.18439 180
14.2045 184
14.22461 169
14.24473 182
14.26484 198
14.28496 214
14.30507 167
14.32518 202
14.3453 199
14.36541 171
14.38552 182
14.40564 168
14.42575 179
14.44587 190
14.46598 184
14.48609 176
14.50621 152
14.52632 166
14.54643 166
14.56655 207
14.58666 175
14.60677 192
14.62689 175
14.647 169
14.66712 176
14.68723 158
14.70734 159
14.72746 196
14.74757 164
14.76768 180
14.7878 149
14.80791 167
14.82803 172
14.84814 188
14.86825 151
14.88837 194
14.90848 177
14.92859 176
14.94871 199
14.96882 165
14.98894 174
15.00905 181
15.02916 154
15.04928 178
15.06939 147
15.0895 161
15.10962 177
15.12973 152
15.14984 172
15.16996 161
15.19007 159
15.21019 152
15.2303 171
15.25041 177
15.27053 144
15.29064 176
15.31075 168
15.33087 152
15.35098 180
15.3711 145
15.39121 169
15.41132 162
15.43144 199
15.45155 177
15.47166 153
15.49178 194
15.51189 164
15.53201 154
15.55212 171
15.57223 159
15.59235 173
15.61246 186
15.63257 161
15.65269 164
15.6728 154
15.69291 147
15.71303 170
15.73314 181
15.75326 166
15.77337 186
15.79348 174
15.8136 156
15.83371 167
15.85382 184
15.87394 174
15.89405 162
15.91417 162
15.93428 183
15.95439 176
15.97451 160
15.99462 178
16.01473 166
16.03485 175
16.05496 173
16.07508 165
16.09519 144
16.1153 159
16.13542 156
16.15553 164
16.17564 153
16.19576 158
16.21587 140
16.23598 150
16.2561 187
16.27621 175
16.29633 165
16.31644 156
16.33655 158
16.35667 154
16.37678 158
16.39689 165
16.41701 173
16.43712 161
16.45724 175
16.47735 162
16.49746 182
16.51758 165
16.53769 175
16.5578 158
16.57792 171
16.59803 150
16.61814 165
16.63826 169
16.65837 174
16.67849 156
16.6986 139
16.71871 181
16.73883 146
16.75894 153
16.77905 154
16.79917 169
16.81928 171
16.8394 164
16.85951 166
16.87962 161
16.89974 173
16.91985 181
16.93996 174
16.96008 150
16.98019 151
17.00031 179
17.02042 186
17.04053 173
17.06065 155
17.08076 179
17.10087 171
17.12099 126
17.1411 170
17.16121 151
17.18133 165
17.20144 175
17.22156 179
17.24167 153
17.26178 168
17.2819 172
17.30201 168
17.32212 169
17.34224 180
17.36235 188
17.38247 190
17.40258 192
17.42269 143
17.44281 149
17.46292 168
17.48303 143
17.50315 145
17.52326 158
17.54338 157
17.56349 153
17.5836 168
17.60372 151
17.62383 169
17.64394 177
17.66406 162
17.68417 158
17.70428 148
17.7244 166
17.74451 156
17.76463 170
17.78474 167
17.80485 174
17.82497 168
17.84508 185
17.86519 152
17.88531 169
17.90542 146
17.92554 172
17.94565 147
17.96576 174
17.98588 178
18.00599 171
18.0261 156
18.04622 167
18.06633 149
18.08645 178
18.10656 177
18.12667 144
18.14679 181
18.1669 152
18.18701 162
18.20713 175
18.22724 155
18.24735 154
18.26747 193
18.28758 177
18.3077 145
18.32781 186
18.34792 176
18.36804 175
18.38815 146
18.40826 176
18.42838 167
18.44849 162
18.46861 157
18.48872 181
18.50883 168
18.52895 151
18.54906 175
18.56917 161
18.58929 152
18.6094 155
18.62951 150
18.64963 160
18.66974 162
18.68986 136
18.70997 150
18.73008 168
18.7502 179
18.77031 172
18.79042 154
18.81054 157
18.83065 172
18.85077 182
18.87088 158
18.89099 199
18.91111 146
18.93122 167
18.95133 158
18.97145 150
18.99156 162
19.01168 160
19.03179 172
19.0519 160
19.07202 155
19.09213 146
19.11224 172
19.13236 181
19.15247 195
19.17258 175
19.1927 146
19.21281 178
19.23293 161
19.25304 161
19.27315 185
19.29327 155
19.31338 187
19.33349 162
19.35361 171
19.37372 162
19.39384 179
19.41395 168
19.43406 168
19.45418 169
19.47429 164
19.4944 165
19.51452 177
19.53463 189
19.55475 170
19.57486 182
19.59497 185
19.61509 170
19.6352 194
19.65531 203
19.67543 221
19.69554 254
19.71565 241
19.73577 206
19.75588 249
19.776 240
19.79611 219
19.81622 218
19.83634 229
19.85645 210
19.87656 263
19.89668 236
19.91679 228
19.93691 274
19.95702 254
19.97713 199
19.99725 235
20.01736 227
20.03747 273
20.05759 239
20.0777 260
20.09782 263
20.11793 213
20.13804 246
20.15816 270
20.17827 296
20.19838 271
20.2185 285
20.23861 304
20.25872 293
20.27884 300
20.29895 294
20.31907 264
20.33918 285
20.35929 325
20.37941 353
20.39952 339
20.41963 342
20.43975 343
20.45986 330
20.47998 367
20.50009 369
20.5202 353
20.54032 387
20.56043 406
20.58054 440
20.60066 495
20.62077 589
20.64088 658
20.661 761
20.68111 985
20.70123 1285
20.72134 1908
20.74145 2762
20.76157 3951
20.78168 5304
20.80179 6915
20.82191 8455
20.84202 8874
20.86214 8265
20.88225 6942
20.90236 5103
20.92248 3489
20.94259 2178
20.9627 1343
20.98282 914
21.00293 753
21.02305 574
21.04316 515
21.06327 493
21.08339 437
21.1035 399
21.12361 394
21.14373 374
21.16384 322
21.18395 298
21.20407 297
21.22418 262
21.2443 265
21.26441 274
21.28452 247
21.30464 278
21.32475 235
21.34486 263
21.36498 249
21.38509 245
21.40521 227
21.42532 244
21.44543 255
21.46555 263
21.48566 261
21.50577 257
21.52589 227
21.546 233
21.56612 198
21.58623 240
21.60634 208
21.62646 209
21.64657 254
21.66668 217
21.6868 251
21.70691 215
21.72702 250
21.74714 218
21.76725 217
21.78737 202
21.80748 206
21.82759 233
21.84771 209
21.86782 196
21.88793 224
21.90805 215
21.92816 189
21.94828 233
21.96839 223
21.9885 222
22.00862 242
22.02873 238
22.04884 231
22.06896 231
22.08907 192
22.10919 228
22.1293 217
22.14941 207
22.16953 217
22.18964 207
22.20975 203
22.22987 229
22.24998 213
22.27009 217
22.29021 184
22.31032 210
22.33044 212
22.35055 237
22.37066 224
22.39078 196
22.41089 182
22.431 212
22.45112 198
22.47123 226
22.49135 215
22.51146 184
22.53157 199
22.55169 189
22.5718 183
22.59191 205
22.61203 232
22.63214 189
22.65225 204
22.67237 187
22.69248 207
22.7126 198
22.73271 223
22.75282 200
22.77294 198
22.79305 194
22.81316 192
22.83328 185
22.85339 195
22.87351 172
22.89362 193
22.91373 186
22.93385 193
22.95396 173
22.97407 209
22.99419 223
23.0143 194
23.03442 201
23.05453 177
23.07464 179
23.09476 216
23.11487 199
23.13498 205
23.1551 210
23.17521 206
23.19532 197
23.21544 226
23.23555 187
23.25567 159
23.27578 199
23.29589 176
23.31601 206
23.33612 204
23.35623 201
23.37635 190
23.39646 181
23.41658 223
23.43669 187
23.4568 211
23.47692 213
23.49703 210
23.51714 215
23.53726 205
23.55737 203
23.57749 197
23.5976 213
23.61771 201
23.63783 223
23.65794 211
23.67805 225
23.69817 178
23.71828 174
23.73839 197
23.75851 201
23.77862 199
23.79874 198
23.81885 205
23.83896 216
23.85908 236
23.87919 209
23.8993 248
23.91942 259
23.93953 282
23.95965 277
23.97976 268
23.99987 318
24.01999 321
24.0401 260
24.06021 260
24.08033 225
24.10044 252
24.12056 219
24.14067 199
24.16078 197
24.1809 206
24.20101 188
24.22112 192
24.24124 213
24.26135 186
24.28146 197
24.30158 211
24.32169 202
24.34181 202
24.36192 202
24.38203 204
24.40215 200
24.42226 174
24.44237 229
24.46249 199
24.4826 195
24.50272 211
24.52283 172
24.54294 197
24.56306 185
24.58317 193
24.60328 207
24.6234 181
24.64351 211
24.66362 203
24.68374 206
24.70385 196
24.72397 212
24.74408 205
24.76419 210
24.78431 209
24.80442 224
24.82453 230
24.84465 249
24.86476 228
24.88488 229
24.90499 240
24.9251 199
24.94522 211
24.96533 249
24.98544 202
25.00556 203
25.02567 195
25.04579 206
25.0659 187
25.08601 194
25.10613 215
25.12624 192
25.14635 208
25.16647 199
25.18658 224
25.20669 201
25.22681 232
25.24692 212
25.26704 232
25.28715 228
25.30726 246
25.32738 217
25.34749 212
25.3676 227
25.38772 231
25.40783 222
25.42795 205
25.44806 226
25.46817 230
25.48829 228
25.5084 244
25.52851 212
25.54863 239
25.56874 231
25.58886 248
25.60897 288
25.62908 311
25.6492 310
25.66931 374
25.68942 384
25.70954 415
25.72965 429
25.74976 410
25.76988 443
25.78999 451
25.81011 412
25.83022 431
25.85033 460
25.87045 447
25.89056 450
25.91067 436
25.93079 486
25.9509 500
25.97102 451
25.99113 444
26.01124 514
26.03136 509
26.05147 502
26.07158 530
26.0917 590
26.11181 584
26.13193 639
26.15204 713
26.17215 739
26.19227 823
26.21238 851
26.23249 935
26.25261 990
26.27272 1083
26.29283 1153
26.31295 1223
26.33306 1378
26.35318 1598
26.37329 1773
26.3934 2141
26.41352 2660
26.43363 3422
26.45374 4613
26.47386 6428
26.49397 8953
26.51409 13215
26.5342 18334
26.55431 25148
26.57443 32405
26.59454 38045
26.61465 40430
26.63477 38096
26.65488 32625
26.67499 25467
26.69511 19367
26.71522 13702
26.73534 8453
26.75545 5053
26.77556 3289
26.79568 2547
26.81579 2039
26.8359 1648
26.85602 1420
26.87613 1321
26.89625 1114
26.91636 1077
26.93647 900
26.95659 810
26.9767 752
26.99681 689
27.01693 648
27.03704 559
27.05716 550
27.07727 503
27.09738 512
27.1175 524
27.13761 490
27.15772 455
27.17784 432
27.19795 389
27.21806 427
27.23818 384
27.25829 391
27.27841 405
27.29852 386
27.31863 401
27.33875 408
27.35886 403
27.37897 418
27.39909 440
27.4192 435
27.43932 433
27.45943 394
27.47954 400
27.49966 396
27.51977 377
27.53988 365
27.56 354
27.58011 352
27.60023 331
27.62034 314
27.64045 371
27.66057 310
27.68068 349
27.70079 317
27.72091 327
27.74102 282
27.76113 325
27.78125 288
27.80136 326
27.82148 328
27.84159 301
27.8617 282
27.88182 285
27.90193 305
27.92204 299
27.94216 295
27.96227 272
27.98239 278
28.0025 289
28.02261 272
28.04273 258
28.06284 262
28.08295 250
28.10307 282
28.12318 266
28.1433 255
28.16341 296
28.18352 285
28.20364 251
28.22375 267
28.24386 242
28.26398 223
28.28409 264
28.3042 237
28.32432 255
28.34443 233
28.36455 262
28.38466 239
28.40477 254
28.42489 248
28.445 242
28.46511 241
28.48523 255
28.50534 229
28.52546 259
28.54557 238
28.56568 252
28.5858 237
28.60591 236
28.62602 264
28.64614 231
28.66625 246
28.68636 250
28.70648 238
28.72659 242
28.74671 216
28.76682 216
28.78693 213
28.80705 205
28.82716 240
28.84727 224
28.86739 220
28.8875 213
28.90762 237
28.92773 235
28.94784 218
28.96796 217
28.98807 234
29.00818 221
29.0283 243
29.04841 250
29.06853 238
29.08864 217
29.10875 209
29.12887 220
29.14898 207
29.16909 221
29.18921 197
29.20932 210
29.22943 191
29.24955 210
29.26966 219
29.28978 194
29.30989 217
29.33 217
29.35012 239
29.37023 219
29.39034 197
29.41046 208
29.43057 205
29.45069 201
29.4708 223
29.49091 215
29.51103 226
29.53114 242
29.55125 195
29.57137 206
29.59148 190
29.6116 195
29.63171 229
29.65182 225
29.67194 210
29.69205 198
29.71216 218
29.73228 208
29.75239 216
29.7725 217
29.79262 214
29.81273 233
29.83285 238
29.85296 254
29.87307 209
29.89319 192
29.9133 224
29.93341 220
29.95353 212
29.97364 184
29.99376 213
30.01387 219
30.03398 212
30.0541 207
30.07421 214
30.09432 226
30.11444 219
30.13455 226
30.15467 216
30.17478 199
30.19489 205
30.21501 194
30.23512 180
30.25523 210
30.27535 194
30.29546 232
30.31557 241
30.33569 209
30.3558 207
30.37592 172
30.39603 210
30.41614 211
30.43626 169
30.45637 190
30.47648 174
30.4966 223
30.51671 197
30.53683 194
30.55694 179
30.57705 185
30.59717 198
30.61728 193
30.63739 204
30.65751 214
30.67762 194
30.69773 203
30.71785 227
30.73796 186
30.75808 227
30.77819 183
30.7983 196
30.81842 211
30.83853 198
30.85864 175
30.87876 166
30.89887 207
30.91899 196
30.9391 204
30.95921 174
30.97933 191
30.99944 189
31.01955 168
31.03967 174
31.05978 193
31.0799 181
31.10001 168
31.12012 184
31.14024 173
31.16035 185
31.18046 195
31.20058 157
31.22069 168
31.2408 183
31.26092 154
31.28103 179
31.30115 174
31.32126 190
31.34137 189
31.36149 174
31.3816 149
31.40171 168
31.42183 186
31.44194 176
31.46206 182
31.48217 194
31.50228 164
31.5224 191
31.54251 177
31.56262 182
31.58274 176
31.60285 160
31.62297 166
31.64308 177
31.66319 192
31.68331 182
31.70342 175
31.72353 144
31.74365 147
31.76376 166
31.78387 160
31.80399 164
31.8241 191
31.84422 180
31.86433 167
31.88444 143
31.90456 170
31.92467 125
31.94478 151
31.9649 176
31.98501 164
32.00513 172
32.02524 175
32.04535 196
32.06547 144
32.08558 182
32.10569 169
32.12581 160
32.14592 155
32.16604 139
32.18615 157
32.20626 156
32.22638 172
32.24649 183
32.2666 157
32.28672 168
32.30683 170
32.32694 154
32.34706 146
32.36717 180
32.38729 177
32.4074 161
32.42751 157
32.44763 179
32.46774 182
32.48785 144
32.50797 166
32.52808 155
32.5482 147
32.56831 168
32.58842 150
32.60854 156
32.62865 146
32.64876 156
32.66888 154
32.68899 165
32.7091 166
32.72922 182
32.74933 144
32.76945 168
32.78956 156
32.80967 163
32.82979 146
32.8499 144
32.87001 142
32.89013 143
32.91024 148
32.93036 164
32.95047 151
32.97058 173
32.9907 160
33.01081 151
33.03092 145
33.05104 179
33.07115 193
33.09127 152
33.11138 147
33.13149 136
33.15161 164
33.17172 154
33.19183 157
33.21195 155
33.23206 173
33.25217 136
33.27229 169
33.2924 143
33.31252 152
33.33263 165
33.35274 141
33.37286 183
33.39297 140
33.41308 161
33.4332 150
33.45331 156
33.47343 159
33.49354 143
33.51365 153
33.53377 151
33.55388 132
33.57399 135
33.59411 158
33.61422 140
33.63434 158
33.65445 130
33.67456 144
33.69468 152
33.71479 141
33.7349 153
33.75502 147
33.77513 142
33.79524 139
33.81536 143
33.83547 157
33.85559 132
33.8757 156
33.89581 135
33.91593 150
33.93604 146
33.95615 149
33.97627 140
33.99638 157
34.0165 141
34.03661 143
34.05672 157
34.07684 134
34.09695 131
34.11706 162
34.13718 175
34.15729 128
34.17741 125
34.19752 141
34.21763 165
34.23775 151
34.25786 146
34.27797 149
34.29809 161
34.3182 179
34.33831 167
34.35843 149
34.37854 155
34.39866 159
34.41877 140
34.43888 165
34.459 136
34.47911 161
34.49922 160
34.51934 156
34.53945 155
34.55957 190
34.57968 170
34.59979 188
34.61991 187
34.64002 177
34.66013 169
34.68025 164
34.70036 177
34.72047 189
34.74059 166
34.7607 177
34.78082 175
34.80093 166
34.82104 184
34.84116 182
34.86127 161
34.88138 192
34.9015 193
34.92161 188
34.94173 189
34.96184 191
34.98195 151
35.00207 173
35.02218 185
35.04229 164
35.06241 163
35.08252 169
35.10264 166
35.12275 151
35.14286 159
35.16298 172
35.18309 163
35.2032 168
35.22332 164
35.24343 173
35.26354 178
35.28366 193
35.30377 167
35.32389 186
35.344 163
35.36411 174
35.38423 171
35.40434 203
35.42445 170
35.44457 189
35.46468 159
35.4848 159
35.50491 184
35.52502 192
35.54514 219
35.56525 195
35.58536 186
35.60548 222
35.62559 194
35.64571 182
35.66582 192
35.68593 197
35.70605 175
35.72616 188
35.74627 190
35.76639 182
35.7865 161
35.80661 199
35.82673 182
35.84684 167
35.86696 176
35.88707 173
35.90718 168
35.9273 174
35.94741 173
35.96752 203
35.98764 185
36.00775 167
36.02787 195
36.04798 195
36.06809 178
36.08821 216
36.10832 212
36.12843 230
36.14855 197
36.16866 237
36.18878 261
36.20889 263
36.229 231
36.24912 284
36.26923 319
36.28934 345
36.30946 395
36.32957 424
36.34968 595
36.3698 716
36.38991 886
36.41003 1167
36.43014 1553
36.45025 1889
36.47037 2398
36.49048 2759
36.51059 2734
36.53071 2664
36.55082 2262
36.57094 1941
36.59105 1700
36.61116 1400
36.63128 1175
36.65139 834
36.6715 591
36.69162 416
36.71173 361
36.73184 314
36.75196 263
36.77207 235
36.79219 192
36.8123 258
36.83241 202
36.85253 211
36.87264 180
36.89275 194
36.91287 222
36.93298 184
36.9531 181
36.97321 173
36.99332 188
37.01344 210
37.03355 187
37.05366 180
37.07378 169
37.09389 170
37.11401 153
37.13412 176
37.15423 173
37.17435 169
37.19446 167
37.21457 160
37.23469 152
37.2548 165
37.27491 192
37.29503 164
37.31514 168
37.33526 165
37.35537 176
37.37548 167
37.3956 157
37.41571 183
37.43582 168
37.45594 175
37.47605 152
37.49617 188
37.51628 162
37.53639 168
37.55651 161
37.57662 212
37.59673 162
37.61685 175
37.63696 189
37.65708 170
37.67719 184
37.6973 198
37.71742 182
37.73753 164
37.75764 154
37.77776 161
37.79787 166
37.81798 157
37.8381 154
37.85821 163
37.87833 161
37.89844 165
37.91855 142
37.93867 190
37.95878 155
37.97889 139
37.99901 163
38.01912 186
38.03924 165
38.05935 188
38.07946 176
38.09958 170
38.11969 166
38.1398 179
38.15992 159
38.18003 177
38.20015 166
38.22026 173
38.24037 157
38.26049 153
38.2806 170
38.30071 159
38.32083 151
38.34094 188
38.36105 156
38.38117 173
38.40128 180
38.4214 189
38.44151 179
38.46162 194
38.48174 166
38.50185 154
38.52196 175
38.54208 148
38.56219 175
38.58231 182
38.60242 166
38.62253 159
38.64265 188
38.66276 185
38.68287 156
38.70299 207
38.7231 140
38.74321 171
38.76333 163
38.78344 156
38.80356 174
38.82367 159
38.84378 177
38.8639 177
38.88401 179
38.90412 152
38.92424 173
38.94435 189
38.96447 170
38.98458 187
39.00469 183
39.02481 204
39.04492 216
39.06503 231
39.08515 215
39.10526 221
39.12538 226
39.14549 261
39.1656 279
39.18572 321
39.20583 330
39.22594 443
39.24606 428
39.26617 526
39.28628 625
39.3064 839
39.32651 1014
39.34663 1285
39.36674 1692
39.38685 2003
39.40697 2303
39.42708 2481
39.44719 2338
39.46731 2187
39.48742 1766
39.50754 1531
39.52765 1336
39.54776 1242
39.56788 994
39.58799 687
39.6081 527
39.62822 362
39.64833 313
39.66845 282
39.68856 269
39.70867 243
39.72879 234
39.7489 225
39.76901 247
39.78913 230
39.80924 226
39.82935 222
39.84947 213
39.86958 199
39.8897 203
39.90981 212
39.92992 210
39.95004 211
39.97015 221
39.99026 207
40.01038 243
40.03049 270
40.05061 299
40.07072 318
40.09083 371
40.11095 426
40.13106 521
40.15117 629
40.17129 793
40.1914 913
40.21152 1081
40.23163 1286
40.25174 1285
40.27186 1206
40.29197 1092
40.31208 1002
40.3322 772
40.35231 743
40.37242 693
40.39254 595
40.41265 405
40.43277 306
40.45288 271
40.47299 234
40.49311 165
40.51322 221
40.53333 198
40.55345 183
40.57356 174
40.59368 163
40.61379 197
40.6339 172
40.65402 179
40.67413 187
40.69424 173
40.71436 165
40.73447 171
40.75458 182
40.7747 176
40.79481 161
40.81493 147
40.83504 146
40.85515 152
40.87527 168
40.89538 182
40.91549 169
40.93561 208
40.95572 155
40.97584 166
40.99595 161
41.01606 177
41.03618 139
41.05629 186
41.0764 158
41.09652 133
41.11663 184
41.13675 166
41.15686 183
41.17697 177
41.19709 148
41.2172 162
41.23731 165
41.25743 174
41.27754 146
41.29765 156
41.31777 181
41.33788 153
41.358 151
41.37811 139
41.39822 158
41.41834 156
41.43845 170
41.45856 164
41.47868 159
41.49879 164
41.51891 180
41.53902 168
41.55913 186
41.57925 175
41.59936 173
41.61947 190
41.63959 195
41.6597 183
41.67982 162
41.69993 167
41.72004 174
41.74016 201
41.76027 183
41.78038 164
41.8005 165
41.82061 189
41.84072 170
41.86084 168
41.88095 179
41.90107 170
41.92118 163
41.94129 185
41.96141 166
41.98152 183
42.00163 171
42.02175 202
42.04186 177
42.06198 203
42.08209 194
42.1022 207
42.12232 243
42.14243 261
42.16254 281
42.18266 312
42.20277 334
42.22289 384
42.243 396
42.26311 513
42.28323 581
42.30334 777
42.32345 981
42.34357 1223
42.36368 1433
42.38379 1722
42.40391 1887
42.42402 1839
42.44414 1663
42.46425 1412
42.48436 1210
42.50448 1089
42.52459 973
42.5447 866
42.56482 688
42.58493 500
42.60505 321
42.62516 270
42.64527 217
42.66539 242
42.6855 202
42.70561 194
42.72573 210
42.74584 190
42.76595 189
42.78607 161
42.80618 210
42.8263 169
42.84641 148
42.86652 146
42.88664 171
42.90675 194
42.92686 156
42.94698 157
42.96709 160
42.98721 172
43.00732 161
43.02743 158
43.04755 139
43.06766 146
43.08777 159
43.10789 144
43.128 152
43.14812 135
43.16823 144
43.18834 145
43.20846 156
43.22857 152
43.24868 146
43.2688 155
43.28891 135
43.30902 155
43.32914 156
43.34925 146
43.36937 157
43.38948 146
43.40959 135
43.42971 145
43.44982 147
43.46993 149
43.49005 139
43.51016 145
43.53028 156
43.55039 160
43.5705 159
43.59062 146
43.61073 138
43.63084 134
43.65096 142
43.67107 157
43.69119 132
43.7113 133
43.73141 150
43.75153 148
43.77164 134
43.79175 131
43.81187 126
43.83198 150
43.85209 130
43.87221 157
43.89232 151
43.91244 142
43.93255 144
43.95266 143
43.97278 148
43.99289 153
44.013 143
44.03312 133
44.05323 141
44.07335 147
44.09346 158
44.11357 130
44.13369 153
44.1538 136
44.17391 148
44.19403 140
44.21414 143
44.23426 143
44.25437 138
44.27448 166
44.2946 146
44.31471 131
44.33482 147
44.35494 147
44.37505 144
44.39516 145
44.41528 156
44.43539 131
44.45551 131
44.47562 148
44.49573 143
44.51585 134
44.53596 144
44.55607 157
44.57619 133
44.5963 135
44.61642 147
44.63653 139
44.65664 149
44.67676 159
44.69687 163
44.71698 143
44.7371 156
44.75721 129
44.77732 133
44.79744 124
44.81755 148
44.83767 130
44.85778 163
44.87789 150
44.89801 150
44.91812 137
44.93823 154
44.95835 165
44.97846 154
44.99858 160
45.01869 160
45.0388 147
45.05892 171
45.07903 149
45.09914 146
45.11926 179
45.13937 156
45.15949 170
45.1796 151
45.19971 166
45.21983 162
45.23994 173
45.26005 162
45.28017 162
45.30028 153
45.32039 165
45.34051 166
45.36062 175
45.38074 165
45.40085 177
45.42096 189
45.44108 187
45.46119 181
45.4813 208
45.50142 230
45.52153 232
45.54165 259
45.56176 299
45.58187 330
45.60199 378
45.6221 463
45.64221 561
45.66233 647
45.68244 815
45.70256 958
45.72267 1091
45.74278 1185
45.7629 1202
45.78301 1100
45.80312 961
45.82324 832
45.84335 716
45.86346 687
45.88358 641
45.90369 562
45.92381 447
45.94392 334
45.96403 260
45.98415 220
46.00426 195
46.02437 175
46.04449 172
46.0646 163
46.08472 156
46.10483 166
46.12494 148
46.14506 144
46.16517 155
46.18528 137
46.2054 173
46.22551 124
46.24563 134
46.26574 156
46.28585 146
46.30597 160
46.32608 134
46.34619 139
46.36631 140
46.38642 136
46.40653 131
46.42665 139
46.44676 151
46.46688 147
46.48699 152
46.5071 113
46.52722 157
46.54733 127
46.56744 155
46.58756 135
46.60767 127
46.62779 142
46.6479 150
46.66801 129
46.68813 143
46.70824 139
46.72835 148
46.74847 135
46.76858 125
46.78869 136
46.80881 136
46.82892 131
46.84904 134
46.86915 124
46.88926 120
46.90938 132
46.92949 142
46.9496 125
46.96972 130
46.98983 143
47.00995 129
47.03006 108
47.05017 127
47.07029 133
47.0904 128
47.11051 160
47.13063 123
47.15074 151
47.17086 140
47.19097 130
47.21108 129
47.2312 116
47.25131 128
47.27142 142
47.29154 133
47.31165 137
47.33176 140
47.35188 136
47.37199 130
47.39211 128
47.41222 121
47.43233 133
47.45245 126
47.47256 145
47.49267 121
47.51279 121
47.5329 122
47.55302 110
47.57313 122
47.59324 128
47.61336 128
47.63347 141
47.65358 132
47.6737 119
47.69381 138
47.71393 131
47.73404 141
47.75415 109
47.77427 150
47.79438 147
47.81449 124
47.83461 139
47.85472 129
47.87483 132
47.89495 139
47.91506 135
47.93518 134
47.95529 150
47.9754 116
47.99552 132
48.01563 114
48.03574 131
48.05586 129
48.07597 114
48.09609 133
48.1162 124
48.13631 128
48.15643 147
48.17654 139
48.19665 144
48.21677 139
48.23688 127
48.257 141
48.27711 155
48.29722 132
48.31734 132
48.33745 167
48.35756 138
48.37768 132
48.39779 150
48.4179 152
48.43802 164
48.45813 140
48.47825 124
48.49836 144
48.51847 138
48.53859 144
48.5587 130
48.57881 179
48.59893 157
48.61904 142
48.63916 153
48.65927 130
48.67938 140
48.6995 134
48.71961 140
48.73972 153
48.75984 153
48.77995 141
48.80006 150
48.82018 143
48.84029 154
48.86041 126
48.88052 132
48.90063 125
48.92075 134
48.94086 143
48.96097 149
48.98109 156
49.0012 150
49.02132 154
49.04143 138
49.06154 144
49.08166 144
49.10177 156
49.12188 149
49.142 175
49.16211 152
49.18223 158
49.20234 142
49.22245 160
49.24257 130
49.26268 158
49.28279 175
49.30291 184
49.32302 173
49.34313 160
49.36325 159
49.38336 168
49.40348 140
49.42359 161
49.4437 172
49.46382 164
49.48393 174
49.50404 176
49.52416 176
49.54427 175
49.56439 171
49.5845 198
49.60461 181
49.62473 200
49.64484 217
49.66495 201
49.68507 221
49.70518 247
49.7253 270
49.74541 279
49.76552 270
49.78564 346
49.80575 396
49.82586 450
49.84598 498
49.86609 476
49.8862 626
49.90632 725
49.92643 949
49.94655 1126
49.96666 1427
49.98677 1652
50.00689 2140
50.027 2588
50.04711 3078
50.06723 3661
50.08734 4020
50.10746 3967
50.12757 3759
50.14768 3006
50.1678 2505
50.18791 2200
50.20802 2204
50.22814 2117
50.24825 1923
50.26837 1627
50.28848 1180
50.30859 689
50.32871 523
50.34882 404
50.36893 372
50.38905 344
50.40916 312
50.42927 286
50.44939 275
50.4695 275
50.48962 276
50.50973 253
50.52984 262
50.54996 267
50.57007 256
50.59018 267
50.6103 239
50.63041 263
50.65053 219
50.67064 217
50.69075 217
50.71087 213
50.73098 169
50.75109 207
50.77121 196
50.79132 185
50.81143 164
50.83155 179
50.85166 132
50.87178 173
50.89189 136
50.912 134
50.93212 136
50.95223 156
50.97234 128
50.99246 161
51.01257 137
51.03269 153
51.0528 131
51.07291 131
51.09303 134
51.11314 129
51.13325 154
51.15337 155
51.17348 134
51.1936 138
51.21371 136
51.23382 134
51.25394 145
51.27405 123
51.29416 156
51.31428 127
51.33439 136
51.3545 135
51.37462 145
51.39473 132
51.41485 136
51.43496 136
51.45507 143
51.47519 142
51.4953 138
51.51541 130
51.53553 133
51.55564 141
51.57576 135
51.59587 131
51.61598 149
51.6361 148
51.65621 140
51.67632 128
51.69644 138
51.71655 134
51.73667 126
51.75678 141
51.77689 115
51.79701 132
51.81712 124
51.83723 138
51.85735 125
51.87746 140
51.89757 120
51.91769 124
51.9378 123
51.95792 140
51.97803 127
51.99814 132
52.01826 134
52.03837 122
52.05848 120
52.0786 104
52.09871 133
52.11883 123
52.13894 140
52.15905 147
52.17917 111
52.19928 94
52.21939 131
52.23951 124
52.25962 147
52.27974 134
52.29985 148
52.31996 146
52.34008 155
52.36019 110
52.3803 121
52.40042 124
52.42053 131
52.44064 124
52.46076 118
52.48087 130
52.50099 126
52.5211 124
52.54121 136
52.56133 136
52.58144 126
52.60155 146
52.62167 140
52.64178 132
52.6619 126
52.68201 116
52.70212 137
52.72224 128
52.74235 143
52.76246 136
52.78258 118
52.80269 122
52.8228 120
52.84292 129
52.86303 119
52.88315 148
52.90326 139
52.92337 130
52.94349 136
52.9636 127
52.98371 123
53.00383 116
53.02394 136
53.04406 129
53.06417 122
53.08428 126
53.1044 139
53.12451 134
53.14462 145
53.16474 141
53.18485 125
53.20497 131
53.22508 131
53.24519 137
53.26531 145
53.28542 136
53.30553 134
53.32565 136
53.34576 124
53.36587 155
53.38599 148
53.4061 130
53.42622 133
53.44633 162
53.46644 156
53.48656 163
53.50667 137
53.52678 146
53.5469 140
53.56701 141
53.58713 146
53.60724 139
53.62735 150
53.64747 134
53.66758 137
53.68769 134
53.70781 140
53.72792 147
53.74804 151
53.76815 143
53.78826 151
53.80838 131
53.82849 146
53.8486 138
53.86872 126
53.88883 153
53.90894 131
53.92906 116
53.94917 166
53.96929 132
53.9894 152
54.00951 154
54.02963 140
54.04974 144
54.06985 149
54.08997 156
54.11008 150
54.1302 145
54.15031 135
54.17042 152
54.19054 154
54.21065 175
54.23076 142
54.25088 153
54.27099 169
54.29111 152
54.31122 167
54.33133 150
54.35145 168
54.37156 176
54.39167 156
54.41179 182
54.4319 173
54.45201 165
54.47213 200
54.49224 191
54.51236 195
54.53247 212
54.55258 226
54.5727 263
54.59281 269
54.61292 266
54.63304 272
54.65315 379
54.67327 431
54.69338 500
54.71349 589
54.73361 722
54.75372 789
54.77383 1067
54.79395 1105
54.81406 1169
54.83417 1246
54.85429 1109
54.8744 979
54.89452 861
54.91463 746
54.93474 718
54.95486 762
54.97497 747
54.99508 712
55.0152 535
55.03531 502
55.05543 363
55.07554 301
55.09565 307
55.11577 342
55.13588 340
55.15599 356
55.17611 396
55.19622 434
55.21634 498
55.23645 563
55.25656 572
55.27668 644
55.29679 625
55.3169 566
55.33702 474
55.35713 393
55.37724 365
55.39736 387
55.41747 392
55.43759 398
55.4577 369
55.47781 315
55.49793 267
55.51804 210
55.53815 195
55.55827 192
55.57838 171
55.5985 180
55.61861 156
55.63872 158
55.65884 168
55.67895 117
55.69906 155
55.71918 123
55.73929 141
55.75941 138
55.77952 136
55.79963 160
55.81975 126
55.83986 141
55.85997 145
55.88009 130
55.9002 139
55.92031 132
55.94043 128
55.96054 141
55.98066 137
56.00077 128
56.02088 117
56.041 149
56.06111 134
56.08122 131
56.10134 108
56.12145 150
56.14157 131
56.16168 145
56.18179 122
56.20191 142
56.22202 144
56.24213 121
56.26225 126
56.28236 127
56.30248 117
56.32259 128
56.3427 130
56.36282 142
56.38293 120
56.40304 140
56.42316 122
56.44327 117
56.46338 139
56.4835 124
56.50361 138
56.52373 143
56.54384 119
56.56395 146
56.58407 118
56.60418 125
56.62429 129
56.64441 124
56.66452 126
56.68464 128
56.70475 149
56.72486 143
56.74498 127
56.76509 112
56.7852 120
56.80532 128
56.82543 126
56.84554 112
56.86566 120
56.88577 133
56.90589 149
56.926 125
56.94611 130
56.96623 148
56.98634 147
57.00645 132
57.02657 163
57.04668 153
57.0668 170
57.08691 156
57.10702 171
57.12714 158
57.14725 191
57.16736 205
57.18748 186
57.20759 211
57.22771 172
57.24782 153
57.26793 154
57.28805 161
57.30816 188
57.32827 164
57.34839 153
57.3685 170
57.38861 132
57.40873 157
57.42884 132
57.44896 133
57.46907 136
57.48918 147
57.5093 120
57.52941 137
57.54952 126
57.56964 131
57.58975 113
57.60987 126
57.62998 135
57.65009 129
57.67021 134
57.69032 126
57.71043 119
57.73055 121
57.75066 149
57.77078 137
57.79089 124
57.811 140
57.83112 136
57.85123 150
57.87134 142
57.89146 126
57.91157 154
57.93168 109
57.9518 119
57.97191 126
57.99203 136
58.01214 124
58.03225 136
58.05237 132
58.07248 129
58.09259 131
58.11271 141
58.13282 138
58.15294 134
58.17305 137
58.19316 139
58.21328 147
58.23339 107
58.2535 124
58.27362 134
58.29373 132
58.31385 104
58.33396 134
58.35407 124
58.37419 130
58.3943 138
58.41441 142
58.43453 139
58.45464 135
58.47475 129
58.49487 136
58.51498 116
58.5351 130
58.55521 145
58.57532 143
58.59544 141
58.61555 128
58.63566 117
58.65578 147
58.67589 124
58.69601 146
58.71612 152
58.73623 139
58.75635 131
58.77646 126
58.79657 109
58.81669 125
58.8368 147
58.85691 143
58.87703 139
58.89714 115
58.91726 135
58.93737 143
58.95748 129
58.9776 146
58.99771 146
59.01782 147
59.03794 158
59.05805 155
59.07817 145
59.09828 132
59.11839 140
59.13851 155
59.15862 148
59.17873 155
59.19885 134
59.21896 132
59.23908 148
59.25919 153
59.2793 150
59.29942 139
59.31953 141
59.33964 160
59.35976 172
59.37987 155
59.39998 195
59.4201 179
59.44021 187
59.46033 201
59.48044 161
59.50055 211
59.52067 228
59.54078 238
59.56089 236
59.58101 256
59.60112 298
59.62124 312
59.64135 367
59.66146 402
59.68158 475
59.70169 535
59.7218 617
59.74192 689
59.76203 917
59.78215 1094
59.80226 1356
59.82237 1622
59.84249 1872
59.8626 2216
59.88271 2517
59.90283 2693
59.92294 2667
59.94305 2302
59.96317 1933
59.98328 1566
60.0034 1376
60.02351 1323
60.04362 1427
60.06374 1418
60.08385 1356
60.10396 1174
60.12408 854
60.14419 616
60.16431 480
60.18442 338
60.20453 308
60.22465 293
60.24476 228
60.26487 196
60.28499 212
60.3051 187
60.32522 185
60.34533 177
60.36544 177
60.38556 170
60.40567 171
60.42578 161
60.4459 168
60.46601 169
60.48612 159
60.50624 145
60.52635 167
60.54647 146
60.56658 144
60.58669 151
60.60681 137
60.62692 151
60.64703 152
60.66715 145
60.68726 161
60.70738 153
60.72749 141
60.7476 152
60.76772 122
60.78783 142
60.80794 148
60.82806 139
60.84817 139
60.86828 124
60.8884 143
60.90851 132
60.92863 114
60.94874 121
60.96885 131
60.98897 121
61.00908 130
61.02919 132
61.04931 143
61.06942 133
61.08954 159
61.10965 148
61.12976 141
61.14988 140
61.16999 114
61.1901 135
61.21022 136
61.23033 115
61.25045 118
61.27056 136
61.29067 158
61.31079 107
61.3309 130
61.35101 138
61.37113 121
61.39124 145
61.41135 133
61.43147 138
61.45158 116
61.4717 132
61.49181 128
61.51192 135
61.53204 130
61.55215 135
61.57226 136
61.59238 137
61.61249 138
61.63261 133
61.65272 146
61.67283 132
61.69295 138
61.71306 130
61.73317 141
61.75329 141
61.7734 142
61.79352 144
61.81363 155
61.83374 136
61.85386 141
61.87397 153
61.89408 154
61.9142 136
61.93431 159
61.95442 129
61.97454 144
61.99465 136
62.01477 129
62.03488 148
62.05499 142
62.07511 137
62.09522 149
62.11533 158
62.13545 143
62.15556 135
62.17568 156
62.19579 136
62.2159 147
62.23602 140
62.25613 142
62.27624 114
62.29636 138
62.31647 132
62.33659 138
62.3567 142
62.37681 167
62.39693 133
62.41704 134
62.43715 163
62.45727 122
62.47738 124
62.49749 147
62.51761 153
62.53772 130
62.55784 142
62.57795 133
62.59806 126
62.61818 123
62.63829 135
62.6584 117
62.67852 132
62.69863 148
62.71875 123
62.73886 127
62.75897 130
62.77909 135
62.7992 134
62.81931 132
62.83943 118
62.85954 122
62.87965 122
62.89977 144
62.91988 124
62.94 123
62.96011 123
62.98022 108
63.00034 124
63.02045 115
63.04056 136
63.06068 115
63.08079 133
63.10091 121
63.12102 107
63.14113 128
63.16125 117
63.18136 126
63.20147 103
63.22159 117
63.2417 122
63.26182 122
63.28193 127
63.30204 109
63.32216 128
63.34227 128
63.36238 145
63.3825 128
63.40261 118
63.42272 122
63.44284 124
63.46295 148
63.48307 120
63.50318 147
63.52329 141
63.54341 113
63.56352 137
63.58363 162
63.60375 152
63.62386 157
63.64398 183
63.66409 165
63.6842 168
63.70432 148
63.72443 150
63.74454 161
63.76466 207
63.78477 191
63.80489 224
63.825 242
63.84511 272
63.86523 325
63.88534 329
63.90545 440
63.92557 479
63.94568 497
63.96579 551
63.98591 586
64.00602 595
64.02614 514
64.04625 408
64.06636 353
64.08648 343
64.10659 358
64.1267 331
64.14682 348
64.16693 327
64.18705 312
64.20716 313
64.22727 251
64.24739 186
64.2675 190
64.28761 175
64.30773 134
64.32784 130
64.34796 129
64.36807 133
64.38818 126
64.4083 139
64.42841 107
64.44852 118
64.46864 114
64.48875 125
64.50886 110
64.52898 133
64.54909 140
64.56921 140
64.58932 149
64.60943 112
64.62955 121
64.64966 113
64.66977 134
64.68989 111
64.71 119
64.73012 123
64.75023 108
64.77034 126
64.79046 109
64.81057 127
64.83068 99
64.8508 104
64.87091 129
64.89102 141
64.91114 123
64.93125 136
64.95137 118
64.97148 138
64.99159 107
65.01171 139
65.03182 118
65.05193 117
65.07205 102
65.09216 132
65.11228 110
65.13239 133
65.1525 128
65.17262 100
65.19273 129
65.21284 122
65.23296 119
65.25307 131
65.27319 152
65.2933 149
65.31341 130
65.33353 136
65.35364 124
65.37375 138
65.39387 151
65.41398 131
65.43409 133
65.45421 147
65.47432 139
65.49444 147
65.51455 144
65.53466 154
65.55478 133
65.57489 168
65.595 181
65.61512 161
65.63523 182
65.65535 189
65.67546 212
65.69557 237
65.71569 258
65.7358 228
65.75591 229
65.77603 245
65.79614 231
65.81626 159
65.83637 169
65.85648 192
65.8766 194
65.89671 194
65.91682 194
65.93694 180
65.95705 164
65.97716 164
65.99728 148
66.01739 147
66.03751 136
66.05762 156
66.07773 149
66.09785 145
66.11796 126
66.13807 135
66.15819 151
66.1783 139
66.19842 131
66.21853 117
66.23864 150
66.25876 137
66.27887 126
66.29898 138
66.3191 134
66.33921 133
66.35933 134
66.37944 132
66.39955 151
66.41967 127
66.43978 131
66.45989 135
66.48001 156
66.50012 136
66.52023 147
66.54035 139
66.56046 145
66.58058 128
66.60069 132
66.6208 141
66.64092 147
66.66103 168
66.68114 145
66.70126 157
66.72137 141
66.74149 127
66.7616 125
66.78171 124
66.80183 155
66.82194 131
66.84205 141
66.86217 133
66.88228 168
66.90239 152
66.92251 150
66.94262 164
66.96274 149
66.98285 142
67.00296 154
67.02308 150
67.04319 132
67.0633 162
67.08342 164
67.10353 165
67.12365 163
67.14376 149
67.16387 156
67.18399 163
67.2041 180
67.22421 198
67.24433 193
67.26444 181
67.28456 214
67.30467 223
67.32478 224
67.3449 216
67.36501 240
67.38512 262
67.40524 254
67.42535 293
67.44546 331
67.46558 415
67.48569 445
67.50581 453
67.52592 544
67.54603 627
67.56615 714
67.58626 870
67.60637 1046
67.62649 1138
67.6466 1410
67.66672 1536
67.68683 1581
67.70694 1497
67.72706 1434
67.74717 1216
67.76728 1043
67.7874 935
67.80751 890
67.82763 1000
67.84774 1031
67.86785 1110
67.88797 1150
67.90808 1149
67.92819 1154
67.94831 1150
67.96842 1098
67.98853 1283
68.00865 1453
68.02876 1624
68.04888 1824
68.06899 2013
68.0891 2204
68.10922 2148
68.12933 1955
68.14944 1826
68.16956 1654
68.18967 1650
68.20979 1751
68.2299 1818
68.25001 1997
68.27013 2007
68.29024 1872
68.31035 1590
68.33047 1353
68.35058 1066
68.3707 869
68.39081 842
68.41092 761
68.43104 785
68.45115 793
68.47126 702
68.49138 573
68.51149 506
68.5316 372
68.55172 321
68.57183 258
68.59195 243
68.61206 204
68.63217 222
68.65229 183
68.6724 175
68.69251 200
68.71263 188
68.73274 165
68.75286 159
68.77297 159
68.79308 139
68.8132 143
68.83331 151
68.85342 151
68.87354 166
68.89365 142
68.91376 135
68.93388 152
68.95399 163
68.97411 141
68.99422 149
69.01433 137
69.03445 131
69.05456 146
69.07467 163
69.09479 129
69.1149 132
69.13502 146
69.15513 160
69.17524 133
69.19536 129
69.21547 123
69.23558 107
69.2557 142
69.27581 136
69.29593 136
69.31604 136
69.33615 141
69.35627 114
69.37638 120
69.39649 139
69.41661 132
69.43672 103
69.45683 144
69.47695 125
69.49706 128
69.51718 118
69.53729 138
69.5574 118
69.57752 142
69.59763 129
69.61774 155
69.63786 121
69.65797 130
69.67809 157
69.6982 123
69.71831 123
69.73843 131
69.75854 121
69.77865 119
69.79877 149
69.81888 131
69.839 138
69.85911 133
69.87922 130
69.89934 140
69.91945 119
69.93956 123
69.95968 100
69.97979 123
69.9999 111
70.02002 131
70.04013 132
70.06025 139
70.08036 120
70.10047 134
70.12059 129
70.1407 150
70.16081 129
70.18093 125
70.20104 127
70.22116 133
70.24127 129
70.26138 112
70.2815 111
70.30161 131
70.32172 136
70.34184 122
70.36195 110
70.38207 141
70.40218 131
70.42229 122
70.44241 134
70.46252 109
70.48263 117
70.50275 106
70.52286 119
70.54297 110
70.56309 115
70.5832 129
70.60332 126
70.62343 113
70.64354 114
70.66366 125
70.68377 98
70.70388 114
70.724 128
70.74411 122
70.76423 137
70.78434 111
70.80445 145
70.82457 124
70.84468 132
70.86479 135
70.88491 130
70.90502 125
70.92513 124
70.94525 127
70.96536 118
70.98548 109
71.00559 128
71.0257 109
71.04582 138
71.06593 125
71.08604 114
71.10616 110
71.12627 113
71.14639 117
71.1665 131
71.18661 109
71.20673 115
71.22684 122
71.24695 120
71.26707 122
71.28718 123
71.3073 118
71.32741 121
71.34752 123
71.36764 96
71.38775 112
71.40786 129
71.42798 134
71.44809 124
71.4682 138
71.48832 131
71.50843 115
71.52855 115
71.54866 101
71.56877 114
71.58889 90
71.609 99
71.62911 127
71.64923 122
71.66934 107
71.68946 119
71.70957 121
71.72968 116
71.7498 109
71.76991 115
71.79002 101
71.81014 123
71.83025 126
71.85037 116
71.87048 114
71.89059 108
71.91071 128
71.93082 116
71.95093 120
71.97105 138
71.99116 120
72.01127 125
72.03139 126
72.0515 120
72.07162 124
72.09173 138
72.11184 132
72.13196 134
72.15207 126
72.17218 113
72.1923 151
72.21241 133
72.23253 104
72.25264 135
72.27275 128
72.29287 111
72.31298 136
72.33309 126
72.35321 117
72.37332 129
72.39344 135
72.41355 133
72.43366 120
72.45378 129
72.47389 129
72.494 110
72.51412 100
72.53423 126
72.55434 135
72.57446 109
72.59457 107
72.61469 135
72.6348 123
72.65491 115
72.67503 121
72.69514 117
72.71525 128
72.73537 136
72.75548 143
72.7756 113
72.79571 121
72.81582 108
72.83594 114
72.85605 113
72.87616 130
72.89628 122
72.91639 141
72.9365 137
72.95662 140
72.97673 134
72.99685 144
73.01696 154
73.03707 139
73.05719 144
73.0773 142
73.09741 156
73.11753 168
73.13764 160
73.15776 173
73.17787 181
73.19798 191
73.2181 202
73.23821 236
73.25832 241
73.27844 294
73.29855 352
73.31867 386
73.33878 451
73.35889 501
73.37901 605
73.39912 643
73.41923 651
73.43935 617
73.45946 566
73.47957 475
73.49969 351
73.5198 355
73.53992 295
73.56003 344
73.58014 354
73.60026 400
73.62037 349
73.64048 375
73.6606 347
73.68071 307
73.70083 255
73.72094 198
73.74105 189
73.76117 168
73.78128 146
73.80139 156
73.82151 132
73.84162 124
73.86174 138
73.88185 108
73.90196 124
73.92208 139
73.94219 129
73.9623 142
73.98242 113
74.00253 146
74.02264 125
74.04276 124
74.06287 122
74.08299 122
74.1031 127
74.12321 126
74.14333 149
74.16344 107
74.18355 138
74.20367 134
74.22378 128
74.2439 138
74.26401 127
74.28412 125
74.30424 125
74.32435 99
74.34446 129
74.36458 122
74.38469 123
74.40481 114
74.42492 135
74.44503 137
74.46515 112
74.48526 120
74.50537 138
74.52549 131
74.5456 105
74.56571 121
74.58583 115
74.60594 119
74.62606 116
74.64617 106
74.66628 123
74.6864 98
74.70651 123
74.72662 121
74.74674 119
74.76685 123
74.78697 124
74.80708 115
74.82719 148
74.84731 122
74.86742 132
74.88753 107
74.90765 112
74.92776 124
74.94787 130
74.96799 133
74.9881 132
75.00822 133
