3.00117 15770
3.02128 14463
3.0414 14536
3.06151 14067
3.08162 13536
3.10174 13257
3.12185 12534
3.14197 12200
3.16208 12222
3.18219 11442
3.20231 11241
3.22242 10655
3.24253 10447
3.26265 10093
3.28276 9580
3.30288 9599
3.32299 8796
3.3431 8771
3.36322 8425
3.38333 8007
3.40344 7915
3.42356 7448
3.44367 7159
3.46379 7027
3.4839 6573
3.50401 6426
3.52413 6235
3.54424 6057
3.56435 5753
3.58447 5511
3.60458 5526
3.62469 4845
3.64481 4800
3.66492 4523
3.68504 4340
3.70515 4428
3.72526 3966
3.74538 3849
3.76549 3768
3.7856 3538
3.80572 3430
3.82583 3201
3.84595 3042
3.86606 2786
3.88617 2736
3.90629 2853
3.9264 2593
3.94651 2526
3.96663 2318
3.98674 2188
4.00686 2141
4.02697 2086
4.04708 2027
4.0672 1812
4.08731 1688
4.10742 1758
4.12754 1721
4.14765 1633
4.16776 1558
4.18788 1426
4.20799 1508
4.22811 1425
4.24822 1283
4.26833 1274
4.28845 1256
4.30856 1314
4.32867 1178
4.34879 1168
4.3689 1147
4.38902 1089
4.40913 1101
4.42924 1171
4.44936 1053
4.46947 1023
4.48958 1002
4.5097 985
4.52981 920
4.54992 877
4.57004 946
4.59015 803
4.61027 841
4.63038 835
4.65049 731
4.67061 730
4.69072 738
4.71083 772
4.73095 758
4.75106 640
4.77118 661
4.79129 664
4.8114 692
4.83152 668
4.85163 611
4.87174 588
4.89186 582
4.91197 563
4.93209 577
4.9522 534
4.97231 493
4.99243 504
5.01254 488
5.03265 526
5.05277 452
5.07288 471
5.09299 421
5.11311 423
5.13322 466
5.15334 348
5.17345 399
5.19356 366
5.21368 380
5.23379 407
5.2539 342
5.27402 336
5.29413 353
5.31425 331
5.33436 362
5.35447 316
5.37459 305
5.3947 319
5.41481 257
5.43493 288
5.45504 272
5.47516 273
5.49527 264
5.51538 275
5.5355 268
5.55561 271
5.57572 221
5.59584 235
5.61595 224
5.63606 227
5.65618 206
5.67629 216
5.69641 215
5.71652 231
5.73663 232
5.75675 196
5.77686 207
5.79697 226
5.81709 212
5.8372 198
5.85732 195
5.87743 200
5.89754 198
5.91766 168
5.93777 190
5.95788 157
5.978 178
5.99811 187
6.01823 148
6.03834 158
6.05845 156
6.07857 169
6.09868 175
6.11879 167
6.13891 160
6.15902 169
6.17913 138
6.19925 179
6.21936 179
6.23948 176
6.25959 133
6.2797 136
6.29982 193
6.31993 160
6.34004 160
6.36016 145
6.38027 152
6.40039 150
6.4205 158
6.44061 140
6.46073 157
6.48084 150
6.50095 130
6.52107 157
6.54118 182
6.56129 156
6.58141 147
6.60152 149
6.62164 160
6.64175 146
6.66186 155
6.68198 130
6.70209 166
6.7222 146
6.74232 164
6.76243 155
6.78255 172
6.80266 143
6.82277 164
6.84289 149
6.863 156
6.88311 146
6.90323 148
6.92334 160
6.94346 141
6.96357 153
6.98368 143
7.0038 160
7.02391 171
7.04402 175
7.06414 139
7.08425 146
7.10436 160
7.12448 157
7.14459 152
7.16471 127
7.18482 145
7.20493 131
7.22505 131
7.24516 130
7.26527 150
7.28539 158
7.3055 178
7.32562 154
7.34573 159
7.36584 161
7.38596 163
7.40607 127
7.42618 150
7.4463 161
7.46641 170
7.48653 157
7.50664 160
7.52675 203
7.54687 157
7.56698 167
7.58709 156
7.60721 167
7.62732 154
7.64743 167
7.66755 157
7.68766 191
7.70778 137
7.72789 172
7.748 182
7.76812 182
7.78823 182
7.80834 180
7.82846 169
7.84857 166
7.86869 185
7.8888 155
7.90891 147
7.92903 187
7.94914 175
7.96925 138
7.98937 186
8.00948 167
8.0296 170
8.04971 179
8.06982 177
8.08994 174
8.11005 197
8.13016 180
8.15028 169
8.17039 161
8.1905 178
8.21062 165
8.23073 197
8.25085 163
8.27096 181
8.29107 195
8.31119 182
8.3313 182
8.35141 188
8.37153 182
8.39164 185
8.41176 188
8.43187 212
8.45198 190
8.4721 188
8.49221 177
8.51232 162
8.53244 188
8.55255 193
8.57266 201
8.59278 197
8.61289 180
8.63301 188
8.65312 162
8.67323 184
8.69335 188
8.71346 211
8.73357 199
8.75369 174
8.7738 188
8.79392 201
8.81403 216
8.83414 191
8.85426 197
8.87437 190
8.89448 180
8.9146 207
8.93471 193
8.95483 196
8.97494 205
8.99505 186
9.01517 190
9.03528 222
9.05539 210
9.07551 178
9.09562 187
9.11573 178
9.13585 212
9.15596 179
9.17608 197
9.19619 187
9.2163 178
9.23642 187
9.25653 187
9.27664 185
9.29676 196
9.31687 201
9.33699 228
9.3571 179
9.37721 228
9.39733 199
9.41744 195
9.43755 224
9.45767 198
9.47778 197
9.4979 197
9.51801 213
9.53812 194
9.55824 186
9.57835 213
9.59846 248
9.61858 221
9.63869 191
9.6588 181
9.67892 214
9.69903 190
9.71915 204
9.73926 187
9.75937 202
9.77949 196
9.7996 234
9.81971 200
9.83983 194
9.85994 210
9.88006 202
9.90017 226
9.92028 208
9.9404 191
9.96051 187
9.98062 173
10.00074 199
10.02085 188
10.04097 201
10.06108 218
10.08119 199
10.10131 213
10.12142 214
10.14153 169
10.16165 199
10.18176 188
10.20187 214
10.22199 200
10.2421 227
10.26222 228
10.28233 193
10.30244 201
10.32256 190
10.34267 205
10.36278 201
10.3829 219
10.40301 203
10.42313 242
10.44324 229
10.46335 198
10.48347 187
10.50358 198
10.52369 198
10.54381 194
10.56392 211
10.58403 182
10.60415 237
10.62426 211
10.64438 198
10.66449 223
10.6846 220
10.70472 196
10.72483 196
10.74494 194
10.76506 206
10.78517 174
10.80529 207
10.8254 205
10.84551 206
10.86563 197
10.88574 209
10.90585 175
10.92597 193
10.94608 215
10.9662 209
10.98631 211
11.00642 212
11.02654 214
11.04665 203
11.06676 213
11.08688 204
11.10699 198
11.1271 191
11.14722 198
11.16733 178
11.18745 198
11.20756 204
11.22767 168
11.24779 202
11.2679 217
11.28801 180
11.30813 200
11.32824 228
11.34836 209
11.36847 209
11.38858 217
11.4087 215
11.42881 200
11.44892 208
11.46904 193
11.48915 204
11.50927 220
11.52938 198
11.54949 218
11.56961 211
11.58972 170
11.60983 220
11.62995 192
11.65006 178
11.67017 196
11.69029 232
11.7104 232
11.73052 193
11.75063 223
11.77074 215
11.79086 217
11.81097 200
11.83108 232
11.8512 232
11.87131 217
11.89143 223
11.91154 230
11.93165 195
11.95177 222
11.97188 214
11.99199 217
12.01211 207
12.03222 200
12.05234 235
12.07245 220
12.09256 208
12.11268 210
12.13279 187
12.1529 216
12.17302 195
12.19313 209
12.21324 204
12.23336 179
12.25347 196
12.27359 203
12.2937 175
12.31381 194
12.33393 191
12.35404 198
12.37415 163
12.39427 197
12.41438 188
12.4345 192
12.45461 190
12.47472 201
12.49484 175
12.51495 195
12.53506 197
12.55518 200
12.57529 202
12.5954 185
12.61552 175
12.63563 159
12.65575 137
12.67586 183
12.69597 185
12.71609 173
12.7362 177
12.75631 165
12.77643 169
12.79654 140
12.81666 158
12.83677 159
12.85688 169
12.877 184
12.89711 171
12.91722 193
12.93734 191
12.95745 176
12.97757 193
12.99768 160
13.01779 199
13.03791 178
13.05802 183
13.07813 182
13.09825 192
13.11836 197
13.13847 209
13.15859 180
13.1787 194
13.19882 168
13.21893 185
13.23904 184
13.25916 172
13.27927 186
13.29938 185
13.3195 192
13.33961 174
13.35973 174
13.37984 174
13.39995 187
13.42007 171
13.44018 158
13.46029 157
13.48041 168
13.50052 210
13.52064 173
13.54075 196
13.56086 169
13.58098 179
13.60109 178
13.6212 193
13.64132 189
13.66143 185
13.68154 159
13.70166 192
13.72177 181
13.74189 172
13.762 169
13.78211 170
13.80223 167
13.82234 196
13.84245 188
13.86257 169
13.88268 164
13.9028 193
13.92291 171
13.94302 145
13.96314 176
13.98325 179
14.00336 161
14.02348 187
14.04359 162
14.06371 169
14.08382 166
14.10393 162
14.12405 199
14.14416 167
14.16427 157
14.18439 162
14.2045 181
14.22461 177
14.24473 132
14.26484 154
14.28496 165
14.30507 154
14.32518 184
14.3453 165
14.36541 169
14.38552 171
14.40564 167
14.42575 161
14.44587 165
14.46598 174
14.48609 148
14.50621 162
14.52632 156
14.54643 161
14.56655 170
14.58666 172
14.60677 164
14.62689 152
14.647 161
14.66712 170
14.68723 152
14.70734 169
14.72746 183
14.74757 166
14.76768 170
14.7878 152
14.80791 166
14.82803 171
14.84814 171
14.86825 146
14.88837 167
14.90848 167
14.92859 149
14.94871 151
14.96882 130
14.98894 148
15.00905 168
15.02916 173
15.04928 155
15.06939 175
15.0895 179
15.10962 148
15.12973 139
15.14984 164
15.16996 189
15.19007 166
15.21019 158
15.2303 121
15.25041 151
15.27053 168
15.29064 152
15.31075 156
15.33087 150
15.35098 196
15.3711 155
15.39121 150
15.41132 154
15.43144 138
15.45155 136
15.47166 142
15.49178 155
15.51189 129
15.53201 137
15.55212 151
15.57223 182
15.59235 158
15.61246 170
15.63257 145
15.65269 140
15.6728 143
15.69291 159
15.71303 168
15.73314 149
15.75326 132
15.77337 125
15.79348 134
15.8136 142
15.83371 150
15.85382 154
15.87394 132
15.89405 160
15.91417 120
15.93428 138
15.95439 134
15.97451 164
15.99462 165
16.01473 154
16.03485 127
16.05496 125
16.07508 129
16.09519 168
16.1153 144
16.13542 185
16.15553 136
16.17564 158
16.19576 164
16.21587 136
16.23598 145
16.2561 141
16.27621 154
16.29633 151
16.31644 138
16.33655 149
16.35667 131
16.37678 154
16.39689 158
16.41701 177
16.43712 151
16.45724 130
16.47735 138
16.49746 139
16.51758 155
16.53769 148
16.5578 150
16.57792 164
16.59803 126
16.61814 149
16.63826 179
16.65837 155
16.67849 156
16.6986 133
16.71871 154
16.73883 133
16.75894 129
16.77905 163
16.79917 164
16.81928 150
16.8394 149
16.85951 117
16.87962 147
16.89974 142
16.91985 132
16.93996 144
16.96008 119
16.98019 158
17.00031 158
17.02042 126
17.04053 162
17.06065 161
17.08076 125
17.10087 150
17.12099 144
17.1411 167
17.16121 167
17.18133 153
17.20144 141
17.22156 174
17.24167 124
17.26178 129
17.2819 127
17.30201 157
17.32212 143
17.34224 148
17.36235 138
17.38247 140
17.40258 118
17.42269 140
17.44281 138
17.46292 159
17.48303 141
17.50315 140
17.52326 154
17.54338 141
17.56349 144
17.5836 139
17.60372 150
17.62383 123
17.64394 151
17.66406 148
17.68417 137
17.70428 153
17.7244 142
17.74451 126
17.76463 120
17.78474 137
17.80485 130
17.82497 142
17.84508 149
17.86519 138
17.88531 126
17.90542 130
17.92554 142
17.94565 137
17.96576 138
17.98588 138
18.00599 121
18.0261 118
18.04622 121
18.06633 147
18.08645 153
18.10656 153
18.12667 128
18.14679 136
18.1669 153
18.18701 162
18.20713 146
18.22724 124
18.24735 141
18.26747 134
18.28758 142
18.3077 142
18.32781 152
18.34792 145
18.36804 138
18.38815 125
18.40826 155
18.42838 133
18.44849 135
18.46861 135
18.48872 136
18.50883 122
18.52895 129
18.54906 131
18.56917 152
18.58929 135
18.6094 142
18.62951 163
18.64963 142
18.66974 128
18.68986 158
18.70997 135
18.73008 173
18.7502 149
18.77031 159
18.79042 157
18.81054 133
18.83065 157
18.85077 150
18.87088 143
18.89099 148
18.91111 137
18.93122 139
18.95133 151
18.97145 137
18.99156 160
19.01168 146
19.03179 141
19.0519 151
19.07202 148
19.09213 141
19.11224 134
19.13236 142
19.15247 119
19.17258 117
19.1927 161
19.21281 154
19.23293 143
19.25304 164
19.27315 135
19.29327 155
19.31338 163
19.33349 149
19.35361 158
19.37372 151
19.39384 153
19.41395 135
19.43406 159
19.45418 137
19.47429 140
19.4944 163
19.51452 166
19.53463 138
19.55475 143
19.57486 174
19.59497 172
19.61509 154
19.6352 160
19.65531 172
19.67543 153
19.69554 165
19.71565 152
19.73577 191
19.75588 155
19.776 201
19.79611 179
19.81622 202
19.83634 185
19.85645 162
19.87656 186
19.89668 201
19.91679 181
19.93691 182
19.95702 171
19.97713 194
19.99725 192
20.01736 207
20.03747 189
20.05759 176
20.0777 205
20.09782 210
20.11793 228
20.13804 216
20.15816 237
20.17827 235
20.19838 223
20.2185 251
20.23861 243
20.25872 255
20.27884 231
20.29895 247
20.31907 277
20.33918 280
20.35929 261
20.37941 283
20.39952 278
20.41963 280
20.43975 285
20.45986 331
20.47998 343
20.50009 352
20.5202 338
20.54032 372
20.56043 432
20.58054 401
20.60066 488
20.62077 593
20.64088 774
20.661 941
20.68111 1224
20.70123 1728
20.72134 2496
20.74145 3396
20.76157 4682
20.78168 6034
20.80179 7380
20.82191 8320
20.84202 8573
20.86214 7392
20.88225 5284
20.90236 3795
20.92248 2450
20.94259 1424
20.9627 780
20.98282 618
21.00293 554
21.02305 488
21.04316 459
21.06327 446
21.08339 384
21.1035 365
21.12361 308
21.14373 305
21.16384 277
21.18395 248
21.20407 283
21.22418 261
21.2443 230
21.26441 257
21.28452 244
21.30464 222
21.32475 255
21.34486 209
21.36498 202
21.38509 216
21.40521 208
21.42532 196
21.44543 193
21.46555 200
21.48566 182
21.50577 187
21.52589 213
21.546 201
21.56612 189
21.58623 193
21.60634 197
21.62646 193
21.64657 206
21.66668 202
21.6868 185
21.70691 214
21.72702 188
21.74714 171
21.76725 193
21.78737 204
21.80748 209
21.82759 195
21.84771 216
21.86782 241
21.88793 174
21.90805 241
21.92816 236
21.94828 260
21.96839 255
21.9885 253
22.00862 218
22.02873 236
22.04884 249
22.06896 189
22.08907 177
22.10919 205
22.1293 201
22.14941 173
22.16953 170
22.18964 180
22.20975 199
22.22987 178
22.24998 184
22.27009 198
22.29021 193
22.31032 169
22.33044 173
22.35055 169
22.37066 181
22.39078 163
22.41089 177
22.431 172
22.45112 180
22.47123 153
22.49135 200
22.51146 182
22.53157 178
22.55169 168
22.5718 189
22.59191 172
22.61203 159
22.63214 168
22.65225 181
22.67237 179
22.69248 164
22.7126 173
22.73271 154
22.75282 154
22.77294 173
22.79305 171
22.81316 185
22.83328 166
22.85339 190
22.87351 173
22.89362 196
22.91373 169
22.93385 158
22.95396 181
22.97407 158
22.99419 163
23.0143 163
23.03442 176
23.05453 172
23.07464 215
23.09476 166
23.11487 196
23.13498 183
23.1551 163
23.17521 208
23.19532 175
23.21544 186
23.23555 209
23.25567 187
23.27578 182
23.29589 177
23.31601 153
23.33612 177
23.35623 181
23.37635 195
23.39646 169
23.41658 166
23.43669 183
23.4568 190
23.47692 181
23.49703 182
23.51714 199
23.53726 178
23.55737 194
23.57749 161
23.5976 201
23.61771 208
23.63783 226
23.65794 166
23.67805 216
23.69817 186
23.71828 195
23.73839 193
23.75851 179
23.77862 202
23.79874 182
23.81885 201
23.83896 228
23.85908 204
23.87919 228
23.8993 253
23.91942 277
23.93953 276
23.95965 295
23.97976 265
23.99987 281
24.01999 248
24.0401 233
24.06021 195
24.08033 192
24.10044 154
24.12056 190
24.14067 177
24.16078 175
24.1809 192
24.20101 182
24.22112 178
24.24124 199
24.26135 208
24.28146 170
24.30158 190
24.32169 208
24.34181 175
24.36192 188
24.38203 190
24.40215 158
24.42226 172
24.44237 179
24.46249 175
24.4826 174
24.50272 188
24.52283 178
24.54294 187
24.56306 173
24.58317 202
24.60328 168
24.6234 156
24.64351 166
24.66362 163
24.68374 179
24.70385 188
24.72397 155
24.74408 175
24.76419 196
24.78431 186
24.80442 193
24.82453 193
24.84465 161
24.86476 187
24.88488 172
24.90499 174
24.9251 174
24.94522 191
24.96533 175
24.98544 182
25.00556 177
25.02567 198
25.04579 174
25.0659 161
25.08601 200
25.10613 165
25.12624 178
25.14635 194
25.16647 178
25.18658 157
25.20669 165
25.22681 180
25.24692 172
25.26704 182
25.28715 167
25.30726 192
25.32738 217
25.34749 179
25.3676 222
25.38772 199
25.40783 222
25.42795 194
25.44806 206
25.46817 259
25.48829 217
25.5084 240
25.52851 234
25.54863 265
25.56874 269
25.58886 267
25.60897 283
25.62908 301
25.6492 293
25.66931 347
25.68942 341
25.70954 358
25.72965 428
25.74976 394
25.76988 366
25.78999 407
25.81011 402
25.83022 369
25.85033 412
25.87045 427
25.89056 454
25.91067 405
25.93079 405
25.9509 435
25.97102 422
25.99113 474
26.01124 480
26.03136 501
26.05147 518
26.07158 560
26.0917 564
26.11181 595
26.13193 610
26.15204 702
26.17215 762
26.19227 768
26.21238 874
26.23249 874
26.25261 994
26.27272 1145
26.29283 1180
26.31295 1321
26.33306 1496
26.35318 1761
26.37329 2109
26.3934 2698
26.41352 3492
26.43363 4661
26.45374 6401
26.47386 8590
26.49397 11469
26.51409 15927
26.5342 21174
26.55431 27132
26.57443 32874
26.59454 37082
26.61465 38353
26.63477 33905
26.65488 26572
26.67499 20213
26.69511 15030
26.71522 9643
26.73534 5477
26.75545 3024
26.77556 2106
26.79568 1735
26.81579 1506
26.8359 1379
26.85602 1224
26.87613 1147
26.89625 1006
26.91636 892
26.93647 818
26.95659 734
26.9767 650
26.99681 619
27.01693 649
27.03704 570
27.05716 566
27.07727 503
27.09738 446
27.1175 469
27.13761 419
27.15772 449
27.17784 451
27.19795 431
27.21806 391
27.23818 375
27.25829 395
27.27841 382
27.29852 393
27.31863 385
27.33875 393
27.35886 426
27.37897 412
27.39909 440
27.4192 398
27.43932 421
27.45943 403
27.47954 414
27.49966 421
27.51977 391
27.53988 317
27.56 357
27.58011 349
27.60023 338
27.62034 291
27.64045 327
27.66057 276
27.68068 327
27.70079 325
27.72091 361
27.74102 358
27.76113 365
27.78125 340
27.80136 353
27.82148 310
27.84159 329
27.8617 345
27.88182 326
27.90193 317
27.92204 319
27.94216 353
27.96227 307
27.98239 332
28.0025 265
28.02261 295
28.04273 250
28.06284 258
28.08295 260
28.10307 244
28.12318 240
28.1433 259
28.16341 255
28.18352 220
28.20364 208
28.22375 235
28.24386 242
28.26398 258
28.28409 261
28.3042 234
28.32432 246
28.34443 227
28.36455 230
28.38466 234
28.40477 222
28.42489 229
28.445 208
28.46511 218
28.48523 218
28.50534 192
28.52546 208
28.54557 216
28.56568 242
28.5858 204
28.60591 223
28.62602 225
28.64614 229
28.66625 223
28.68636 199
28.70648 208
28.72659 205
28.74671 221
28.76682 199
28.78693 231
28.80705 200
28.82716 220
28.84727 218
28.86739 227
28.8875 208
28.90762 181
28.92773 192
28.94784 186
28.96796 200
28.98807 212
29.00818 202
29.0283 200
29.04841 210
29.06853 193
29.08864 163
29.10875 196
29.12887 207
29.14898 189
29.16909 191
29.18921 198
29.20932 188
29.22943 183
29.24955 181
29.26966 210
29.28978 206
29.30989 191
29.33 195
29.35012 215
29.37023 208
29.39034 210
29.41046 188
29.43057 191
29.45069 203
29.4708 187
29.49091 188
29.51103 204
29.53114 179
29.55125 196
29.57137 204
29.59148 222
29.6116 192
29.63171 213
29.65182 197
29.67194 167
29.69205 187
29.71216 205
29.73228 186
29.75239 213
29.7725 194
29.79262 207
29.81273 221
29.83285 189
29.85296 194
29.87307 184
29.89319 186
29.9133 173
29.93341 202
29.95353 174
29.97364 173
29.99376 180
30.01387 171
30.03398 205
30.0541 224
30.07421 183
30.09432 207
30.11444 185
30.13455 179
30.15467 186
30.17478 193
30.19489 196
30.21501 165
30.23512 178
30.25523 184
30.27535 184
30.29546 199
30.31557 193
30.33569 200
30.3558 195
30.37592 181
30.39603 187
30.41614 204
30.43626 189
30.45637 212
30.47648 176
30.4966 197
30.51671 174
30.53683 183
30.55694 185
30.57705 161
30.59717 173
30.61728 196
30.63739 180
30.65751 180
30.67762 189
30.69773 185
30.71785 179
30.73796 208
30.75808 197
30.77819 178
30.7983 174
30.81842 170
30.83853 177
30.85864 189
30.87876 179
30.89887 193
30.91899 156
30.9391 155
30.95921 179
30.97933 163
30.99944 157
31.01955 176
31.03967 149
31.05978 153
31.0799 179
31.10001 146
31.12012 156
31.14024 148
31.16035 168
31.18046 164
31.20058 165
31.22069 166
31.2408 170
31.26092 151
31.28103 156
31.30115 149
31.32126 158
31.34137 158
31.36149 173
31.3816 135
31.40171 152
31.42183 160
31.44194 138
31.46206 140
31.48217 175
31.50228 175
31.5224 139
31.54251 144
31.56262 142
31.58274 163
31.60285 140
31.62297 163
31.64308 123
31.66319 134
31.68331 158
31.70342 155
31.72353 121
31.74365 151
31.76376 161
31.78387 151
31.80399 132
31.8241 137
31.84422 139
31.86433 164
31.88444 160
31.90456 151
31.92467 176
31.94478 162
31.9649 150
31.98501 140
32.00513 126
32.02524 145
32.04535 135
32.06547 147
32.08558 128
32.10569 117
32.12581 147
32.14592 155
32.16604 142
32.18615 135
32.20626 152
32.22638 164
32.24649 153
32.2666 144
32.28672 164
32.30683 152
32.32694 153
32.34706 146
32.36717 135
32.38729 132
32.4074 133
32.42751 143
32.44763 157
32.46774 134
32.48785 134
32.50797 135
32.52808 125
32.5482 138
32.56831 137
32.58842 141
32.60854 178
32.62865 122
32.64876 126
32.66888 124
32.68899 130
32.7091 152
32.72922 121
32.74933 147
32.76945 153
32.78956 145
32.80967 146
32.82979 132
32.8499 147
32.87001 159
32.89013 127
32.91024 139
32.93036 151
32.95047 146
32.97058 147
32.9907 110
33.01081 139
33.03092 140
33.05104 142
33.07115 149
33.09127 126
33.11138 160
33.13149 163
33.15161 132
33.17172 136
33.19183 143
33.21195 154
33.23206 142
33.25217 130
33.27229 127
33.2924 139
33.31252 122
33.33263 119
33.35274 108
33.37286 123
33.39297 127
33.41308 134
33.4332 134
33.45331 146
33.47343 137
33.49354 154
33.51365 126
33.53377 128
33.55388 145
33.57399 129
33.59411 130
33.61422 141
33.63434 126
33.65445 138
33.67456 135
33.69468 134
33.71479 134
33.7349 157
33.75502 135
33.77513 123
33.79524 129
33.81536 127
33.83547 137
33.85559 150
33.8757 149
33.89581 133
33.91593 123
33.93604 140
33.95615 139
33.97627 140
33.99638 129
34.0165 112
34.03661 129
34.05672 130
34.07684 134
34.09695 137
34.11706 136
34.13718 163
34.15729 156
34.17741 157
34.19752 142
34.21763 163
34.23775 163
34.25786 152
34.27797 123
34.29809 137
34.3182 129
34.33831 155
34.35843 131
34.37854 158
34.39866 154
34.41877 143
34.43888 147
34.459 149
34.47911 159
34.49922 136
34.51934 138
34.53945 138
34.55957 148
34.57968 153
34.59979 144
34.61991 151
34.64002 142
34.66013 142
34.68025 125
34.70036 149
34.72047 145
34.74059 129
34.7607 124
34.78082 148
34.80093 147
34.82104 129
34.84116 144
34.86127 146
34.88138 130
34.9015 136
34.92161 134
34.94173 127
34.96184 133
34.98195 142
35.00207 143
35.02218 153
35.04229 160
35.06241 136
35.08252 138
35.10264 143
35.12275 159
35.14286 156
35.16298 125
35.18309 191
35.2032 165
35.22332 174
35.24343 155
35.26354 180
35.28366 174
35.30377 164
35.32389 159
35.344 159
35.36411 179
35.38423 181
35.40434 187
35.42445 171
35.44457 169
35.46468 167
35.4848 195
35.50491 141
35.52502 163
35.54514 148
35.56525 154
35.58536 145
35.60548 153
35.62559 159
35.64571 157
35.66582 163
35.68593 153
35.70605 158
35.72616 142
35.74627 145
35.76639 156
35.7865 140
35.80661 157
35.82673 131
35.84684 165
35.86696 172
35.88707 166
35.90718 163
35.9273 148
35.94741 157
35.96752 179
35.98764 150
36.00775 176
36.02787 165
36.04798 189
36.06809 190
36.08821 181
36.10832 191
36.12843 223
36.14855 202
36.16866 181
36.18878 212
36.20889 248
36.229 265
36.24912 304
36.26923 328
36.28934 382
36.30946 421
36.32957 493
36.34968 623
36.3698 780
36.38991 987
36.41003 1284
36.43014 1612
36.45025 1896
36.47037 2208
36.49048 2519
36.51059 2528
36.53071 2410
36.55082 1963
36.57094 1516
36.59105 1363
36.61116 1147
36.63128 982
36.65139 613
36.6715 412
36.69162 310
36.71173 266
36.73184 247
36.75196 209
36.77207 227
36.79219 208
36.8123 217
36.83241 182
36.85253 170
36.87264 188
36.89275 168
36.91287 157
36.93298 175
36.9531 180
36.97321 164
36.99332 198
37.01344 171
37.03355 186
37.05366 162
37.07378 156
37.09389 172
37.11401 153
37.13412 147
37.15423 159
37.17435 145
37.19446 150
37.21457 154
37.23469 145
37.2548 141
37.27491 143
37.29503 173
37.31514 153
37.33526 138
37.35537 131
37.37548 137
37.3956 148
37.41571 149
37.43582 163
37.45594 136
37.47605 141
37.49617 141
37.51628 155
37.53639 138
37.55651 155
37.57662 150
37.59673 163
37.61685 154
37.63696 149
37.65708 147
37.67719 136
37.6973 135
37.71742 140
37.73753 172
37.75764 156
37.77776 143
37.79787 154
37.81798 145
37.8381 159
37.85821 159
37.87833 125
37.89844 126
37.91855 159
37.93867 131
37.95878 147
37.97889 167
37.99901 152
38.01912 146
38.03924 150
38.05935 153
38.07946 133
38.09958 143
38.11969 160
38.1398 167
38.15992 147
38.18003 141
38.20015 139
38.22026 161
38.24037 136
38.26049 155
38.2806 156
38.30071 139
38.32083 152
38.34094 160
38.36105 145
38.38117 151
38.40128 148
38.4214 161
38.44151 155
38.46162 143
38.48174 139
38.50185 174
38.52196 158
38.54208 137
38.56219 131
38.58231 146
38.60242 140
38.62253 149
38.64265 159
38.66276 156
38.68287 138
38.70299 155
38.7231 135
38.74321 157
38.76333 157
38.78344 161
38.80356 142
38.82367 140
38.84378 165
38.8639 154
38.88401 143
38.90412 175
38.92424 150
38.94435 156
38.96447 162
38.98458 177
39.00469 190
39.02481 210
39.04492 194
39.06503 202
39.08515 215
39.10526 222
39.12538 243
39.14549 262
39.1656 256
39.18572 329
39.20583 364
39.22594 410
39.24606 554
39.26617 580
39.28628 738
39.3064 942
39.32651 1113
39.34663 1372
39.36674 1702
39.38685 1989
39.40697 2241
39.42708 2470
39.44719 2290
39.46731 1967
39.48742 1558
39.50754 1364
39.52765 1197
39.54776 1067
39.56788 788
39.58799 530
39.6081 371
39.62822 329
39.64833 261
39.66845 249
39.68856 217
39.70867 231
39.72879 192
39.7489 200
39.76901 183
39.78913 180
39.80924 204
39.82935 198
39.84947 187
39.86958 181
39.8897 192
39.90981 213
39.92992 182
39.95004 189
39.97015 203
39.99026 211
40.01038 244
40.03049 273
40.05061 328
40.07072 333
40.09083 354
40.11095 401
40.13106 513
40.15117 650
40.17129 732
40.1914 847
40.21152 1059
40.23163 1128
40.25174 1238
40.27186 1176
40.29197 1002
40.31208 804
40.3322 689
40.35231 655
40.37242 555
40.39254 487
40.41265 342
40.43277 264
40.45288 215
40.47299 197
40.49311 190
40.51322 172
40.53333 156
40.55345 142
40.57356 157
40.59368 143
40.61379 158
40.6339 165
40.65402 162
40.67413 139
40.69424 161
40.71436 153
40.73447 156
40.75458 150
40.7747 137
40.79481 151
40.81493 132
40.83504 153
40.85515 152
40.87527 143
40.89538 135
40.91549 149
40.93561 141
40.95572 149
40.97584 156
40.99595 135
41.01606 147
41.03618 132
41.05629 153
41.0764 150
41.09652 150
41.11663 148
41.13675 150
41.15686 147
41.17697 139
41.19709 140
41.2172 139
41.23731 154
41.25743 154
41.27754 148
41.29765 130
41.31777 153
41.33788 168
41.358 157
41.37811 130
41.39822 122
41.41834 142
41.43845 159
41.45856 142
41.47868 145
41.49879 177
41.51891 141
41.53902 165
41.55913 157
41.57925 158
41.59936 150
41.61947 149
41.63959 158
41.6597 144
41.67982 157
41.69993 151
41.72004 155
41.74016 190
41.76027 182
41.78038 185
41.8005 180
41.82061 166
41.84072 145
41.86084 142
41.88095 136
41.90107 155
41.92118 153
41.94129 174
41.96141 164
41.98152 184
42.00163 181
42.02175 171
42.04186 190
42.06198 205
42.08209 195
42.1022 214
42.12232 225
42.14243 243
42.16254 269
42.18266 298
42.20277 357
42.22289 405
42.243 448
42.26311 583
42.28323 677
42.30334 870
42.32345 1011
42.34357 1208
42.36368 1461
42.38379 1612
42.40391 1715
42.42402 1611
42.44414 1437
42.46425 1153
42.48436 989
42.50448 900
42.52459 810
42.5447 695
42.56482 551
42.58493 381
42.60505 246
42.62516 227
42.64527 207
42.66539 188
42.6855 161
42.70561 203
42.72573 168
42.74584 178
42.76595 168
42.78607 169
42.80618 170
42.8263 144
42.84641 170
42.86652 144
42.88664 142
42.90675 140
42.92686 146
42.94698 135
42.96709 129
42.98721 139
43.00732 134
43.02743 126
43.04755 136
43.06766 144
43.08777 118
43.10789 129
43.128 136
43.14812 137
43.16823 146
43.18834 131
43.20846 151
43.22857 132
43.24868 138
43.2688 139
43.28891 131
43.30902 146
43.32914 140
43.34925 126
43.36937 132
43.38948 122
43.40959 125
43.42971 137
43.44982 139
43.46993 120
43.49005 130
43.51016 134
43.53028 127
43.55039 136
43.5705 140
43.59062 140
43.61073 117
43.63084 134
43.65096 148
43.67107 133
43.69119 114
43.7113 145
43.73141 116
43.75153 145
43.77164 137
43.79175 129
43.81187 141
43.83198 140
43.85209 92
43.87221 134
43.89232 120
43.91244 131
43.93255 136
43.95266 114
43.97278 124
43.99289 114
44.013 126
44.03312 134
44.05323 118
44.07335 120
44.09346 126
44.11357 144
44.13369 129
44.1538 123
44.17391 145
44.19403 134
44.21414 117
44.23426 115
44.25437 121
44.27448 141
44.2946 113
44.31471 139
44.33482 133
44.35494 139
44.37505 135
44.39516 120
44.41528 120
44.43539 121
44.45551 130
44.47562 127
44.49573 124
44.51585 136
44.53596 119
44.55607 140
44.57619 121
44.5963 133
44.61642 136
44.63653 139
44.65664 139
44.67676 130
44.69687 139
44.71698 117
44.7371 139
44.75721 121
44.77732 140
44.79744 144
44.81755 128
44.83767 142
44.85778 128
44.87789 130
44.89801 127
44.91812 129
44.93823 150
44.95835 127
44.97846 138
44.99858 126
45.01869 142
45.0388 130
45.05892 128
45.07903 138
45.09914 117
45.11926 142
45.13937 156
45.15949 138
45.1796 139
45.19971 139
45.21983 144
45.23994 133
45.26005 144
45.28017 150
45.30028 144
45.32039 149
45.34051 147
45.36062 166
45.38074 156
45.40085 172
45.42096 171
45.44108 178
45.46119 194
45.4813 196
45.50142 224
45.52153 235
45.54165 262
45.56176 327
45.58187 405
45.60199 424
45.6221 488
45.64221 595
45.66233 675
45.68244 775
45.70256 958
45.72267 1041
45.74278 1099
45.7629 1129
45.78301 1000
45.80312 805
45.82324 706
45.84335 631
45.86346 575
45.88358 602
45.90369 434
45.92381 311
45.94392 255
45.96403 183
45.98415 170
46.00426 170
46.02437 151
46.04449 171
46.0646 168
46.08472 151
46.10483 139
46.12494 144
46.14506 157
46.16517 143
46.18528 121
46.2054 152
46.22551 147
46.24563 119
46.26574 136
46.28585 120
46.30597 124
46.32608 133
46.34619 114
46.36631 117
46.38642 109
46.40653 109
46.42665 133
46.44676 141
46.46688 145
46.48699 117
46.5071 123
46.52722 115
46.54733 131
46.56744 109
46.58756 134
46.60767 114
46.62779 109
46.6479 112
46.66801 118
46.68813 131
46.70824 127
46.72835 132
46.74847 124
46.76858 116
46.78869 127
46.80881 122
46.82892 139
46.84904 105
46.86915 126
46.88926 114
46.90938 121
46.92949 150
46.9496 115
46.96972 120
46.98983 120
47.00995 133
47.03006 125
47.05017 131
47.07029 107
47.0904 132
47.11051 118
47.13063 121
47.15074 112
47.17086 114
47.19097 121
47.21108 115
47.2312 135
47.25131 125
47.27142 104
47.29154 122
47.31165 127
47.33176 102
47.35188 126
47.37199 125
47.39211 121
47.41222 120
47.43233 129
47.45245 137
47.47256 123
47.49267 119
47.51279 118
47.5329 116
47.55302 113
47.57313 122
47.59324 142
47.61336 121
47.63347 120
47.65358 113
47.6737 131
47.69381 116
47.71393 119
47.73404 112
47.75415 111
47.77427 120
47.79438 116
47.81449 121
47.83461 116
47.85472 124
47.87483 102
47.89495 111
47.91506 120
47.93518 118
47.95529 117
47.9754 114
47.99552 133
48.01563 97
48.03574 130
48.05586 127
48.07597 117
48.09609 114
48.1162 125
48.13631 111
48.15643 121
48.17654 118
48.19665 120
48.21677 117
48.23688 124
48.257 135
48.27711 132
48.29722 115
48.31734 131
48.33745 132
48.35756 137
48.37768 137
48.39779 129
48.4179 141
48.43802 121
48.45813 126
48.47825 124
48.49836 135
48.51847 109
48.53859 128
48.5587 107
48.57881 135
48.59893 115
48.61904 114
48.63916 131
48.65927 147
48.67938 136
48.6995 136
48.71961 121
48.73972 152
48.75984 146
48.77995 111
48.80006 114
48.82018 111
48.84029 140
48.86041 152
48.88052 127
48.90063 141
48.92075 131
48.94086 156
48.96097 145
48.98109 148
49.0012 132
49.02132 159
49.04143 157
49.06154 152
49.08166 130
49.10177 135
49.12188 145
49.142 143
49.16211 150
49.18223 131
49.20234 134
49.22245 137
49.24257 149
49.26268 133
49.28279 141
49.30291 149
49.32302 138
49.34313 155
49.36325 147
49.38336 174
49.40348 136
49.42359 157
49.4437 167
49.46382 163
49.48393 163
49.50404 166
49.52416 164
49.54427 168
49.56439 167
49.5845 174
49.60461 202
49.62473 220
49.64484 204
49.66495 240
49.68507 256
49.70518 259
49.7253 286
49.74541 301
49.76552 333
49.78564 372
49.80575 413
49.82586 477
49.84598 578
49.86609 581
49.8862 699
49.90632 843
49.92643 1084
49.94655 1244
49.96666 1517
49.98677 1779
50.00689 2246
50.027 2678
50.04711 3132
50.06723 3516
50.08734 3779
50.10746 3544
50.12757 3213
50.14768 2592
50.1678 2036
50.18791 1956
50.20802 1830
50.22814 1850
50.24825 1590
50.26837 1255
50.28848 855
50.30859 529
50.32871 415
50.34882 355
50.36893 304
50.38905 279
50.40916 248
50.42927 227
50.44939 241
50.4695 258
50.48962 279
50.50973 264
50.52984 263
50.54996 274
50.57007 277
50.59018 241
50.6103 269
50.63041 230
50.65053 208
50.67064 205
50.69075 196
50.71087 202
50.73098 162
50.75109 164
50.77121 170
50.79132 173
50.81143 162
50.83155 143
50.85166 144
50.87178 148
50.89189 132
50.912 143
50.93212 150
50.95223 142
50.97234 134
50.99246 130
51.01257 126
51.03269 147
51.0528 128
51.07291 128
51.09303 150
51.11314 131
51.13325 126
51.15337 136
51.17348 144
51.1936 145
51.21371 117
51.23382 143
51.25394 116
51.27405 134
51.29416 129
51.31428 131
51.33439 116
51.3545 109
51.37462 122
51.39473 124
51.41485 128
51.43496 106
51.45507 126
51.47519 141
51.4953 123
51.51541 125
51.53553 120
51.55564 146
51.57576 108
51.59587 131
51.61598 111
51.6361 127
51.65621 115
51.67632 124
51.69644 107
51.71655 112
51.73667 120
51.75678 125
51.77689 115
51.79701 116
51.81712 112
51.83723 125
51.85735 111
51.87746 114
51.89757 113
51.91769 112
51.9378 119
51.95792 103
51.97803 106
51.99814 104
52.01826 123
52.03837 110
52.05848 116
52.0786 126
52.09871 117
52.11883 108
52.13894 112
52.15905 111
52.17917 109
52.19928 105
52.21939 137
52.23951 111
52.25962 116
52.27974 114
52.29985 98
52.31996 125
52.34008 123
52.36019 116
52.3803 103
52.40042 115
52.42053 105
52.44064 113
52.46076 141
52.48087 121
52.50099 112
52.5211 108
52.54121 116
52.56133 109
52.58144 127
52.60155 122
52.62167 112
52.64178 111
52.6619 130
52.68201 122
52.70212 114
52.72224 102
52.74235 118
52.76246 119
52.78258 118
52.80269 110
52.8228 111
52.84292 125
52.86303 104
52.88315 104
52.90326 106
52.92337 105
52.94349 126
52.9636 106
52.98371 111
53.00383 116
53.02394 112
53.04406 120
53.06417 105
53.08428 114
53.1044 123
53.12451 115
53.14462 107
53.16474 112
53.18485 114
53.20497 112
53.22508 113
53.24519 120
53.26531 121
53.28542 125
53.30553 132
53.32565 125
53.34576 125
53.36587 114
53.38599 109
53.4061 127
53.42622 121
53.44633 103
53.46644 110
53.48656 119
53.50667 123
53.52678 118
53.5469 134
53.56701 123
53.58713 126
53.60724 127
53.62735 124
53.64747 104
53.66758 125
53.68769 125
53.70781 120
53.72792 120
53.74804 139
53.76815 132
53.78826 112
53.80838 126
53.82849 119
53.8486 107
53.86872 103
53.88883 122
53.90894 106
53.92906 110
53.94917 105
53.96929 122
53.9894 106
54.00951 126
54.02963 122
54.04974 135
54.06985 134
54.08997 143
54.11008 101
54.1302 145
54.15031 135
54.17042 144
54.19054 119
54.21065 149
54.23076 123
54.25088 130
54.27099 152
54.29111 154
54.31122 153
54.33133 139
54.35145 142
54.37156 160
54.39167 140
54.41179 139
54.4319 184
54.45201 178
54.47213 163
54.49224 205
54.51236 173
54.53247 208
54.55258 228
54.5727 234
54.59281 247
54.61292 316
54.63304 341
54.65315 401
54.67327 399
54.69338 520
54.71349 604
54.73361 666
54.75372 759
54.77383 924
54.79395 1040
54.81406 1129
54.83417 1077
54.85429 1037
54.8744 864
54.89452 708
54.91463 615
54.93474 595
54.95486 646
54.97497 553
54.99508 547
55.0152 515
55.03531 370
55.05543 309
55.07554 289
55.09565 279
55.11577 253
55.13588 299
55.15599 345
55.17611 368
55.19622 390
55.21634 431
55.23645 534
55.25656 540
55.27668 525
55.29679 563
55.3169 470
55.33702 449
55.35713 334
55.37724 310
55.39736 317
55.41747 309
55.43759 307
55.4577 333
55.47781 270
55.49793 199
55.51804 168
55.53815 147
55.55827 136
55.57838 129
55.5985 121
55.61861 131
55.63872 137
55.65884 140
55.67895 124
55.69906 125
55.71918 137
55.73929 127
55.75941 106
55.77952 120
55.79963 112
55.81975 112
55.83986 119
55.85997 126
55.88009 98
55.9002 109
55.92031 121
55.94043 128
55.96054 138
55.98066 133
56.00077 113
56.02088 121
56.041 112
56.06111 109
56.08122 115
56.10134 105
56.12145 111
56.14157 110
56.16168 116
56.18179 102
56.20191 113
56.22202 100
56.24213 118
56.26225 120
56.28236 91
56.30248 133
56.32259 112
56.3427 97
56.36282 103
56.38293 116
56.40304 103
56.42316 120
56.44327 127
56.46338 118
56.4835 111
56.50361 99
56.52373 119
56.54384 104
56.56395 136
56.58407 110
56.60418 106
56.62429 101
56.64441 122
56.66452 105
56.68464 110
56.70475 114
56.72486 120
56.74498 107
56.76509 100
56.7852 103
56.80532 114
56.82543 124
56.84554 130
56.86566 126
56.88577 113
56.90589 102
56.926 121
56.94611 116
56.96623 117
56.98634 123
57.00645 131
57.02657 124
57.04668 138
57.0668 136
57.08691 142
57.10702 138
57.12714 154
57.14725 172
57.16736 183
57.18748 141
57.20759 161
57.22771 138
57.24782 136
57.26793 148
57.28805 142
57.30816 145
57.32827 142
57.34839 128
57.3685 130
57.38861 128
57.40873 119
57.42884 127
57.44896 130
57.46907 104
57.48918 98
57.5093 111
57.52941 101
57.54952 130
57.56964 98
57.58975 118
57.60987 124
57.62998 101
57.65009 123
57.67021 112
57.69032 112
57.71043 122
57.73055 115
57.75066 100
57.77078 116
57.79089 108
57.811 112
57.83112 122
57.85123 116
57.87134 113
57.89146 122
57.91157 110
57.93168 90
57.9518 125
57.97191 118
57.99203 106
58.01214 127
58.03225 120
58.05237 112
58.07248 101
58.09259 110
58.11271 98
58.13282 117
58.15294 109
58.17305 99
58.19316 104
58.21328 115
58.23339 110
58.2535 123
58.27362 108
58.29373 103
58.31385 118
58.33396 128
58.35407 127
58.37419 116
58.3943 103
58.41441 126
58.43453 120
58.45464 108
58.47475 115
58.49487 118
58.51498 113
58.5351 117
58.55521 136
58.57532 120
58.59544 110
58.61555 116
58.63566 143
58.65578 114
58.67589 140
58.69601 146
58.71612 129
58.73623 129
58.75635 117
58.77646 130
58.79657 119
58.81669 132
58.8368 130
58.85691 114
58.87703 127
58.89714 117
58.91726 129
58.93737 119
58.95748 130
58.9776 112
58.99771 111
59.01782 128
59.03794 98
59.05805 107
59.07817 131
59.09828 107
59.11839 135
59.13851 132
59.15862 116
59.17873 126
59.19885 118
59.21896 157
59.23908 133
59.25919 136
59.2793 119
59.29942 148
59.31953 144
59.33964 115
59.35976 171
59.37987 156
59.39998 188
59.4201 170
59.44021 177
59.46033 161
59.48044 191
59.50055 194
59.52067 239
59.54078 226
59.56089 251
59.58101 304
59.60112 343
59.62124 332
59.64135 366
59.66146 424
59.68158 507
59.70169 591
59.7218 650
59.74192 757
59.76203 909
59.78215 1048
59.80226 1302
59.82237 1517
59.84249 1834
59.8626 1965
59.88271 2120
59.90283 2148
59.92294 2076
59.94305 1910
59.96317 1588
59.98328 1235
60.0034 1178
60.02351 1170
60.04362 1187
60.06374 1111
60.08385 1023
60.10396 942
60.12408 714
60.14419 471
60.16431 340
60.18442 277
60.20453 232
60.22465 200
60.24476 195
60.26487 180
60.28499 184
60.3051 174
60.32522 160
60.34533 174
60.36544 155
60.38556 145
60.40567 161
60.42578 138
60.4459 137
60.46601 138
60.48612 142
60.50624 127
60.52635 117
60.54647 126
60.56658 139
60.58669 137
60.60681 116
60.62692 126
60.64703 126
60.66715 131
60.68726 115
60.70738 138
60.72749 146
60.7476 142
60.76772 133
60.78783 116
60.80794 108
60.82806 129
60.84817 101
60.86828 140
60.8884 127
60.90851 94
60.92863 121
60.94874 91
60.96885 96
60.98897 111
61.00908 118
61.02919 111
61.04931 117
61.06942 125
61.08954 116
61.10965 126
61.12976 104
61.14988 123
61.16999 116
61.1901 105
61.21022 125
61.23033 128
61.25045 136
61.27056 103
61.29067 107
61.31079 115
61.3309 110
61.35101 134
61.37113 114
61.39124 115
61.41135 134
61.43147 109
61.45158 110
61.4717 110
61.49181 112
61.51192 123
61.53204 114
61.55215 123
61.57226 123
61.59238 107
61.61249 129
61.63261 113
61.65272 116
61.67283 111
61.69295 108
61.71306 100
61.73317 122
61.75329 106
61.7734 105
61.79352 116
61.81363 132
61.83374 116
61.85386 107
61.87397 105
61.89408 105
61.9142 88
61.93431 107
61.95442 102
61.97454 98
61.99465 119
62.01477 93
62.03488 116
62.05499 130
62.07511 116
62.09522 108
62.11533 115
62.13545 119
62.15556 138
62.17568 135
62.19579 115
62.2159 99
62.23602 119
62.25613 128
62.27624 110
62.29636 109
62.31647 103
62.33659 124
62.3567 98
62.37681 105
62.39693 120
62.41704 117
62.43715 111
62.45727 99
62.47738 110
62.49749 118
62.51761 113
62.53772 114
62.55784 94
62.57795 104
62.59806 110
62.61818 113
62.63829 106
62.6584 111
62.67852 104
62.69863 111
62.71875 94
62.73886 132
62.75897 114
62.77909 111
62.7992 113
62.81931 98
62.83943 130
62.85954 95
62.87965 107
62.89977 101
62.91988 102
62.94 101
62.96011 102
62.98022 127
63.00034 144
63.02045 91
63.04056 91
63.06068 111
63.08079 110
63.10091 105
63.12102 106
63.14113 125
63.16125 109
63.18136 109
63.20147 98
63.22159 111
63.2417 128
63.26182 128
63.28193 107
63.30204 107
63.32216 104
63.34227 112
63.36238 103
63.3825 106
63.40261 110
63.42272 122
63.44284 100
63.46295 133
63.48307 124
63.50318 149
63.52329 121
63.54341 146
63.56352 124
63.58363 104
63.60375 145
63.62386 144
63.64398 115
63.66409 172
63.6842 164
63.70432 161
63.72443 137
63.74454 171
63.76466 167
63.78477 180
63.80489 190
63.825 239
63.84511 254
63.86523 310
63.88534 328
63.90545 382
63.92557 434
63.94568 486
63.96579 448
63.98591 491
64.00602 438
64.02614 417
64.04625 325
64.06636 308
64.08648 271
64.10659 289
64.1267 305
64.14682 303
64.16693 272
64.18705 254
64.20716 237
64.22727 177
64.24739 180
64.2675 149
64.28761 130
64.30773 125
64.32784 115
64.34796 110
64.36807 134
64.38818 117
64.4083 95
64.42841 88
64.44852 103
64.46864 114
64.48875 116
64.50886 113
64.52898 105
64.54909 102
64.56921 114
64.58932 94
64.60943 98
64.62955 103
64.64966 111
64.66977 120
64.68989 96
64.71 114
64.73012 98
64.75023 96
64.77034 108
64.79046 112
64.81057 104
64.83068 109
64.8508 112
64.87091 98
64.89102 109
64.91114 113
64.93125 111
64.95137 99
64.97148 112
64.99159 111
65.01171 131
65.03182 112
65.05193 107
65.07205 79
65.09216 106
65.11228 115
65.13239 115
65.1525 109
65.17262 117
65.19273 125
65.21284 126
65.23296 115
65.25307 117
65.27319 129
65.2933 94
65.31341 111
65.33353 92
65.35364 106
65.37375 102
65.39387 119
65.41398 129
65.43409 117
65.45421 139
65.47432 124
65.49444 120
65.51455 127
65.53466 146
65.55478 136
65.57489 174
65.595 143
65.61512 153
65.63523 175
65.65535 181
65.67546 189
65.69557 201
65.71569 202
65.7358 197
65.75591 208
65.77603 195
65.79614 172
65.81626 148
65.83637 163
65.85648 153
65.8766 157
65.89671 160
65.91682 147
65.93694 159
65.95705 161
65.97716 142
65.99728 138
66.01739 108
66.03751 120
66.05762 133
66.07773 117
66.09785 131
66.11796 120
66.13807 135
66.15819 123
66.1783 116
66.19842 114
66.21853 113
66.23864 123
66.25876 128
66.27887 116
66.29898 125
66.3191 125
66.33921 117
66.35933 108
66.37944 115
66.39955 128
66.41967 119
66.43978 138
66.45989 121
66.48001 130
66.50012 108
66.52023 123
66.54035 140
66.56046 121
66.58058 120
66.60069 125
66.6208 123
66.64092 119
66.66103 130
66.68114 124
66.70126 145
66.72137 116
66.74149 109
66.7616 116
66.78171 124
66.80183 116
66.82194 136
66.84205 138
66.86217 123
66.88228 139
66.90239 142
66.92251 131
66.94262 120
66.96274 149
66.98285 126
67.00296 134
67.02308 140
67.04319 139
67.0633 148
67.08342 144
67.10353 128
67.12365 145
67.14376 142
67.16387 160
67.18399 170
67.2041 181
67.22421 141
67.24433 169
67.26444 203
67.28456 207
67.30467 199
67.32478 223
67.3449 210
67.36501 236
67.38512 269
67.40524 270
67.42535 304
67.44546 339
67.46558 366
67.48569 403
67.50581 431
67.52592 603
67.54603 643
67.56615 765
67.58626 831
67.60637 959
67.62649 1131
67.6466 1219
67.66672 1281
67.68683 1332
67.70694 1317
67.72706 1207
67.74717 1008
67.76728 884
67.7874 841
67.80751 845
67.82763 834
67.84774 941
67.86785 947
67.88797 1004
67.90808 1031
67.92819 1051
67.94831 1043
67.96842 1101
67.98853 1151
68.00865 1318
68.02876 1436
68.04888 1559
68.06899 1794
68.0891 1808
68.10922 1877
68.12933 1695
68.14944 1566
68.16956 1497
68.18967 1450
68.20979 1462
68.2299 1574
68.25001 1679
68.27013 1595
68.29024 1488
68.31035 1294
68.33047 1024
68.35058 839
68.3707 685
68.39081 670
68.41092 626
68.43104 600
68.45115 558
68.47126 553
68.49138 462
68.51149 348
68.5316 316
68.55172 274
68.57183 207
68.59195 200
68.61206 163
68.63217 189
68.65229 175
68.6724 149
68.69251 151
68.71263 145
68.73274 162
68.75286 134
68.77297 142
68.79308 151
68.8132 151
68.83331 132
68.85342 103
68.87354 133
68.89365 132
68.91376 143
68.93388 137
68.95399 132
68.97411 109
68.99422 149
69.01433 136
69.03445 126
69.05456 133
69.07467 116
69.09479 122
69.1149 111
69.13502 104
69.15513 110
69.17524 104
69.19536 114
69.21547 118
69.23558 113
69.2557 102
69.27581 115
69.29593 121
69.31604 121
69.33615 118
69.35627 127
69.37638 116
69.39649 113
69.41661 131
69.43672 96
69.45683 112
69.47695 105
69.49706 99
69.51718 102
69.53729 113
69.5574 129
69.57752 120
69.59763 139
69.61774 128
69.63786 135
69.65797 120
69.67809 124
69.6982 116
69.71831 110
69.73843 101
69.75854 113
69.77865 123
69.79877 114
69.81888 122
69.839 118
69.85911 93
69.87922 110
69.89934 95
69.91945 113
69.93956 90
69.95968 97
69.97979 103
69.9999 99
70.02002 109
70.04013 92
70.06025 103
70.08036 82
70.10047 111
70.12059 91
70.1407 106
70.16081 106
70.18093 106
70.20104 85
70.22116 111
70.24127 115
70.26138 104
70.2815 100
70.30161 105
70.32172 116
70.34184 103
70.36195 107
70.38207 104
70.40218 112
70.42229 98
70.44241 109
70.46252 109
70.48263 118
70.50275 93
70.52286 92
70.54297 98
70.56309 96
70.5832 94
70.60332 100
70.62343 86
70.64354 105
70.66366 110
70.68377 121
70.70388 106
70.724 101
70.74411 99
70.76423 111
70.78434 101
70.80445 95
70.82457 103
70.84468 107
70.86479 98
70.88491 96
70.90502 126
70.92513 95
70.94525 88
70.96536 85
70.98548 78
71.00559 103
71.0257 79
71.04582 116
71.06593 121
71.08604 89
71.10616 107
71.12627 91
71.14639 126
71.1665 100
71.18661 98
71.20673 86
71.22684 102
71.24695 110
71.26707 85
71.28718 108
71.3073 123
71.32741 87
71.34752 91
71.36764 108
71.38775 108
71.40786 98
71.42798 91
71.44809 107
71.4682 101
71.48832 98
71.50843 102
71.52855 112
71.54866 104
71.56877 95
71.58889 104
71.609 115
71.62911 99
71.64923 115
71.66934 109
71.68946 98
71.70957 121
71.72968 105
71.7498 94
71.76991 91
71.79002 90
71.81014 86
71.83025 109
71.85037 102
71.87048 100
71.89059 85
71.91071 104
71.93082 110
71.95093 95
71.97105 111
71.99116 109
72.01127 97
72.03139 108
72.0515 98
72.07162 98
72.09173 100
72.11184 89
72.13196 97
72.15207 112
72.17218 98
72.1923 96
72.21241 82
72.23253 80
72.25264 108
72.27275 90
72.29287 72
72.31298 111
72.33309 90
72.35321 101
72.37332 104
72.39344 114
72.41355 104
72.43366 112
72.45378 102
72.47389 104
72.494 91
72.51412 84
72.53423 95
72.55434 93
72.57446 107
72.59457 112
72.61469 104
72.6348 103
72.65491 121
72.67503 98
72.69514 87
72.71525 101
72.73537 99
72.75548 108
72.7756 111
72.79571 105
72.81582 86
72.83594 98
72.85605 102
72.87616 107
72.89628 120
72.91639 124
72.9365 118
72.95662 107
72.97673 131
72.99685 117
73.01696 126
73.03707 145
73.05719 151
73.0773 143
73.09741 142
73.11753 154
73.13764 143
73.15776 148
73.17787 177
73.19798 189
73.2181 207
73.23821 237
73.25832 268
73.27844 283
73.29855 327
73.31867 341
73.33878 391
73.35889 465
73.37901 479
73.39912 521
73.41923 503
73.43935 490
73.45946 462
73.47957 384
73.49969 334
73.5198 298
73.53992 289
73.56003 301
73.58014 286
73.60026 291
73.62037 275
73.64048 295
73.6606 242
73.68071 243
73.70083 194
73.72094 175
73.74105 150
73.76117 121
73.78128 126
73.80139 103
73.82151 114
73.84162 106
73.86174 105
73.88185 114
73.90196 131
73.92208 92
73.94219 106
73.9623 99
73.98242 115
74.00253 91
74.02264 99
74.04276 108
74.06287 97
74.08299 103
74.1031 105
74.12321 91
74.14333 105
74.16344 113
74.18355 91
74.20367 94
74.22378 97
74.2439 82
74.26401 105
74.28412 96
74.30424 76
74.32435 105
74.34446 109
74.36458 95
74.38469 94
74.40481 94
74.42492 93
74.44503 99
74.46515 116
74.48526 101
74.50537 115
74.52549 96
74.5456 120
74.56571 103
74.58583 97
74.60594 113
74.62606 102
74.64617 100
74.66628 120
74.6864 93
74.70651 118
74.72662 88
74.74674 109
74.76685 96
74.78697 101
74.80708 97
74.82719 110
74.84731 107
74.86742 112
74.88753 116
74.90765 115
74.92776 109
74.94787 130
74.96799 114
74.9881 102
75.00822 113
