3.00117 20459
3.02128 19445
3.0414 19179
3.06151 18699
3.08162 17793
3.10174 17816
3.12185 16778
3.14197 16720
3.16208 16154
3.18219 15932
3.20231 15340
3.22242 14919
3.24253 14683
3.26265 13942
3.28276 13506
3.30288 13064
3.32299 12523
3.3431 12308
3.36322 11584
3.38333 11500
3.40344 11260
3.42356 10557
3.44367 10483
3.46379 10037
3.4839 9746
3.50401 9561
3.52413 8938
3.54424 8580
3.56435 8193
3.58447 8220
3.60458 7892
3.62469 7363
3.64481 7273
3.66492 6872
3.68504 6693
3.70515 6409
3.72526 6006
3.74538 5994
3.76549 5703
3.7856 5336
3.80572 5359
3.82583 5077
3.84595 4796
3.86606 4497
3.88617 4449
3.90629 4311
3.9264 3910
3.94651 3813
3.96663 3515
3.98674 3539
4.00686 3557
4.02697 3120
4.04708 3137
4.0672 3074
4.08731 2822
4.10742 2792
4.12754 2514
4.14765 2481
4.16776 2444
4.18788 2338
4.20799 2287
4.22811 2012
4.24822 2106
4.26833 2032
4.28845 2001
4.30856 1895
4.32867 1706
4.34879 1750
4.3689 1616
4.38902 1610
4.40913 1677
4.42924 1440
4.44936 1555
4.46947 1411
4.48958 1422
4.5097 1550
4.52981 1244
4.54992 1332
4.57004 1268
4.59015 1278
4.61027 1263
4.63038 1167
4.65049 1172
4.67061 1145
4.69072 1098
4.71083 1052
4.73095 1052
4.75106 1063
4.77118 1004
4.79129 982
4.8114 1033
4.83152 916
4.85163 961
4.87174 885
4.89186 913
4.91197 877
4.93209 818
4.9522 750
4.97231 812
4.99243 785
5.01254 757
5.03265 705
5.05277 746
5.07288 735
5.09299 734
5.11311 703
5.13322 711
5.15334 700
5.17345 671
5.19356 632
5.21368 629
5.23379 562
5.2539 562
5.27402 560
5.29413 576
5.31425 548
5.33436 536
5.35447 538
5.37459 497
5.3947 489
5.41481 496
5.43493 517
5.45504 462
5.47516 489
5.49527 475
5.51538 434
5.5355 456
5.55561 414
5.57572 455
5.59584 432
5.61595 457
5.63606 410
5.65618 393
5.67629 437
5.69641 392
5.71652 383
5.73663 333
5.75675 378
5.77686 326
5.79697 357
5.81709 328
5.8372 340
5.85732 354
5.87743 334
5.89754 371
5.91766 318
5.93777 306
5.95788 305
5.978 292
5.99811 313
6.01823 299
6.03834 277
6.05845 311
6.07857 318
6.09868 289
6.11879 253
6.13891 314
6.15902 309
6.17913 287
6.19925 283
6.21936 277
6.23948 283
6.25959 303
6.2797 276
6.29982 266
6.31993 254
6.34004 295
6.36016 265
6.38027 283
6.40039 276
6.4205 254
6.44061 290
6.46073 262
6.48084 259
6.50095 284
6.52107 274
6.54118 234
6.56129 281
6.58141 263
6.60152 267
6.62164 243
6.64175 265
6.66186 251
6.68198 267
6.70209 261
6.7222 260
6.74232 269
6.76243 256
6.78255 250
6.80266 243
6.82277 251
6.84289 258
6.863 221
6.88311 248
6.90323 263
6.92334 281
6.94346 239
6.96357 240
6.98368 237
7.0038 225
7.02391 248
7.04402 272
7.06414 222
7.08425 267
7.10436 272
7.12448 227
7.14459 250
7.16471 255
7.18482 250
7.20493 289
7.22505 249
7.24516 259
7.26527 233
7.28539 247
7.3055 247
7.32562 222
7.34573 257
7.36584 263
7.38596 267
7.40607 232
7.42618 266
7.4463 265
7.46641 228
7.48653 232
7.50664 265
7.52675 235
7.54687 247
7.56698 233
7.58709 274
7.60721 254
7.62732 241
7.64743 251
7.66755 251
7.68766 228
7.70778 242
7.72789 276
7.748 275
7.76812 265
7.78823 273
7.80834 249
7.82846 250
7.84857 276
7.86869 247
7.8888 277
7.90891 271
7.92903 249
7.94914 236
7.96925 214
7.98937 249
8.00948 265
8.0296 285
8.04971 231
8.06982 263
8.08994 267
8.11005 246
8.13016 220
8.15028 249
8.17039 261
8.1905 243
8.21062 259
8.23073 276
8.25085 249
8.27096 254
8.29107 231
8.31119 258
8.3313 256
8.35141 250
8.37153 262
8.39164 279
8.41176 240
8.43187 250
8.45198 229
8.4721 263
8.49221 255
8.51232 252
8.53244 264
8.55255 268
8.57266 263
8.59278 280
8.61289 263
8.63301 260
8.65312 304
8.67323 282
8.69335 267
8.71346 253
8.73357 256
8.75369 284
8.7738 291
8.79392 290
8.81403 269
8.83414 282
8.85426 248
8.87437 280
8.89448 284
8.9146 270
8.93471 249
8.95483 257
8.97494 254
8.99505 263
9.01517 269
9.03528 251
9.05539 281
9.07551 237
9.09562 275
9.11573 263
9.13585 275
9.15596 261
9.17608 271
9.19619 249
9.2163 250
9.23642 227
9.25653 256
9.27664 235
9.29676 257
9.31687 242
9.33699 260
9.3571 260
9.37721 237
9.39733 251
9.41744 253
9.43755 259
9.45767 232
9.47778 242
9.4979 226
9.51801 267
9.53812 262
9.55824 245
9.57835 231
9.59846 204
9.61858 260
9.63869 238
9.6588 268
9.67892 256
9.69903 249
9.71915 235
9.73926 255
9.75937 268
9.77949 225
9.7996 237
9.81971 265
9.83983 274
9.85994 262
9.88006 263
9.90017 227
9.92028 240
9.9404 231
9.96051 234
9.98062 231
10.00074 230
10.02085 265
10.04097 263
10.06108 203
10.08119 236
10.10131 220
10.12142 248
10.14153 238
10.16165 246
10.18176 222
10.20187 222
10.22199 248
10.2421 270
10.26222 227
10.28233 285
10.30244 243
10.32256 225
10.34267 270
10.36278 246
10.3829 244
10.40301 234
10.42313 230
10.44324 279
10.46335 233
10.48347 252
10.50358 268
10.52369 249
10.54381 252
10.56392 257
10.58403 259
10.60415 245
10.62426 263
10.64438 273
10.66449 238
10.6846 240
10.70472 245
10.72483 244
10.74494 252
10.76506 260
10.78517 227
10.80529 258
10.8254 255
10.84551 251
10.86563 246
10.88574 238
10.90585 238
10.92597 261
10.94608 224
10.9662 222
10.98631 266
11.00642 265
11.02654 262
11.04665 246
11.06676 268
11.08688 226
11.10699 258
11.1271 250
11.14722 288
11.16733 261
11.18745 248
11.20756 256
11.22767 224
11.24779 239
11.2679 275
11.28801 249
11.30813 222
11.32824 243
11.34836 228
11.36847 240
11.38858 242
11.4087 234
11.42881 227
11.44892 284
11.46904 248
11.48915 263
11.50927 262
11.52938 260
11.54949 262
11.56961 244
11.58972 241
11.60983 239
11.62995 265
11.65006 230
11.67017 249
11.69029 275
11.7104 245
11.73052 252
11.75063 220
11.77074 275
11.79086 237
11.81097 250
11.83108 276
11.8512 239
11.87131 265
11.89143 284
11.91154 251
11.93165 252
11.95177 299
11.97188 256
11.99199 279
12.01211 229
12.03222 240
12.05234 248
12.07245 284
12.09256 252
12.11268 276
12.13279 296
12.1529 258
12.17302 298
12.19313 279
12.21324 301
12.23336 285
12.25347 288
12.27359 303
12.2937 290
12.31381 276
12.33393 294
12.35404 278
12.37415 276
12.39427 298
12.41438 276
12.4345 246
12.45461 239
12.47472 262
12.49484 258
12.51495 294
12.53506 251
12.55518 223
12.57529 252
12.5954 252
12.61552 252
12.63563 216
12.65575 246
12.67586 240
12.69597 252
12.71609 230
12.7362 242
12.75631 210
12.77643 252
12.79654 221
12.81666 236
12.83677 220
12.85688 217
12.877 209
12.89711 236
12.91722 240
12.93734 210
12.95745 264
12.97757 215
12.99768 230
13.01779 229
13.03791 257
13.05802 276
13.07813 259
13.09825 250
13.11836 266
13.13847 276
13.15859 277
13.1787 257
13.19882 254
13.21893 213
13.23904 262
13.25916 226
13.27927 216
13.29938 271
13.3195 235
13.33961 238
13.35973 235
13.37984 230
13.39995 234
13.42007 244
13.44018 232
13.46029 217
13.48041 238
13.50052 291
13.52064 253
13.54075 262
13.56086 272
13.58098 297
13.60109 328
13.6212 346
13.64132 362
13.66143 289
13.68154 315
13.70166 275
13.72177 272
13.74189 252
13.762 256
13.78211 261
13.80223 282
13.82234 272
13.84245 310
13.86257 268
13.88268 266
13.9028 262
13.92291 285
13.94302 257
13.96314 236
13.98325 201
14.00336 238
14.02348 229
14.04359 232
14.06371 227
14.08382 206
14.10393 237
14.12405 213
14.14416 209
14.16427 245
14.18439 213
14.2045 220
14.22461 223
14.24473 223
14.26484 207
14.28496 203
14.30507 181
14.32518 218
14.3453 244
14.36541 226
14.38552 226
14.40564 222
14.42575 230
14.44587 198
14.46598 191
14.48609 206
14.50621 203
14.52632 218
14.54643 194
14.56655 218
14.58666 215
14.60677 216
14.62689 197
14.647 195
14.66712 209
14.68723 212
14.70734 227
14.72746 202
14.74757 230
14.76768 210
14.7878 229
14.80791 239
14.82803 219
14.84814 237
14.86825 241
14.88837 246
14.90848 275
14.92859 292
14.94871 254
14.96882 228
14.98894 315
15.00905 252
15.02916 243
15.04928 251
15.06939 240
15.0895 245
15.10962 253
15.12973 257
15.14984 238
15.16996 230
15.19007 212
15.21019 218
15.2303 234
15.25041 255
15.27053 255
15.29064 195
15.31075 223
15.33087 201
15.35098 221
15.3711 202
15.39121 195
15.41132 201
15.43144 181
15.45155 213
15.47166 216
15.49178 185
15.51189 199
15.53201 214
15.55212 223
15.57223 224
15.59235 199
15.61246 220
15.63257 226
15.65269 198
15.6728 205
15.69291 205
15.71303 234
15.73314 193
15.75326 204
15.77337 193
15.79348 212
15.8136 217
15.83371 182
15.85382 212
15.87394 195
15.89405 187
15.91417 197
15.93428 201
15.95439 185
15.97451 204
15.99462 207
16.01473 211
16.03485 199
16.05496 195
16.07508 192
16.09519 213
16.1153 194
16.13542 199
16.15553 215
16.17564 213
16.19576 217
16.21587 191
16.23598 182
16.2561 181
16.27621 178
16.29633 204
16.31644 177
16.33655 198
16.35667 200
16.37678 217
16.39689 181
16.41701 180
16.43712 190
16.45724 211
16.47735 175
16.49746 194
16.51758 191
16.53769 200
16.5578 231
16.57792 185
16.59803 190
16.61814 192
16.63826 209
16.65837 197
16.67849 204
16.6986 185
16.71871 205
16.73883 198
16.75894 208
16.77905 189
16.79917 184
16.81928 184
16.8394 193
16.85951 208
16.87962 199
16.89974 184
16.91985 193
16.93996 188
16.96008 193
16.98019 230
17.00031 180
17.02042 204
17.04053 199
17.06065 169
17.08076 192
17.10087 198
17.12099 168
17.1411 217
17.16121 194
17.18133 159
17.20144 152
17.22156 215
17.24167 174
17.26178 182
17.2819 179
17.30201 184
17.32212 184
17.34224 199
17.36235 194
17.38247 182
17.40258 211
17.42269 198
17.44281 166
17.46292 203
17.48303 183
17.50315 187
17.52326 188
17.54338 191
17.56349 184
17.5836 183
17.60372 200
17.62383 203
17.64394 213
17.66406 208
17.68417 207
17.70428 198
17.7244 200
17.74451 206
17.76463 198
17.78474 195
17.80485 188
17.82497 192
17.84508 208
17.86519 201
17.88531 175
17.90542 177
17.92554 163
17.94565 174
17.96576 213
17.98588 199
18.00599 183
18.0261 197
18.04622 209
18.06633 211
18.08645 193
18.10656 200
18.12667 197
18.14679 188
18.1669 185
18.18701 206
18.20713 187
18.22724 190
18.24735 178
18.26747 226
18.28758 188
18.3077 197
18.32781 203
18.34792 225
18.36804 187
18.38815 202
18.40826 199
18.42838 186
18.44849 204
18.46861 177
18.48872 198
18.50883 222
18.52895 219
18.54906 183
18.56917 183
18.58929 204
18.6094 183
18.62951 195
18.64963 199
18.66974 195
18.68986 185
18.70997 192
18.73008 174
18.7502 204
18.77031 219
18.79042 225
18.81054 211
18.83065 228
18.85077 211
18.87088 211
18.89099 222
18.91111 217
18.93122 182
18.95133 230
18.97145 188
18.99156 219
19.01168 205
19.03179 219
19.0519 224
19.07202 206
19.09213 200
19.11224 216
19.13236 248
19.15247 216
19.17258 209
19.1927 242
19.21281 235
19.23293 240
19.25304 247
19.27315 291
19.29327 270
19.31338 246
19.33349 232
19.35361 238
19.37372 216
19.39384 241
19.41395 249
19.43406 217
19.45418 237
19.47429 245
19.4944 255
19.51452 238
19.53463 236
19.55475 258
19.57486 256
19.59497 228
19.61509 273
19.6352 263
19.65531 260
19.67543 299
19.69554 281
19.71565 286
19.73577 299
19.75588 320
19.776 345
19.79611 334
19.81622 358
19.83634 362
19.85645 313
19.87656 351
19.89668 389
19.91679 368
19.93691 328
19.95702 362
19.97713 333
19.99725 352
20.01736 281
20.03747 362
20.05759 323
20.0777 300
20.09782 366
20.11793 330
20.13804 287
20.15816 313
20.17827 327
20.19838 380
20.2185 325
20.23861 330
20.25872 310
20.27884 343
20.29895 334
20.31907 335
20.33918 326
20.35929 376
20.37941 360
20.39952 385
20.41963 371
20.43975 369
20.45986 394
20.47998 401
20.50009 376
20.5202 386
20.54032 418
20.56043 467
20.58054 439
20.60066 459
20.62077 479
20.64088 568
20.661 676
20.68111 884
20.70123 1095
20.72134 1418
20.74145 2001
20.76157 2561
20.78168 3499
20.80179 4268
20.82191 4983
20.84202 5161
20.86214 4788
20.88225 4038
20.90236 3072
20.92248 2196
20.94259 1681
20.9627 1297
20.98282 1238
21.00293 1142
21.02305 978
21.04316 955
21.06327 807
21.08339 706
21.1035 589
21.12361 488
21.14373 423
21.16384 379
21.18395 380
21.20407 385
21.22418 343
21.2443 341
21.26441 340
21.28452 353
21.30464 358
21.32475 340
21.34486 305
21.36498 340
21.38509 336
21.40521 265
21.42532 299
21.44543 262
21.46555 293
21.48566 269
21.50577 349
21.52589 317
21.546 279
21.56612 312
21.58623 297
21.60634 313
21.62646 313
21.64657 291
21.66668 285
21.6868 313
21.70691 307
21.72702 300
21.74714 292
21.76725 302
21.78737 297
21.80748 309
21.82759 324
21.84771 380
21.86782 384
21.88793 457
21.90805 482
21.92816 573
21.94828 619
21.96839 643
21.9885 718
22.00862 682
22.02873 615
22.04884 587
22.06896 481
22.08907 388
22.10919 346
22.1293 319
22.14941 315
22.16953 307
22.18964 349
22.20975 345
22.22987 352
22.24998 382
22.27009 433
22.29021 408
22.31032 382
22.33044 400
22.35055 365
22.37066 376
22.39078 345
22.41089 313
22.431 300
22.45112 326
22.47123 346
22.49135 361
22.51146 309
22.53157 345
22.55169 347
22.5718 337
22.59191 334
22.61203 293
22.63214 346
22.65225 340
22.67237 328
22.69248 280
22.7126 291
22.73271 292
22.75282 283
22.77294 262
22.79305 273
22.81316 299
22.83328 303
22.85339 327
22.87351 320
22.89362 341
22.91373 335
22.93385 356
22.95396 376
22.97407 374
22.99419 396
23.0143 370
23.03442 432
23.05453 384
23.07464 453
23.09476 428
23.11487 477
23.13498 527
23.1551 497
23.17521 531
23.19532 483
23.21544 511
23.23555 475
23.25567 468
23.27578 392
23.29589 402
23.31601 386
23.33612 417
23.35623 369
23.37635 379
23.39646 359
23.41658 395
23.43669 347
23.4568 375
23.47692 404
23.49703 448
23.51714 473
23.53726 445
23.55737 514
23.57749 509
23.5976 480
23.61771 457
23.63783 415
23.65794 466
23.67805 364
23.69817 368
23.71828 385
23.73839 364
23.75851 359
23.77862 392
23.79874 406
23.81885 402
23.83896 475
23.85908 468
23.87919 537
23.8993 558
23.91942 600
23.93953 658
23.95965 688
23.97976 674
23.99987 683
24.01999 603
24.0401 507
24.06021 505
24.08033 447
24.10044 414
24.12056 402
24.14067 418
24.16078 408
24.1809 439
24.20101 452
24.22112 480
24.24124 483
24.26135 568
24.28146 528
24.30158 502
24.32169 493
24.34181 459
24.36192 422
24.38203 410
24.40215 355
24.42226 361
24.44237 322
24.46249 328
24.4826 318
24.50272 324
24.52283 316
24.54294 291
24.56306 364
24.58317 319
24.60328 341
24.6234 307
24.64351 352
24.66362 394
24.68374 425
24.70385 371
24.72397 407
24.74408 366
24.76419 404
24.78431 404
24.80442 349
24.82453 352
24.84465 358
24.86476 379
24.88488 368
24.90499 392
24.9251 370
24.94522 339
24.96533 347
24.98544 332
25.00556 368
25.02567 310
25.04579 320
25.0659 318
25.08601 307
25.10613 303
25.12624 305
25.14635 306
25.16647 315
25.18658 313
25.20669 371
25.22681 364
25.24692 336
25.26704 383
25.28715 345
25.30726 337
25.32738 334
25.34749 387
25.3676 401
25.38772 419
25.40783 554
25.42795 509
25.44806 574
25.46817 664
25.48829 690
25.5084 728
25.52851 724
25.54863 808
25.56874 710
25.58886 779
25.60897 717
25.62908 745
25.6492 675
25.66931 659
25.68942 639
25.70954 598
25.72965 509
25.74976 487
25.76988 399
25.78999 411
25.81011 432
25.83022 447
25.85033 439
25.87045 420
25.89056 404
25.91067 426
25.93079 419
25.9509 433
25.97102 441
25.99113 471
26.01124 415
26.03136 480
26.05147 473
26.07158 548
26.0917 521
26.11181 548
26.13193 611
26.15204 576
26.17215 628
26.19227 666
26.21238 706
26.23249 820
26.25261 915
26.27272 960
26.29283 1023
26.31295 1144
26.33306 1196
26.35318 1414
26.37329 1715
26.3934 1940
26.41352 2336
26.43363 2849
26.45374 3669
26.47386 4706
26.49397 6477
26.51409 8759
26.5342 11983
26.55431 15304
26.57443 19242
26.59454 21764
26.61465 22723
26.63477 21175
26.65488 17572
26.67499 13709
26.69511 10099
26.71522 6998
26.73534 4273
26.75545 2711
26.77556 1781
26.79568 1400
26.81579 1256
26.8359 1188
26.85602 1132
26.87613 1119
26.89625 987
26.91636 969
26.93647 966
26.95659 1014
26.9767 1053
26.99681 1094
27.01693 1142
27.03704 1165
27.05716 1162
27.07727 1050
27.09738 985
27.1175 916
27.13761 780
27.15772 704
27.17784 730
27.19795 627
27.21806 721
27.23818 702
27.25829 699
27.27841 832
27.29852 874
27.31863 974
27.33875 1168
27.35886 1259
27.37897 1331
27.39909 1529
27.4192 1579
27.43932 1701
27.45943 1622
27.47954 1427
27.49966 1413
27.51977 1144
27.53988 1017
27.56 817
27.58011 752
27.60023 668
27.62034 610
27.64045 623
27.66057 675
27.68068 768
27.70079 830
27.72091 898
27.74102 914
27.76113 950
27.78125 953
27.80136 968
27.82148 895
27.84159 982
27.8617 1015
27.88182 1012
27.90193 1062
27.92204 1042
27.94216 1011
27.96227 964
27.98239 911
28.0025 754
28.02261 676
28.04273 615
28.06284 580
28.08295 535
28.10307 427
28.12318 478
28.1433 454
28.16341 471
28.18352 489
28.20364 435
28.22375 486
28.24386 473
28.26398 439
28.28409 393
28.3042 353
28.32432 408
28.34443 389
28.36455 325
28.38466 334
28.40477 289
28.42489 283
28.445 304
28.46511 310
28.48523 284
28.50534 293
28.52546 300
28.54557 276
28.56568 253
28.5858 289
28.60591 256
28.62602 278
28.64614 281
28.66625 264
28.68636 280
28.70648 250
28.72659 278
28.74671 254
28.76682 243
28.78693 283
28.80705 266
28.82716 268
28.84727 241
28.86739 275
28.8875 267
28.90762 243
28.92773 268
28.94784 258
28.96796 277
28.98807 220
29.00818 252
29.0283 245
29.04841 252
29.06853 242
29.08864 254
29.10875 275
29.12887 269
29.14898 261
29.16909 266
29.18921 258
29.20932 261
29.22943 257
29.24955 268
29.26966 280
29.28978 290
29.30989 291
29.33 370
29.35012 355
29.37023 412
29.39034 408
29.41046 464
29.43057 421
29.45069 441
29.4708 398
29.49091 420
29.51103 373
29.53114 405
29.55125 365
29.57137 336
29.59148 317
29.6116 344
29.63171 322
29.65182 341
29.67194 328
29.69205 324
29.71216 361
29.73228 355
29.75239 386
29.7725 329
29.79262 373
29.81273 415
29.83285 383
29.85296 370
29.87307 364
29.89319 379
29.9133 362
29.93341 364
29.95353 360
29.97364 384
29.99376 404
30.01387 389
30.03398 436
30.0541 445
30.07421 450
30.09432 457
30.11444 477
30.13455 496
30.15467 493
30.17478 525
30.19489 500
30.21501 496
30.23512 478
30.25523 477
30.27535 460
30.29546 447
30.31557 424
30.33569 434
30.3558 435
30.37592 406
30.39603 443
30.41614 427
30.43626 416
30.45637 446
30.47648 388
30.4966 341
30.51671 338
30.53683 337
30.55694 348
30.57705 339
30.59717 313
30.61728 389
30.63739 354
30.65751 415
30.67762 463
30.69773 498
30.71785 506
30.73796 468
30.75808 491
30.77819 486
30.7983 499
30.81842 499
30.83853 440
30.85864 421
30.87876 362
30.89887 354
30.91899 316
30.9391 315
30.95921 293
30.97933 261
30.99944 255
31.01955 251
31.03967 252
31.05978 258
31.0799 242
31.10001 245
31.12012 253
31.14024 234
31.16035 235
31.18046 272
31.20058 292
31.22069 272
31.2408 288
31.26092 289
31.28103 280
31.30115 291
31.32126 247
31.34137 287
31.36149 272
31.3816 252
31.40171 256
31.42183 254
31.44194 241
31.46206 257
31.48217 233
31.50228 255
31.5224 229
31.54251 264
31.56262 218
31.58274 229
31.60285 248
31.62297 226
31.64308 208
31.66319 219
31.68331 205
31.70342 245
31.72353 205
31.74365 211
31.76376 215
31.78387 224
31.80399 204
31.8241 198
31.84422 211
31.86433 230
31.88444 231
31.90456 242
31.92467 246
31.94478 221
31.9649 237
31.98501 233
32.00513 237
32.02524 257
32.04535 258
32.06547 279
32.08558 256
32.10569 279
32.12581 268
32.14592 249
32.16604 268
32.18615 296
32.20626 267
32.22638 264
32.24649 298
32.2666 284
32.28672 287
32.30683 281
32.32694 287
32.34706 302
32.36717 319
32.38729 286
32.4074 322
32.42751 299
32.44763 270
32.46774 287
32.48785 302
32.50797 273
32.52808 286
32.5482 256
32.56831 260
32.58842 217
32.60854 196
32.62865 223
32.64876 220
32.66888 211
32.68899 188
32.7091 198
32.72922 191
32.74933 202
32.76945 199
32.78956 189
32.80967 212
32.82979 181
32.8499 196
32.87001 190
32.89013 197
32.91024 229
32.93036 197
32.95047 220
32.97058 195
32.9907 211
33.01081 228
33.03092 240
33.05104 206
33.07115 213
33.09127 194
33.11138 207
33.13149 197
33.15161 211
33.17172 185
33.19183 215
33.21195 201
33.23206 207
33.25217 205
33.27229 205
33.2924 185
33.31252 175
33.33263 198
33.35274 219
33.37286 193
33.39297 216
33.41308 195
33.4332 208
33.45331 206
33.47343 188
33.49354 197
33.51365 184
33.53377 210
33.55388 194
33.57399 217
33.59411 221
33.61422 227
33.63434 188
33.65445 198
33.67456 193
33.69468 206
33.71479 195
33.7349 256
33.75502 230
33.77513 274
33.79524 241
33.81536 243
33.83547 247
33.85559 227
33.8757 252
33.89581 247
33.91593 232
33.93604 239
33.95615 207
33.97627 227
33.99638 205
34.0165 277
34.03661 262
34.05672 262
34.07684 318
34.09695 306
34.11706 325
34.13718 340
34.15729 399
34.17741 354
34.19752 392
34.21763 381
34.23775 377
34.25786 327
34.27797 353
34.29809 374
34.3182 339
34.33831 287
34.35843 281
34.37854 284
34.39866 296
34.41877 288
34.43888 312
34.459 288
34.47911 295
34.49922 306
34.51934 314
34.53945 283
34.55957 284
34.57968 331
34.59979 337
34.61991 325
34.64002 318
34.66013 334
34.68025 339
34.70036 313
34.72047 315
34.74059 319
34.7607 308
34.78082 326
34.80093 342
34.82104 333
34.84116 336
34.86127 373
34.88138 370
34.9015 382
34.92161 361
34.94173 377
34.96184 347
34.98195 382
35.00207 374
35.02218 340
35.04229 358
35.06241 372
35.08252 374
35.10264 379
35.12275 405
35.14286 359
35.16298 384
35.18309 404
35.2032 385
35.22332 376
35.24343 343
35.26354 340
35.28366 380
35.30377 410
35.32389 373
35.344 398
35.36411 407
35.38423 385
35.40434 357
35.42445 386
35.44457 403
35.46468 369
35.4848 421
35.50491 392
35.52502 432
35.54514 411
35.56525 390
35.58536 349
35.60548 358
35.62559 363
35.64571 333
35.66582 296
35.68593 295
35.70605 302
35.72616 287
35.74627 275
35.76639 282
35.7865 307
35.80661 289
35.82673 306
35.84684 293
35.86696 272
35.88707 270
35.90718 294
35.9273 274
35.94741 267
35.96752 281
35.98764 273
36.00775 282
36.02787 239
36.04798 265
36.06809 279
36.08821 285
36.10832 269
36.12843 299
36.14855 279
36.16866 288
36.18878 306
36.20889 304
36.229 319
36.24912 338
36.26923 328
36.28934 369
36.30946 404
36.32957 459
36.34968 508
36.3698 569
36.38991 696
36.41003 843
36.43014 1062
36.45025 1288
36.47037 1483
36.49048 1582
36.51059 1671
36.53071 1551
36.55082 1391
36.57094 1218
36.59105 1025
36.61116 859
36.63128 781
36.65139 587
36.6715 469
36.69162 406
36.71173 338
36.73184 306
36.75196 298
36.77207 319
36.79219 305
36.8123 316
36.83241 332
36.85253 331
36.87264 330
36.89275 326
36.91287 355
36.93298 386
36.9531 374
36.97321 328
36.99332 348
37.01344 300
37.03355 304
37.05366 332
37.07378 301
37.09389 280
37.11401 290
37.13412 286
37.15423 284
37.17435 283
37.19446 281
37.21457 269
37.23469 227
37.2548 271
37.27491 274
37.29503 245
37.31514 279
37.33526 239
37.35537 259
37.37548 268
37.3956 262
37.41571 265
37.43582 251
37.45594 261
37.47605 293
37.49617 268
37.51628 267
37.53639 276
37.55651 275
37.57662 307
37.59673 285
37.61685 248
37.63696 255
37.65708 276
37.67719 275
37.6973 248
37.71742 227
37.73753 261
37.75764 238
37.77776 230
37.79787 222
37.81798 228
37.8381 224
37.85821 206
37.87833 235
37.89844 240
37.91855 250
37.93867 226
37.95878 219
37.97889 222
37.99901 224
38.01912 227
38.03924 221
38.05935 224
38.07946 258
38.09958 212
38.11969 260
38.1398 266
38.15992 236
38.18003 230
38.20015 246
38.22026 218
38.24037 228
38.26049 236
38.2806 242
38.30071 241
38.32083 205
38.34094 251
38.36105 279
38.38117 240
38.40128 241
38.4214 306
38.44151 288
38.46162 285
38.48174 303
38.50185 289
38.52196 327
38.54208 330
38.56219 289
38.58231 286
38.60242 300
38.62253 298
38.64265 269
38.66276 251
38.68287 246
38.70299 231
38.7231 221
38.74321 236
38.76333 243
38.78344 230
38.80356 224
38.82367 205
38.84378 231
38.8639 255
38.88401 253
38.90412 253
38.92424 248
38.94435 253
38.96447 262
38.98458 269
39.00469 264
39.02481 266
39.04492 267
39.06503 294
39.08515 283
39.10526 293
39.12538 280
39.14549 308
39.1656 301
39.18572 339
39.20583 354
39.22594 374
39.24606 387
39.26617 433
39.28628 481
39.3064 614
39.32651 774
39.34663 888
39.36674 1104
39.38685 1343
39.40697 1437
39.42708 1507
39.44719 1475
39.46731 1287
39.48742 1103
39.50754 983
39.52765 953
39.54776 808
39.56788 669
39.58799 491
39.6081 395
39.62822 327
39.64833 290
39.66845 289
39.68856 248
39.70867 250
39.72879 242
39.7489 232
39.76901 229
39.78913 262
39.80924 234
39.82935 250
39.84947 254
39.86958 237
39.8897 264
39.90981 250
39.92992 256
39.95004 231
39.97015 251
39.99026 270
40.01038 274
40.03049 279
40.05061 285
40.07072 324
40.09083 339
40.11095 372
40.13106 413
40.15117 492
40.17129 572
40.1914 679
40.21152 737
40.23163 820
40.25174 829
40.27186 786
40.29197 756
40.31208 637
40.3322 590
40.35231 557
40.37242 470
40.39254 474
40.41265 348
40.43277 301
40.45288 301
40.47299 228
40.49311 279
40.51322 249
40.53333 237
40.55345 239
40.57356 209
40.59368 191
40.61379 220
40.6339 200
40.65402 223
40.67413 204
40.69424 189
40.71436 197
40.73447 213
40.75458 238
40.7747 221
40.79481 199
40.81493 221
40.83504 224
40.85515 222
40.87527 209
40.89538 214
40.91549 221
40.93561 221
40.95572 211
40.97584 236
40.99595 210
41.01606 192
41.03618 225
41.05629 221
41.0764 223
41.09652 223
41.11663 220
41.13675 220
41.15686 204
41.17697 219
41.19709 200
41.2172 215
41.23731 228
41.25743 242
41.27754 219
41.29765 229
41.31777 244
41.33788 225
41.358 223
41.37811 210
41.39822 219
41.41834 216
41.43845 221
41.45856 253
41.47868 276
41.49879 248
41.51891 243
41.53902 247
41.55913 240
41.57925 278
41.59936 285
41.61947 297
41.63959 298
41.6597 355
41.67982 379
41.69993 413
41.72004 432
41.74016 464
41.76027 469
41.78038 428
41.8005 445
41.82061 417
41.84072 392
41.86084 389
41.88095 327
41.90107 295
41.92118 303
41.94129 278
41.96141 287
41.98152 254
42.00163 263
42.02175 248
42.04186 250
42.06198 259
42.08209 254
42.1022 252
42.12232 278
42.14243 289
42.16254 302
42.18266 273
42.20277 305
42.22289 353
42.243 424
42.26311 409
42.28323 557
42.30334 619
42.32345 729
42.34357 813
42.36368 916
42.38379 1091
42.40391 1185
42.42402 1147
42.44414 1024
42.46425 945
42.48436 809
42.50448 717
42.52459 638
42.5447 561
42.56482 485
42.58493 440
42.60505 326
42.62516 289
42.64527 280
42.66539 239
42.6855 310
42.70561 280
42.72573 283
42.74584 295
42.76595 267
42.78607 298
42.80618 270
42.8263 281
42.84641 266
42.86652 234
42.88664 240
42.90675 230
42.92686 258
42.94698 251
42.96709 230
42.98721 213
43.00732 229
43.02743 211
43.04755 220
43.06766 228
43.08777 213
43.10789 240
43.128 219
43.14812 224
43.16823 227
43.18834 205
43.20846 226
43.22857 222
43.24868 224
43.2688 235
43.28891 224
43.30902 210
43.32914 223
43.34925 201
43.36937 213
43.38948 197
43.40959 240
43.42971 213
43.44982 210
43.46993 228
43.49005 231
43.51016 220
43.53028 243
43.55039 233
43.5705 226
43.59062 230
43.61073 246
43.63084 215
43.65096 212
43.67107 208
43.69119 199
43.7113 199
43.73141 207
43.75153 218
43.77164 193
43.79175 201
43.81187 207
43.83198 224
43.85209 182
43.87221 196
43.89232 221
43.91244 206
43.93255 212
43.95266 186
43.97278 189
43.99289 226
44.013 197
44.03312 209
44.05323 216
44.07335 202
44.09346 220
44.11357 216
44.13369 219
44.1538 218
44.17391 211
44.19403 194
44.21414 201
44.23426 206
44.25437 200
44.27448 211
44.2946 209
44.31471 196
44.33482 207
44.35494 200
44.37505 197
44.39516 195
44.41528 196
44.43539 186
44.45551 192
44.47562 202
44.49573 221
44.51585 222
44.53596 209
44.55607 218
44.57619 195
44.5963 212
44.61642 230
44.63653 197
44.65664 229
44.67676 215
44.69687 239
44.71698 194
44.7371 212
44.75721 207
44.77732 209
44.79744 179
44.81755 212
44.83767 206
44.85778 220
44.87789 232
44.89801 201
44.91812 209
44.93823 191
44.95835 218
44.97846 225
44.99858 223
45.01869 215
45.0388 225
45.05892 215
45.07903 228
45.09914 201
45.11926 207
45.13937 223
45.15949 201
45.1796 198
45.19971 229
45.21983 225
45.23994 210
45.26005 213
45.28017 212
45.30028 254
45.32039 233
45.34051 227
45.36062 261
45.38074 233
45.40085 272
45.42096 273
45.44108 273
45.46119 280
45.4813 286
45.50142 330
45.52153 310
45.54165 331
45.56176 383
45.58187 403
45.60199 434
45.6221 473
45.64221 547
45.66233 589
45.68244 653
45.70256 716
45.72267 777
45.74278 842
45.7629 828
45.78301 750
45.80312 667
45.82324 599
45.84335 543
45.86346 522
45.88358 492
45.90369 430
45.92381 353
45.94392 307
45.96403 274
45.98415 251
46.00426 261
46.02437 251
46.04449 235
46.0646 220
46.08472 184
46.10483 233
46.12494 230
46.14506 232
46.16517 240
46.18528 206
46.2054 227
46.22551 247
46.24563 230
46.26574 216
46.28585 206
46.30597 221
46.32608 189
46.34619 196
46.36631 202
46.38642 221
46.40653 193
46.42665 187
46.44676 211
46.46688 185
46.48699 175
46.5071 165
46.52722 185
46.54733 192
46.56744 183
46.58756 184
46.60767 219
46.62779 205
46.6479 164
46.66801 195
46.68813 197
46.70824 197
46.72835 177
46.74847 190
46.76858 177
46.78869 214
46.80881 224
46.82892 187
46.84904 218
46.86915 177
46.88926 189
46.90938 216
46.92949 228
46.9496 220
46.96972 195
46.98983 216
47.00995 227
47.03006 242
47.05017 270
47.07029 282
47.0904 254
47.11051 259
47.13063 248
47.15074 252
47.17086 238
47.19097 226
47.21108 221
47.2312 230
47.25131 197
47.27142 214
47.29154 205
47.31165 227
47.33176 205
47.35188 226
47.37199 223
47.39211 233
47.41222 246
47.43233 249
47.45245 252
47.47256 251
47.49267 240
47.51279 225
47.5329 229
47.55302 244
47.57313 230
47.59324 210
47.61336 229
47.63347 214
47.65358 226
47.6737 214
47.69381 204
47.71393 199
47.73404 205
47.75415 203
47.77427 202
47.79438 195
47.81449 217
47.83461 186
47.85472 190
47.87483 171
47.89495 192
47.91506 212
47.93518 208
47.95529 193
47.9754 192
47.99552 179
48.01563 224
48.03574 210
48.05586 204
48.07597 197
48.09609 187
48.1162 198
48.13631 210
48.15643 175
48.17654 201
48.19665 218
48.21677 212
48.23688 194
48.257 204
48.27711 205
48.29722 214
48.31734 190
48.33745 238
48.35756 207
48.37768 204
48.39779 168
48.4179 214
48.43802 198
48.45813 199
48.47825 205
48.49836 195
48.51847 189
48.53859 185
48.5587 202
48.57881 221
48.59893 200
48.61904 207
48.63916 207
48.65927 217
48.67938 200
48.6995 242
48.71961 247
48.73972 227
48.75984 262
48.77995 201
48.80006 231
48.82018 258
48.84029 241
48.86041 260
48.88052 258
48.90063 265
48.92075 273
48.94086 270
48.96097 261
48.98109 251
49.0012 271
49.02132 249
49.04143 238
49.06154 258
49.08166 245
49.10177 263
49.12188 258
49.142 263
49.16211 270
49.18223 265
49.20234 237
49.22245 253
49.24257 233
49.26268 238
49.28279 220
49.30291 213
49.32302 246
49.34313 203
49.36325 220
49.38336 218
49.40348 206
49.42359 228
49.4437 206
49.46382 202
49.48393 218
49.50404 194
49.52416 230
49.54427 200
49.56439 265
49.5845 250
49.60461 251
49.62473 261
49.64484 259
49.66495 265
49.68507 292
49.70518 312
49.7253 341
49.74541 308
49.76552 340
49.78564 367
49.80575 399
49.82586 431
49.84598 492
49.86609 539
49.8862 560
49.90632 628
49.92643 691
49.94655 809
49.96666 952
49.98677 1205
50.00689 1429
50.027 1702
50.04711 1922
50.06723 2197
50.08734 2359
50.10746 2264
50.12757 2135
50.14768 1735
50.1678 1497
50.18791 1346
50.20802 1293
50.22814 1180
50.24825 1114
50.26837 983
50.28848 716
50.30859 554
50.32871 411
50.34882 441
50.36893 383
50.38905 372
50.40916 370
50.42927 409
50.44939 472
50.4695 509
50.48962 504
50.50973 471
50.52984 484
50.54996 482
50.57007 480
50.59018 434
50.6103 471
50.63041 428
50.65053 397
50.67064 435
50.69075 379
50.71087 349
50.73098 345
50.75109 338
50.77121 330
50.79132 317
50.81143 313
50.83155 310
50.85166 262
50.87178 295
50.89189 301
50.912 267
50.93212 239
50.95223 246
50.97234 259
50.99246 253
51.01257 240
51.03269 212
51.0528 252
51.07291 238
51.09303 235
51.11314 222
51.13325 254
51.15337 264
51.17348 251
51.1936 259
51.21371 258
51.23382 260
51.25394 222
51.27405 248
51.29416 226
51.31428 248
51.33439 221
51.3545 205
51.37462 217
51.39473 204
51.41485 194
51.43496 219
51.45507 200
51.47519 211
51.4953 211
51.51541 204
51.53553 191
51.55564 208
51.57576 186
51.59587 172
51.61598 182
51.6361 166
51.65621 162
51.67632 184
51.69644 195
51.71655 193
51.73667 183
51.75678 182
51.77689 176
51.79701 180
51.81712 159
51.83723 164
51.85735 175
51.87746 169
51.89757 180
51.91769 177
51.9378 163
51.95792 173
51.97803 188
51.99814 157
52.01826 204
52.03837 187
52.05848 181
52.0786 178
52.09871 196
52.11883 203
52.13894 197
52.15905 193
52.17917 213
52.19928 196
52.21939 195
52.23951 204
52.25962 198
52.27974 201
52.29985 195
52.31996 181
52.34008 211
52.36019 192
52.3803 208
52.40042 198
52.42053 213
52.44064 209
52.46076 207
52.48087 183
52.50099 193
52.5211 168
52.54121 219
52.56133 209
52.58144 202
52.60155 199
52.62167 176
52.64178 181
52.6619 188
52.68201 226
52.70212 223
52.72224 225
52.74235 204
52.76246 222
52.78258 208
52.80269 216
52.8228 218
52.84292 222
52.86303 215
52.88315 181
52.90326 242
52.92337 210
52.94349 204
52.9636 223
52.98371 253
53.00383 223
53.02394 201
53.04406 194
53.06417 210
53.08428 198
53.1044 208
53.12451 210
53.14462 227
53.16474 221
53.18485 199
53.20497 225
53.22508 220
53.24519 214
53.26531 205
53.28542 204
53.30553 224
53.32565 221
53.34576 205
53.36587 218
53.38599 221
53.4061 186
53.42622 195
53.44633 195
53.46644 190
53.48656 198
53.50667 196
53.52678 210
53.5469 206
53.56701 224
53.58713 225
53.60724 205
53.62735 207
53.64747 162
53.66758 201
53.68769 201
53.70781 199
53.72792 228
53.74804 217
53.76815 208
53.78826 211
53.80838 210
53.82849 212
53.8486 202
53.86872 230
53.88883 229
53.90894 188
53.92906 212
53.94917 203
53.96929 205
53.9894 212
54.00951 222
54.02963 190
54.04974 229
54.06985 182
54.08997 201
54.11008 233
54.1302 260
54.15031 230
54.17042 206
54.19054 215
54.21065 232
54.23076 221
54.25088 242
54.27099 244
54.29111 217
54.31122 225
54.33133 228
54.35145 237
54.37156 256
54.39167 239
54.41179 238
54.4319 220
54.45201 238
54.47213 240
54.49224 253
54.51236 242
54.53247 274
54.55258 254
54.5727 262
54.59281 266
54.61292 266
54.63304 329
54.65315 325
54.67327 339
54.69338 397
54.71349 455
54.73361 549
54.75372 620
54.77383 705
54.79395 745
54.81406 826
54.83417 910
54.85429 804
54.8744 678
54.89452 586
54.91463 544
54.93474 503
54.95486 481
54.97497 519
54.99508 493
55.0152 441
55.03531 393
55.05543 344
55.07554 315
55.09565 325
55.11577 313
55.13588 320
55.15599 332
55.17611 351
55.19622 400
55.21634 400
55.23645 433
55.25656 457
55.27668 473
55.29679 472
55.3169 415
55.33702 410
55.35713 396
55.37724 329
55.39736 349
55.41747 355
55.43759 353
55.4577 339
55.47781 333
55.49793 290
55.51804 247
55.53815 253
55.55827 260
55.57838 233
55.5985 244
55.61861 218
55.63872 211
55.65884 213
55.67895 197
55.69906 212
55.71918 189
55.73929 210
55.75941 208
55.77952 187
55.79963 218
55.81975 207
55.83986 210
55.85997 208
55.88009 222
55.9002 200
55.92031 200
55.94043 186
55.96054 194
55.98066 208
56.00077 204
56.02088 163
56.041 198
56.06111 198
56.08122 221
56.10134 210
56.12145 182
56.14157 195
56.16168 200
56.18179 202
56.20191 202
56.22202 212
56.24213 190
56.26225 162
56.28236 180
56.30248 200
56.32259 175
56.3427 170
56.36282 180
56.38293 187
56.40304 184
56.42316 201
56.44327 177
56.46338 205
56.4835 187
56.50361 191
56.52373 161
56.54384 187
56.56395 195
56.58407 182
56.60418 207
56.62429 202
56.64441 189
56.66452 210
56.68464 192
56.70475 194
56.72486 214
56.74498 193
56.76509 215
56.7852 194
56.80532 202
56.82543 180
56.84554 199
56.86566 197
56.88577 216
56.90589 166
56.926 159
56.94611 194
56.96623 176
56.98634 202
57.00645 190
57.02657 187
57.04668 212
57.0668 206
57.08691 186
57.10702 227
57.12714 203
57.14725 220
57.16736 204
57.18748 222
57.20759 216
57.22771 200
57.24782 215
57.26793 198
57.28805 200
57.30816 226
57.32827 214
57.34839 196
57.3685 203
57.38861 230
57.40873 216
57.42884 230
57.44896 213
57.46907 201
57.48918 207
57.5093 186
57.52941 195
57.54952 198
57.56964 204
57.58975 216
57.60987 209
57.62998 190
57.65009 191
57.67021 213
57.69032 172
57.71043 192
57.73055 184
57.75066 185
57.77078 186
57.79089 174
57.811 189
57.83112 201
57.85123 200
57.87134 174
57.89146 181
57.91157 170
57.93168 155
57.9518 174
57.97191 193
57.99203 187
58.01214 185
58.03225 177
58.05237 222
58.07248 205
58.09259 177
58.11271 213
58.13282 189
58.15294 181
58.17305 214
58.19316 184
58.21328 197
58.23339 163
58.2535 199
58.27362 224
58.29373 189
58.31385 173
58.33396 183
58.35407 203
58.37419 182
58.3943 212
58.41441 185
58.43453 206
58.45464 202
58.47475 224
58.49487 199
58.51498 206
58.5351 213
58.55521 193
58.57532 246
58.59544 213
58.61555 224
58.63566 237
58.65578 205
58.67589 203
58.69601 232
58.71612 216
58.73623 209
58.75635 218
58.77646 187
58.79657 190
58.81669 196
58.8368 220
58.85691 185
58.87703 178
58.89714 206
58.91726 157
58.93737 166
58.95748 192
58.9776 162
58.99771 173
59.01782 182
59.03794 172
59.05805 184
59.07817 185
59.09828 206
59.11839 197
59.13851 165
59.15862 189
59.17873 185
59.19885 203
59.21896 216
59.23908 167
59.25919 191
59.2793 204
59.29942 196
59.31953 208
59.33964 226
59.35976 207
59.37987 204
59.39998 224
59.4201 228
59.44021 236
59.46033 224
59.48044 250
59.50055 238
59.52067 264
59.54078 246
59.56089 282
59.58101 281
59.60112 290
59.62124 280
59.64135 354
59.66146 351
59.68158 384
59.70169 446
59.7218 444
59.74192 578
59.76203 687
59.78215 754
59.80226 923
59.82237 1040
59.84249 1166
59.8626 1380
59.88271 1514
59.90283 1447
59.92294 1573
59.94305 1401
59.96317 1195
59.98328 969
60.0034 857
60.02351 880
60.04362 930
60.06374 891
60.08385 804
60.10396 729
60.12408 604
60.14419 453
60.16431 431
60.18442 317
60.20453 290
60.22465 280
60.24476 269
60.26487 234
60.28499 251
60.3051 229
60.32522 229
60.34533 250
60.36544 223
60.38556 213
60.40567 193
60.42578 211
60.4459 229
60.46601 227
60.48612 219
60.50624 185
60.52635 206
60.54647 179
60.56658 202
60.58669 210
60.60681 219
60.62692 196
60.64703 213
60.66715 204
60.68726 193
60.70738 187
60.72749 214
60.7476 177
60.76772 233
60.78783 202
60.80794 203
60.82806 200
60.84817 208
60.86828 201
60.8884 203
60.90851 212
60.92863 211
60.94874 209
60.96885 213
60.98897 224
61.00908 224
61.02919 232
61.04931 235
61.06942 235
61.08954 245
61.10965 206
61.12976 266
61.14988 214
61.16999 242
61.1901 245
61.21022 249
61.23033 216
61.25045 225
61.27056 212
61.29067 254
61.31079 221
61.3309 221
61.35101 224
61.37113 229
61.39124 215
61.41135 215
61.43147 219
61.45158 199
61.4717 220
61.49181 197
61.51192 214
61.53204 200
61.55215 214
61.57226 213
61.59238 216
61.61249 219
61.63261 230
61.65272 239
61.67283 212
61.69295 212
61.71306 221
61.73317 234
61.75329 220
61.7734 189
61.79352 188
61.81363 204
61.83374 218
61.85386 205
61.87397 221
61.89408 219
61.9142 193
61.93431 231
61.95442 225
61.97454 207
61.99465 230
62.01477 228
62.03488 223
62.05499 196
62.07511 226
62.09522 212
62.11533 215
62.13545 199
62.15556 201
62.17568 198
62.19579 237
62.2159 194
62.23602 199
62.25613 236
62.27624 211
62.29636 197
62.31647 213
62.33659 219
62.3567 225
62.37681 193
62.39693 191
62.41704 215
62.43715 209
62.45727 234
62.47738 215
62.49749 270
62.51761 227
62.53772 214
62.55784 221
62.57795 211
62.59806 215
62.61818 221
62.63829 208
62.6584 225
62.67852 235
62.69863 221
62.71875 193
62.73886 202
62.75897 237
62.77909 203
62.7992 229
62.81931 197
62.83943 201
62.85954 195
62.87965 211
62.89977 194
62.91988 207
62.94 230
62.96011 218
62.98022 244
63.00034 227
63.02045 222
63.04056 217
63.06068 211
63.08079 236
63.10091 212
63.12102 228
63.14113 208
63.16125 235
63.18136 229
63.20147 271
63.22159 224
63.2417 214
63.26182 204
63.28193 231
63.30204 206
63.32216 211
63.34227 214
63.36238 223
63.3825 215
63.40261 197
63.42272 203
63.44284 198
63.46295 201
63.48307 202
63.50318 233
63.52329 188
63.54341 207
63.56352 204
63.58363 239
63.60375 224
63.62386 226
63.64398 243
63.66409 254
63.6842 244
63.70432 270
63.72443 278
63.74454 292
63.76466 287
63.78477 325
63.80489 294
63.825 360
63.84511 345
63.86523 388
63.88534 378
63.90545 406
63.92557 445
63.94568 487
63.96579 459
63.98591 479
64.00602 519
64.02614 460
64.04625 390
64.06636 364
64.08648 332
64.10659 347
64.1267 319
64.14682 342
64.16693 323
64.18705 321
64.20716 294
64.22727 250
64.24739 240
64.2675 219
64.28761 184
64.30773 216
64.32784 196
64.34796 177
64.36807 188
64.38818 202
64.4083 189
64.42841 197
64.44852 202
64.46864 199
64.48875 177
64.50886 179
64.52898 177
64.54909 212
64.56921 179
64.58932 175
64.60943 179
64.62955 195
64.64966 162
64.66977 184
64.68989 179
64.71 183
64.73012 197
64.75023 192
64.77034 186
64.79046 184
64.81057 180
64.83068 180
64.8508 166
64.87091 157
64.89102 188
64.91114 200
64.93125 210
64.95137 191
64.97148 222
64.99159 229
65.01171 214
65.03182 179
65.05193 208
65.07205 197
65.09216 208
65.11228 208
65.13239 192
65.1525 184
65.17262 211
65.19273 234
65.21284 234
65.23296 196
65.25307 231
65.27319 218
65.2933 218
65.31341 184
65.33353 217
65.35364 245
65.37375 200
65.39387 229
65.41398 211
65.43409 245
65.45421 228
65.47432 203
65.49444 215
65.51455 234
65.53466 237
65.55478 215
65.57489 205
65.595 188
65.61512 222
65.63523 207
65.65535 223
65.67546 231
65.69557 214
65.71569 227
65.7358 233
65.75591 194
65.77603 216
65.79614 199
65.81626 207
65.83637 199
65.85648 206
65.8766 211
65.89671 199
65.91682 190
65.93694 212
65.95705 212
65.97716 194
65.99728 199
66.01739 183
66.03751 224
66.05762 194
66.07773 220
66.09785 196
66.11796 194
66.13807 224
66.15819 220
66.1783 219
66.19842 193
66.21853 208
66.23864 195
66.25876 228
66.27887 217
66.29898 210
66.3191 203
66.33921 224
66.35933 217
66.37944 233
66.39955 204
66.41967 208
66.43978 216
66.45989 227
66.48001 198
66.50012 207
66.52023 199
66.54035 187
66.56046 196
66.58058 188
66.60069 201
66.6208 173
66.64092 209
66.66103 181
66.68114 189
66.70126 193
66.72137 193
66.74149 201
66.7616 202
66.78171 189
66.80183 194
66.82194 196
66.84205 183
66.86217 219
66.88228 194
66.90239 215
66.92251 207
66.94262 181
66.96274 192
66.98285 205
67.00296 198
67.02308 203
67.04319 224
67.0633 230
67.08342 227
67.10353 228
67.12365 218
67.14376 239
67.16387 220
67.18399 212
67.2041 238
67.22421 216
67.24433 218
67.26444 257
67.28456 244
67.30467 222
67.32478 261
67.3449 259
67.36501 225
67.38512 264
67.40524 264
67.42535 289
67.44546 318
67.46558 324
67.48569 350
67.50581 391
67.52592 406
67.54603 468
67.56615 519
67.58626 630
67.60637 755
67.62649 782
67.6466 921
67.66672 983
67.68683 977
67.70694 960
67.72706 873
67.74717 805
67.76728 712
67.7874 670
67.80751 630
67.82763 700
67.84774 718
67.86785 709
67.88797 797
67.90808 809
67.92819 721
67.94831 716
67.96842 779
67.98853 816
68.00865 929
68.02876 1024
68.04888 1072
68.06899 1223
68.0891 1265
68.10922 1324
68.12933 1231
68.14944 1131
68.16956 1050
68.18967 1049
68.20979 1044
68.2299 1127
68.25001 1209
68.27013 1217
68.29024 1171
68.31035 1032
68.33047 887
68.35058 724
68.3707 623
68.39081 555
68.41092 542
68.43104 543
68.45115 518
68.47126 491
68.49138 431
68.51149 360
68.5316 323
68.55172 266
68.57183 276
68.59195 242
68.61206 226
68.63217 220
68.65229 242
68.6724 220
68.69251 219
68.71263 210
68.73274 238
68.75286 194
68.77297 193
68.79308 218
68.8132 212
68.83331 182
68.85342 213
68.87354 201
68.89365 181
68.91376 199
68.93388 195
68.95399 212
68.97411 212
68.99422 191
69.01433 191
69.03445 203
69.05456 191
69.07467 190
69.09479 169
69.1149 196
69.13502 164
69.15513 188
69.17524 195
69.19536 213
69.21547 215
69.23558 196
69.2557 196
69.27581 176
69.29593 195
69.31604 205
69.33615 205
69.35627 178
69.37638 203
69.39649 208
69.41661 181
69.43672 175
69.45683 185
69.47695 199
69.49706 174
69.51718 161
69.53729 186
69.5574 161
69.57752 191
69.59763 167
69.61774 181
69.63786 181
69.65797 199
69.67809 166
69.6982 189
69.71831 209
69.73843 187
69.75854 177
69.77865 192
69.79877 196
69.81888 200
69.839 180
69.85911 204
69.87922 187
69.89934 167
69.91945 207
69.93956 208
69.95968 167
69.97979 173
69.9999 167
70.02002 188
70.04013 175
70.06025 210
70.08036 201
70.10047 167
70.12059 179
70.1407 167
70.16081 188
70.18093 169
70.20104 161
70.22116 173
70.24127 175
70.26138 137
70.2815 157
70.30161 177
70.32172 168
70.34184 171
70.36195 171
70.38207 177
70.40218 165
70.42229 170
70.44241 172
70.46252 180
70.48263 197
70.50275 176
70.52286 174
70.54297 180
70.56309 189
70.5832 190
70.60332 175
70.62343 157
70.64354 196
70.66366 171
70.68377 187
70.70388 183
70.724 188
70.74411 179
70.76423 201
70.78434 198
70.80445 178
70.82457 172
70.84468 188
70.86479 177
70.88491 165
70.90502 180
70.92513 177
70.94525 177
70.96536 204
70.98548 170
71.00559 168
71.0257 180
71.04582 178
71.06593 167
71.08604 187
71.10616 161
71.12627 181
71.14639 185
71.1665 170
71.18661 188
71.20673 167
71.22684 168
71.24695 168
71.26707 175
71.28718 197
71.3073 176
71.32741 176
71.34752 180
71.36764 175
71.38775 181
71.40786 206
71.42798 176
71.44809 197
71.4682 207
71.48832 183
71.50843 204
71.52855 203
71.54866 198
71.56877 208
71.58889 210
71.609 196
71.62911 173
71.64923 205
71.66934 174
71.68946 211
71.70957 180
71.72968 211
71.7498 174
71.76991 189
71.79002 186
71.81014 192
71.83025 186
71.85037 185
71.87048 186
71.89059 163
71.91071 168
71.93082 188
71.95093 201
71.97105 198
71.99116 161
72.01127 183
72.03139 180
72.0515 201
72.07162 187
72.09173 188
72.11184 199
72.13196 179
72.15207 201
72.17218 215
72.1923 215
72.21241 205
72.23253 208
72.25264 203
72.27275 180
72.29287 209
72.31298 218
72.33309 199
72.35321 207
72.37332 191
72.39344 198
72.41355 183
72.43366 197
72.45378 180
72.47389 189
72.494 195
72.51412 191
72.53423 182
72.55434 182
72.57446 175
72.59457 178
72.61469 188
72.6348 180
72.65491 160
72.67503 216
72.69514 166
72.71525 185
72.73537 189
72.75548 206
72.7756 206
72.79571 205
72.81582 187
72.83594 192
72.85605 187
72.87616 188
72.89628 213
72.91639 220
72.9365 212
72.95662 202
72.97673 213
72.99685 190
73.01696 175
73.03707 238
73.05719 227
73.0773 218
73.09741 186
73.11753 233
73.13764 266
73.15776 247
73.17787 244
73.19798 238
73.2181 213
73.23821 247
73.25832 251
73.27844 287
73.29855 337
73.31867 380
73.33878 398
73.35889 402
73.37901 462
73.39912 487
73.41923 468
73.43935 470
73.45946 396
73.47957 367
73.49969 304
73.5198 292
73.53992 304
73.56003 288
73.58014 320
73.60026 365
73.62037 352
73.64048 353
73.6606 351
73.68071 259
73.70083 269
73.72094 241
73.74105 205
73.76117 228
73.78128 215
73.80139 211
73.82151 191
73.84162 200
73.86174 238
73.88185 212
73.90196 187
73.92208 176
73.94219 208
73.9623 174
73.98242 173
74.00253 197
74.02264 165
74.04276 185
74.06287 194
74.08299 191
74.1031 201
74.12321 188
74.14333 196
74.16344 197
74.18355 198
74.20367 173
74.22378 200
74.2439 176
74.26401 202
74.28412 168
74.30424 172
74.32435 200
74.34446 222
74.36458 214
74.38469 177
74.40481 200
74.42492 183
74.44503 165
74.46515 179
74.48526 191
74.50537 179
74.52549 174
74.5456 191
74.56571 181
74.58583 213
74.60594 194
74.62606 196
74.64617 185
74.66628 204
74.6864 205
74.70651 203
74.72662 187
74.74674 192
74.76685 178
74.78697 195
74.80708 187
74.82719 208
74.84731 190
74.86742 214
74.88753 202
74.90765 184
74.92776 210
74.94787 221
74.96799 221
74.9881 182
75.00822 199
