3.00117 20900
3.02128 19949
3.0414 19921
3.06151 19537
3.08162 18854
3.10174 18252
3.12185 17726
3.14197 17558
3.16208 16631
3.18219 16526
3.20231 16244
3.22242 14883
3.24253 15212
3.26265 14488
3.28276 13810
3.30288 13549
3.32299 13030
3.3431 13063
3.36322 12347
3.38333 11917
3.40344 11520
3.42356 11065
3.44367 11060
3.46379 10561
3.4839 10147
3.50401 9812
3.52413 9457
3.54424 9216
3.56435 8719
3.58447 8634
3.60458 8132
3.62469 7812
3.64481 7609
3.66492 7541
3.68504 6937
3.70515 6943
3.72526 6347
3.74538 6219
3.76549 6005
3.7856 5832
3.80572 5341
3.82583 5130
3.84595 5136
3.86606 4771
3.88617 4607
3.90629 4407
3.9264 4198
3.94651 4153
3.96663 3956
3.98674 3594
4.00686 3639
4.02697 3214
4.04708 3344
4.0672 3063
4.08731 2939
4.10742 2738
4.12754 2591
4.14765 2660
4.16776 2504
4.18788 2367
4.20799 2257
4.22811 2092
4.24822 2171
4.26833 2020
4.28845 1912
4.30856 1797
4.32867 1761
4.34879 1831
4.3689 1724
4.38902 1567
4.40913 1562
4.42924 1444
4.44936 1531
4.46947 1466
4.48958 1233
4.5097 1267
4.52981 1280
4.54992 1327
4.57004 1288
4.59015 1200
4.61027 1186
4.63038 1147
4.65049 1202
4.67061 1135
4.69072 980
4.71083 1093
4.73095 955
4.75106 980
4.77118 1047
4.79129 854
4.8114 911
4.83152 802
4.85163 920
4.87174 889
4.89186 804
4.91197 820
4.93209 767
4.9522 758
4.97231 762
4.99243 707
5.01254 713
5.03265 674
5.05277 723
5.07288 673
5.09299 628
5.11311 610
5.13322 632
5.15334 641
5.17345 595
5.19356 585
5.21368 582
5.23379 532
5.2539 500
5.27402 497
5.29413 476
5.31425 499
5.33436 481
5.35447 447
5.37459 418
5.3947 415
5.41481 413
5.43493 441
5.45504 394
5.47516 409
5.49527 413
5.51538 379
5.5355 374
5.55561 374
5.57572 341
5.59584 333
5.61595 368
5.63606 366
5.65618 349
5.67629 340
5.69641 316
5.71652 320
5.73663 340
5.75675 317
5.77686 291
5.79697 257
5.81709 303
5.8372 277
5.85732 239
5.87743 262
5.89754 289
5.91766 248
5.93777 263
5.95788 257
5.978 232
5.99811 254
6.01823 227
6.03834 242
6.05845 222
6.07857 262
6.09868 236
6.11879 219
6.13891 226
6.15902 247
6.17913 228
6.19925 221
6.21936 231
6.23948 241
6.25959 227
6.2797 219
6.29982 226
6.31993 228
6.34004 211
6.36016 214
6.38027 208
6.40039 236
6.4205 202
6.44061 228
6.46073 215
6.48084 219
6.50095 184
6.52107 189
6.54118 200
6.56129 205
6.58141 219
6.60152 203
6.62164 202
6.64175 189
6.66186 169
6.68198 188
6.70209 218
6.7222 175
6.74232 201
6.76243 211
6.78255 179
6.80266 205
6.82277 175
6.84289 177
6.863 213
6.88311 200
6.90323 177
6.92334 182
6.94346 198
6.96357 193
6.98368 159
7.0038 164
7.02391 162
7.04402 170
7.06414 183
7.08425 174
7.10436 171
7.12448 202
7.14459 207
7.16471 207
7.18482 211
7.20493 181
7.22505 183
7.24516 187
7.26527 195
7.28539 182
7.3055 184
7.32562 193
7.34573 198
7.36584 179
7.38596 192
7.40607 195
7.42618 212
7.4463 154
7.46641 185
7.48653 182
7.50664 195
7.52675 190
7.54687 200
7.56698 195
7.58709 191
7.60721 174
7.62732 190
7.64743 211
7.66755 203
7.68766 181
7.70778 216
7.72789 194
7.748 201
7.76812 221
7.78823 226
7.80834 182
7.82846 201
7.84857 200
7.86869 203
7.8888 194
7.90891 224
7.92903 191
7.94914 193
7.96925 182
7.98937 219
8.00948 184
8.0296 199
8.04971 196
8.06982 226
8.08994 184
8.11005 200
8.13016 216
8.15028 182
8.17039 203
8.1905 205
8.21062 218
8.23073 209
8.25085 201
8.27096 231
8.29107 185
8.31119 178
8.3313 222
8.35141 179
8.37153 211
8.39164 213
8.41176 205
8.43187 228
8.45198 210
8.4721 222
8.49221 216
8.51232 210
8.53244 237
8.55255 216
8.57266 218
8.59278 210
8.61289 209
8.63301 218
8.65312 217
8.67323 205
8.69335 252
8.71346 235
8.73357 204
8.75369 237
8.7738 230
8.79392 188
8.81403 227
8.83414 198
8.85426 205
8.87437 237
8.89448 212
8.9146 220
8.93471 241
8.95483 233
8.97494 207
8.99505 227
9.01517 240
9.03528 236
9.05539 210
9.07551 187
9.09562 205
9.11573 217
9.13585 216
9.15596 192
9.17608 197
9.19619 234
9.2163 243
9.23642 205
9.25653 220
9.27664 229
9.29676 218
9.31687 229
9.33699 233
9.3571 239
9.37721 222
9.39733 235
9.41744 215
9.43755 221
9.45767 240
9.47778 218
9.4979 209
9.51801 206
9.53812 229
9.55824 199
9.57835 204
9.59846 214
9.61858 188
9.63869 214
9.6588 229
9.67892 209
9.69903 208
9.71915 224
9.73926 209
9.75937 217
9.77949 229
9.7996 248
9.81971 188
9.83983 205
9.85994 226
9.88006 177
9.90017 222
9.92028 216
9.9404 211
9.96051 217
9.98062 241
10.00074 215
10.02085 220
10.04097 201
10.06108 220
10.08119 211
10.10131 214
10.12142 223
10.14153 248
10.16165 205
10.18176 227
10.20187 227
10.22199 219
10.2421 246
10.26222 216
10.28233 240
10.30244 251
10.32256 223
10.34267 228
10.36278 195
10.3829 197
10.40301 194
10.42313 220
10.44324 251
10.46335 247
10.48347 227
10.50358 239
10.52369 243
10.54381 211
10.56392 212
10.58403 249
10.60415 226
10.62426 240
10.64438 236
10.66449 233
10.6846 234
10.70472 211
10.72483 224
10.74494 221
10.76506 211
10.78517 228
10.80529 221
10.8254 231
10.84551 225
10.86563 230
10.88574 221
10.90585 213
10.92597 225
10.94608 212
10.9662 207
10.98631 226
11.00642 225
11.02654 230
11.04665 243
11.06676 245
11.08688 259
11.10699 242
11.1271 222
11.14722 225
11.16733 275
11.18745 203
11.20756 228
11.22767 215
11.24779 213
11.2679 200
11.28801 210
11.30813 228
11.32824 229
11.34836 188
11.36847 204
11.38858 232
11.4087 199
11.42881 223
11.44892 215
11.46904 222
11.48915 253
11.50927 224
11.52938 243
11.54949 218
11.56961 213
11.58972 201
11.60983 225
11.62995 204
11.65006 249
11.67017 228
11.69029 217
11.7104 218
11.73052 238
11.75063 252
11.77074 231
11.79086 238
11.81097 230
11.83108 234
11.8512 253
11.87131 230
11.89143 215
11.91154 251
11.93165 257
11.95177 265
11.97188 246
11.99199 242
12.01211 216
12.03222 240
12.05234 222
12.07245 243
12.09256 246
12.11268 304
12.13279 273
12.1529 275
12.17302 274
12.19313 256
12.21324 297
12.23336 297
12.25347 305
12.27359 327
12.2937 269
12.31381 316
12.33393 294
12.35404 291
12.37415 256
12.39427 297
12.41438 276
12.4345 312
12.45461 277
12.47472 278
12.49484 253
12.51495 220
12.53506 227
12.55518 245
12.57529 229
12.5954 239
12.61552 222
12.63563 214
12.65575 247
12.67586 216
12.69597 242
12.71609 225
12.7362 230
12.75631 201
12.77643 222
12.79654 187
12.81666 192
12.83677 201
12.85688 194
12.877 207
12.89711 209
12.91722 206
12.93734 196
12.95745 219
12.97757 195
12.99768 199
13.01779 216
13.03791 216
13.05802 205
13.07813 208
13.09825 221
13.11836 235
13.13847 220
13.15859 227
13.1787 215
13.19882 238
13.21893 211
13.23904 192
13.25916 214
13.27927 192
13.29938 196
13.3195 204
13.33961 213
13.35973 193
13.37984 196
13.39995 181
13.42007 185
13.44018 171
13.46029 171
13.48041 195
13.50052 186
13.52064 185
13.54075 195
13.56086 203
13.58098 181
13.60109 177
13.6212 211
13.64132 199
13.66143 193
13.68154 199
13.70166 181
13.72177 190
13.74189 188
13.762 189
13.78211 210
13.80223 189
13.82234 190
13.84245 179
13.86257 219
13.88268 192
13.9028 202
13.92291 198
13.94302 220
13.96314 173
13.98325 188
14.00336 194
14.02348 187
14.04359 156
14.06371 186
14.08382 194
14.10393 181
14.12405 205
14.14416 208
14.16427 168
14.18439 163
14.2045 182
14.22461 185
14.24473 223
14.26484 227
14.28496 205
14.30507 194
14.32518 189
14.3453 190
14.36541 190
14.38552 175
14.40564 223
14.42575 189
14.44587 177
14.46598 173
14.48609 174
14.50621 171
14.52632 172
14.54643 195
14.56655 187
14.58666 170
14.60677 175
14.62689 172
14.647 178
14.66712 184
14.68723 183
14.70734 190
14.72746 194
14.74757 176
14.76768 174
14.7878 157
14.80791 178
14.82803 182
14.84814 187
14.86825 191
14.88837 156
14.90848 181
14.92859 180
14.94871 172
14.96882 205
14.98894 173
15.00905 187
15.02916 175
15.04928 181
15.06939 180
15.0895 206
15.10962 207
15.12973 187
15.14984 186
15.16996 162
15.19007 170
15.21019 182
15.2303 171
15.25041 174
15.27053 206
15.29064 166
15.31075 164
15.33087 155
15.35098 153
15.3711 166
15.39121 169
15.41132 182
15.43144 187
15.45155 178
15.47166 197
15.49178 150
15.51189 182
15.53201 171
15.55212 136
15.57223 178
15.59235 190
15.61246 164
15.63257 183
15.65269 171
15.6728 188
15.69291 182
15.71303 189
15.73314 177
15.75326 179
15.77337 185
15.79348 180
15.8136 187
15.83371 175
15.85382 171
15.87394 157
15.89405 192
15.91417 170
15.93428 203
15.95439 185
15.97451 170
15.99462 158
16.01473 166
16.03485 167
16.05496 165
16.07508 182
16.09519 169
16.1153 174
16.13542 170
16.15553 176
16.17564 177
16.19576 218
16.21587 167
16.23598 196
16.2561 200
16.27621 169
16.29633 181
16.31644 179
16.33655 169
16.35667 181
16.37678 151
16.39689 147
16.41701 177
16.43712 168
16.45724 166
16.47735 148
16.49746 186
16.51758 161
16.53769 151
16.5578 165
16.57792 144
16.59803 168
16.61814 178
16.63826 144
16.65837 140
16.67849 171
16.6986 175
16.71871 173
16.73883 159
16.75894 187
16.77905 158
16.79917 178
16.81928 153
16.8394 162
16.85951 170
16.87962 144
16.89974 154
16.91985 140
16.93996 145
16.96008 158
16.98019 163
17.00031 166
17.02042 171
17.04053 156
17.06065 179
17.08076 142
17.10087 149
17.12099 150
17.1411 179
17.16121 154
17.18133 145
17.20144 151
17.22156 161
17.24167 168
17.26178 171
17.2819 176
17.30201 155
17.32212 173
17.34224 168
17.36235 132
17.38247 159
17.40258 139
17.42269 150
17.44281 169
17.46292 167
17.48303 172
17.50315 144
17.52326 177
17.54338 173
17.56349 173
17.5836 170
17.60372 158
17.62383 165
17.64394 154
17.66406 168
17.68417 167
17.70428 142
17.7244 166
17.74451 158
17.76463 161
17.78474 173
17.80485 154
17.82497 164
17.84508 138
17.86519 187
17.88531 156
17.90542 156
17.92554 177
17.94565 171
17.96576 154
17.98588 154
18.00599 157
18.0261 162
18.04622 168
18.06633 176
18.08645 164
18.10656 164
18.12667 159
18.14679 150
18.1669 148
18.18701 133
18.20713 176
18.22724 166
18.24735 170
18.26747 152
18.28758 169
18.3077 162
18.32781 155
18.34792 185
18.36804 180
18.38815 162
18.40826 154
18.42838 144
18.44849 152
18.46861 187
18.48872 165
18.50883 182
18.52895 179
18.54906 151
18.56917 182
18.58929 145
18.6094 148
18.62951 196
18.64963 163
18.66974 159
18.68986 176
18.70997 155
18.73008 169
18.7502 163
18.77031 191
18.79042 159
18.81054 174
18.83065 167
18.85077 174
18.87088 169
18.89099 147
18.91111 162
18.93122 166
18.95133 162
18.97145 159
18.99156 175
19.01168 166
19.03179 176
19.0519 183
19.07202 182
19.09213 136
19.11224 171
19.13236 157
19.15247 175
19.17258 173
19.1927 162
19.21281 168
19.23293 173
19.25304 163
19.27315 167
19.29327 152
19.31338 156
19.33349 183
19.35361 182
19.37372 157
19.39384 152
19.41395 179
19.43406 170
19.45418 173
19.47429 158
19.4944 177
19.51452 168
19.53463 188
19.55475 180
19.57486 173
19.59497 188
19.61509 194
19.6352 176
19.65531 181
19.67543 200
19.69554 172
19.71565 233
19.73577 187
19.75588 205
19.776 210
19.79611 234
19.81622 279
19.83634 242
19.85645 265
19.87656 227
19.89668 238
19.91679 201
19.93691 197
19.95702 284
19.97713 251
19.99725 221
20.01736 241
20.03747 266
20.05759 256
20.0777 228
20.09782 270
20.11793 281
20.13804 273
20.15816 267
20.17827 310
20.19838 298
20.2185 294
20.23861 301
20.25872 286
20.27884 298
20.29895 330
20.31907 328
20.33918 320
20.35929 298
20.37941 327
20.39952 368
20.41963 339
20.43975 387
20.45986 358
20.47998 432
20.50009 443
20.5202 474
20.54032 451
20.56043 488
20.58054 638
20.60066 706
20.62077 900
20.64088 1175
20.661 1483
20.68111 1965
20.70123 2729
20.72134 3584
20.74145 4533
20.76157 5778
20.78168 6529
20.80179 7436
20.82191 7349
20.84202 6720
20.86214 5693
20.88225 4539
20.90236 3246
20.92248 2223
20.94259 1514
20.9627 941
20.98282 756
21.00293 544
21.02305 450
21.04316 431
21.06327 370
21.08339 337
21.1035 358
21.12361 344
21.14373 317
21.16384 326
21.18395 286
21.20407 317
21.22418 238
21.2443 283
21.26441 262
21.28452 265
21.30464 253
21.32475 242
21.34486 265
21.36498 247
21.38509 230
21.40521 257
21.42532 242
21.44543 210
21.46555 229
21.48566 252
21.50577 239
21.52589 221
21.546 230
21.56612 192
21.58623 208
21.60634 217
21.62646 222
21.64657 238
21.66668 239
21.6868 231
21.70691 222
21.72702 215
21.74714 201
21.76725 215
21.78737 230
21.80748 222
21.82759 238
21.84771 226
21.86782 220
21.88793 245
21.90805 244
21.92816 224
21.94828 209
21.96839 196
21.9885 230
22.00862 185
22.02873 218
22.04884 180
22.06896 209
22.08907 211
22.10919 179
22.1293 211
22.14941 213
22.16953 174
22.18964 202
22.20975 216
22.22987 196
22.24998 198
22.27009 195
22.29021 236
22.31032 194
22.33044 193
22.35055 180
22.37066 214
22.39078 195
22.41089 183
22.431 194
22.45112 192
22.47123 226
22.49135 203
22.51146 190
22.53157 219
22.55169 185
22.5718 195
22.59191 209
22.61203 206
22.63214 180
22.65225 192
22.67237 191
22.69248 202
22.7126 190
22.73271 206
22.75282 201
22.77294 181
22.79305 199
22.81316 188
22.83328 193
22.85339 177
22.87351 198
22.89362 192
22.91373 194
22.93385 192
22.95396 195
22.97407 203
22.99419 194
23.0143 173
23.03442 173
23.05453 170
23.07464 193
23.09476 193
23.11487 172
23.13498 178
23.1551 180
23.17521 196
23.19532 213
23.21544 191
23.23555 196
23.25567 178
23.27578 199
23.29589 192
23.31601 158
23.33612 164
23.35623 171
23.37635 170
23.39646 171
23.41658 174
23.43669 194
23.4568 173
23.47692 219
23.49703 157
23.51714 187
23.53726 175
23.55737 170
23.57749 208
23.5976 170
23.61771 179
23.63783 217
23.65794 187
23.67805 211
23.69817 171
23.71828 214
23.73839 212
23.75851 192
23.77862 209
23.79874 220
23.81885 222
23.83896 233
23.85908 208
23.87919 213
23.8993 216
23.91942 263
23.93953 242
23.95965 274
23.97976 259
23.99987 262
24.01999 231
24.0401 235
24.06021 204
24.08033 177
24.10044 223
24.12056 180
24.14067 195
24.16078 227
24.1809 178
24.20101 206
24.22112 179
24.24124 202
24.26135 226
24.28146 204
24.30158 193
24.32169 191
24.34181 192
24.36192 208
24.38203 185
24.40215 201
24.42226 189
24.44237 190
24.46249 182
24.4826 210
24.50272 201
24.52283 219
24.54294 243
24.56306 199
24.58317 224
24.60328 222
24.6234 231
24.64351 252
24.66362 229
24.68374 224
24.70385 244
24.72397 250
24.74408 235
24.76419 231
24.78431 215
24.80442 244
24.82453 271
24.84465 249
24.86476 245
24.88488 242
24.90499 228
24.9251 253
24.94522 254
24.96533 221
24.98544 201
25.00556 232
25.02567 196
25.04579 236
25.0659 211
25.08601 190
25.10613 234
25.12624 190
25.14635 199
25.16647 238
25.18658 221
25.20669 193
25.22681 219
25.24692 191
25.26704 226
25.28715 231
25.30726 199
25.32738 218
25.34749 222
25.3676 222
25.38772 211
25.40783 220
25.42795 198
25.44806 220
25.46817 227
25.48829 232
25.5084 247
25.52851 225
25.54863 245
25.56874 316
25.58886 285
25.60897 301
25.62908 316
25.6492 343
25.66931 372
25.68942 388
25.70954 393
25.72965 445
25.74976 395
25.76988 423
25.78999 426
25.81011 412
25.83022 461
25.85033 450
25.87045 418
25.89056 490
25.91067 458
25.93079 456
25.9509 471
25.97102 483
25.99113 570
26.01124 556
26.03136 562
26.05147 574
26.07158 572
26.0917 678
26.11181 727
26.13193 740
26.15204 816
26.17215 830
26.19227 886
26.21238 1099
26.23249 1174
26.25261 1309
26.27272 1431
26.29283 1531
26.31295 1848
26.33306 2227
26.35318 2757
26.37329 3460
26.3934 4343
26.41352 5584
26.43363 7750
26.45374 10238
26.47386 13372
26.49397 17688
26.51409 22392
26.5342 26800
26.55431 30773
26.57443 33313
26.59454 33527
26.61465 31590
26.63477 27126
26.65488 22259
26.67499 16997
26.69511 11988
26.71522 8210
26.73534 5215
26.75545 3393
26.77556 2367
26.79568 1760
26.81579 1403
26.8359 1315
26.85602 1159
26.87613 1058
26.89625 926
26.91636 814
26.93647 721
26.95659 707
26.9767 617
26.99681 557
27.01693 567
27.03704 563
27.05716 474
27.07727 463
27.09738 432
27.1175 468
27.13761 409
27.15772 391
27.17784 433
27.19795 426
27.21806 401
27.23818 389
27.25829 363
27.27841 369
27.29852 325
27.31863 380
27.33875 391
27.35886 381
27.37897 328
27.39909 348
27.4192 360
27.43932 345
27.45943 358
27.47954 354
27.49966 307
27.51977 315
27.53988 302
27.56 308
27.58011 320
27.60023 263
27.62034 264
27.64045 316
27.66057 338
27.68068 303
27.70079 284
27.72091 296
27.74102 285
27.76113 299
27.78125 280
27.80136 275
27.82148 290
27.84159 272
27.8617 266
27.88182 251
27.90193 253
27.92204 252
27.94216 280
27.96227 276
27.98239 241
28.0025 234
28.02261 282
28.04273 261
28.06284 265
28.08295 305
28.10307 250
28.12318 251
28.1433 270
28.16341 258
28.18352 229
28.20364 273
28.22375 238
28.24386 217
28.26398 227
28.28409 230
28.3042 245
28.32432 252
28.34443 233
28.36455 228
28.38466 219
28.40477 246
28.42489 239
28.445 239
28.46511 257
28.48523 207
28.50534 216
28.52546 249
28.54557 234
28.56568 260
28.5858 217
28.60591 228
28.62602 245
28.64614 228
28.66625 235
28.68636 258
28.70648 235
28.72659 211
28.74671 205
28.76682 241
28.78693 225
28.80705 213
28.82716 285
28.84727 212
28.86739 213
28.8875 200
28.90762 241
28.92773 224
28.94784 241
28.96796 222
28.98807 210
29.00818 209
29.0283 242
29.04841 216
29.06853 208
29.08864 226
29.10875 227
29.12887 226
29.14898 213
29.16909 209
29.18921 215
29.20932 213
29.22943 208
29.24955 211
29.26966 218
29.28978 218
29.30989 208
29.33 212
29.35012 202
29.37023 162
29.39034 216
29.41046 213
29.43057 222
29.45069 214
29.4708 201
29.49091 205
29.51103 193
29.53114 196
29.55125 215
29.57137 169
29.59148 223
29.6116 203
29.63171 191
29.65182 220
29.67194 202
29.69205 200
29.71216 208
29.73228 201
29.75239 184
29.7725 200
29.79262 196
29.81273 213
29.83285 190
29.85296 183
29.87307 222
29.89319 190
29.9133 180
29.93341 192
29.95353 177
29.97364 173
29.99376 186
30.01387 206
30.03398 170
30.0541 193
30.07421 211
30.09432 193
30.11444 198
30.13455 196
30.15467 180
30.17478 209
30.19489 183
30.21501 204
30.23512 217
30.25523 202
30.27535 175
30.29546 154
30.31557 210
30.33569 219
30.3558 203
30.37592 191
30.39603 197
30.41614 176
30.43626 187
30.45637 191
30.47648 192
30.4966 193
30.51671 193
30.53683 221
30.55694 196
30.57705 177
30.59717 182
30.61728 206
30.63739 196
30.65751 182
30.67762 190
30.69773 192
30.71785 191
30.73796 199
30.75808 164
30.77819 182
30.7983 197
30.81842 179
30.83853 198
30.85864 198
30.87876 197
30.89887 192
30.91899 177
30.9391 196
30.95921 158
30.97933 193
30.99944 189
31.01955 154
31.03967 190
31.05978 158
31.0799 178
31.10001 190
31.12012 165
31.14024 163
31.16035 175
31.18046 164
31.20058 204
31.22069 176
31.2408 179
31.26092 183
31.28103 175
31.30115 182
31.32126 177
31.34137 179
31.36149 172
31.3816 173
31.40171 190
31.42183 190
31.44194 153
31.46206 193
31.48217 204
31.50228 165
31.5224 159
31.54251 155
31.56262 146
31.58274 159
31.60285 198
31.62297 181
31.64308 173
31.66319 166
31.68331 168
31.70342 167
31.72353 168
31.74365 188
31.76376 146
31.78387 195
31.80399 156
31.8241 156
31.84422 146
31.86433 135
31.88444 164
31.90456 152
31.92467 169
31.94478 177
31.9649 181
31.98501 161
32.00513 135
32.02524 160
32.04535 169
32.06547 157
32.08558 206
32.10569 167
32.12581 208
32.14592 176
32.16604 154
32.18615 173
32.20626 160
32.22638 202
32.24649 176
32.2666 179
32.28672 164
32.30683 188
32.32694 166
32.34706 182
32.36717 157
32.38729 164
32.4074 175
32.42751 167
32.44763 204
32.46774 192
32.48785 187
32.50797 195
32.52808 150
32.5482 192
32.56831 178
32.58842 183
32.60854 168
32.62865 181
32.64876 189
32.66888 167
32.68899 177
32.7091 175
32.72922 152
32.74933 170
32.76945 167
32.78956 170
32.80967 155
32.82979 151
32.8499 154
32.87001 158
32.89013 159
32.91024 173
32.93036 169
32.95047 166
32.97058 155
32.9907 171
33.01081 156
33.03092 163
33.05104 158
33.07115 187
33.09127 174
33.11138 158
33.13149 181
33.15161 166
33.17172 150
33.19183 171
33.21195 154
33.23206 159
33.25217 158
33.27229 162
33.2924 167
33.31252 155
33.33263 148
33.35274 144
33.37286 152
33.39297 188
33.41308 169
33.4332 155
33.45331 155
33.47343 143
33.49354 147
33.51365 146
33.53377 155
33.55388 162
33.57399 160
33.59411 174
33.61422 140
33.63434 167
33.65445 143
33.67456 177
33.69468 166
33.71479 142
33.7349 145
33.75502 134
33.77513 142
33.79524 166
33.81536 174
33.83547 150
33.85559 142
33.8757 145
33.89581 160
33.91593 162
33.93604 149
33.95615 133
33.97627 141
33.99638 125
34.0165 148
34.03661 154
34.05672 139
34.07684 141
34.09695 141
34.11706 142
34.13718 136
34.15729 143
34.17741 175
34.19752 144
34.21763 161
34.23775 140
34.25786 149
34.27797 127
34.29809 149
34.3182 145
34.33831 157
34.35843 143
34.37854 160
34.39866 169
34.41877 130
34.43888 167
34.459 151
34.47911 148
34.49922 140
34.51934 151
34.53945 149
34.55957 164
34.57968 154
34.59979 154
34.61991 175
34.64002 175
34.66013 172
34.68025 176
34.70036 167
34.72047 166
34.74059 180
34.7607 156
34.78082 165
34.80093 198
34.82104 175
34.84116 184
34.86127 179
34.88138 172
34.9015 174
34.92161 176
34.94173 172
34.96184 170
34.98195 204
35.00207 184
35.02218 169
35.04229 177
35.06241 178
35.08252 195
35.10264 190
35.12275 157
35.14286 196
35.16298 178
35.18309 194
35.2032 183
35.22332 168
35.24343 203
35.26354 189
35.28366 203
35.30377 200
35.32389 196
35.344 227
35.36411 237
35.38423 224
35.40434 212
35.42445 175
35.44457 210
35.46468 195
35.4848 207
35.50491 220
35.52502 219
35.54514 203
35.56525 223
35.58536 206
35.60548 190
35.62559 218
35.64571 192
35.66582 191
35.68593 214
35.70605 185
35.72616 205
35.74627 220
35.76639 213
35.7865 201
35.80661 217
35.82673 213
35.84684 194
35.86696 222
35.88707 211
35.90718 215
35.9273 200
35.94741 210
35.96752 197
35.98764 245
36.00775 199
36.02787 193
36.04798 211
36.06809 248
36.08821 229
36.10832 261
36.12843 258
36.14855 280
36.16866 285
36.18878 303
36.20889 332
36.229 387
36.24912 391
36.26923 447
36.28934 558
36.30946 660
36.32957 780
36.34968 948
36.3698 1210
36.38991 1430
36.41003 1719
36.43014 1977
36.45025 2232
36.47037 2324
36.49048 2295
36.51059 2180
36.53071 1957
36.55082 1617
36.57094 1372
36.59105 1218
36.61116 959
36.63128 763
36.65139 580
36.6715 413
36.69162 358
36.71173 324
36.73184 277
36.75196 236
36.77207 230
36.79219 232
36.8123 215
36.83241 208
36.85253 201
36.87264 222
36.89275 202
36.91287 201
36.93298 181
36.9531 183
36.97321 177
36.99332 194
37.01344 180
37.03355 167
37.05366 172
37.07378 173
37.09389 156
37.11401 162
37.13412 166
37.15423 173
37.17435 170
37.19446 189
37.21457 167
37.23469 152
37.2548 166
37.27491 171
37.29503 182
37.31514 184
37.33526 159
37.35537 149
37.37548 153
37.3956 175
37.41571 167
37.43582 176
37.45594 174
37.47605 162
37.49617 143
37.51628 178
37.53639 180
37.55651 149
37.57662 152
37.59673 184
37.61685 150
37.63696 158
37.65708 143
37.67719 194
37.6973 163
37.71742 146
37.73753 172
37.75764 158
37.77776 168
37.79787 176
37.81798 148
37.8381 162
37.85821 149
37.87833 186
37.89844 174
37.91855 150
37.93867 170
37.95878 185
37.97889 164
37.99901 177
38.01912 154
38.03924 180
38.05935 183
38.07946 190
38.09958 172
38.11969 171
38.1398 213
38.15992 154
38.18003 196
38.20015 188
38.22026 199
38.24037 195
38.26049 178
38.2806 194
38.30071 183
38.32083 208
38.34094 180
38.36105 194
38.38117 192
38.40128 180
38.4214 165
38.44151 203
38.46162 187
38.48174 168
38.50185 183
38.52196 194
38.54208 207
38.56219 213
38.58231 173
38.60242 193
38.62253 163
38.64265 164
38.66276 184
38.68287 182
38.70299 179
38.7231 182
38.74321 189
38.76333 198
38.78344 185
38.80356 188
38.82367 195
38.84378 180
38.8639 187
38.88401 199
38.90412 220
38.92424 206
38.94435 217
38.96447 237
38.98458 231
39.00469 241
39.02481 224
39.04492 259
39.06503 275
39.08515 297
39.10526 284
39.12538 313
39.14549 366
39.1656 406
39.18572 455
39.20583 551
39.22594 638
39.24606 776
39.26617 886
39.28628 1062
39.3064 1297
39.32651 1509
39.34663 1786
39.36674 1941
39.38685 2088
39.40697 2152
39.42708 2044
39.44719 1947
39.46731 1672
39.48742 1513
39.50754 1189
39.52765 1044
39.54776 796
39.56788 636
39.58799 460
39.6081 397
39.62822 347
39.64833 287
39.66845 274
39.68856 233
39.70867 223
39.72879 231
39.7489 212
39.76901 214
39.78913 171
39.80924 207
39.82935 211
39.84947 224
39.86958 224
39.8897 255
39.90981 217
39.92992 261
39.95004 230
39.97015 289
39.99026 289
40.01038 323
40.03049 386
40.05061 391
40.07072 447
40.09083 532
40.11095 598
40.13106 733
40.15117 842
40.17129 953
40.1914 1114
40.21152 1135
40.23163 1108
40.25174 1024
40.27186 999
40.29197 837
40.31208 730
40.3322 664
40.35231 567
40.37242 487
40.39254 367
40.41265 297
40.43277 275
40.45288 255
40.47299 224
40.49311 207
40.51322 198
40.53333 172
40.55345 195
40.57356 179
40.59368 179
40.61379 163
40.6339 168
40.65402 177
40.67413 164
40.69424 187
40.71436 169
40.73447 167
40.75458 193
40.7747 160
40.79481 154
40.81493 150
40.83504 170
40.85515 183
40.87527 185
40.89538 182
40.91549 166
40.93561 178
40.95572 169
40.97584 172
40.99595 179
41.01606 155
41.03618 191
41.05629 182
41.0764 175
41.09652 180
41.11663 170
41.13675 165
41.15686 177
41.17697 179
41.19709 185
41.2172 177
41.23731 169
41.25743 166
41.27754 174
41.29765 163
41.31777 164
41.33788 154
41.358 183
41.37811 162
41.39822 164
41.41834 146
41.43845 170
41.45856 181
41.47868 160
41.49879 178
41.51891 151
41.53902 154
41.55913 149
41.57925 165
41.59936 154
41.61947 168
41.63959 166
41.6597 177
41.67982 175
41.69993 157
41.72004 148
41.74016 177
41.76027 167
41.78038 166
41.8005 146
41.82061 165
41.84072 179
41.86084 163
41.88095 206
41.90107 195
41.92118 197
41.94129 176
41.96141 168
41.98152 198
42.00163 191
42.02175 212
42.04186 210
42.06198 247
42.08209 255
42.1022 266
42.12232 301
42.14243 314
42.16254 348
42.18266 396
42.20277 460
42.22289 506
42.243 656
42.26311 788
42.28323 968
42.30334 1087
42.32345 1207
42.34357 1377
42.36368 1496
42.38379 1603
42.40391 1474
42.42402 1461
42.44414 1240
42.46425 1171
42.48436 917
42.50448 798
42.52459 695
42.5447 549
42.56482 427
42.58493 334
42.60505 283
42.62516 253
42.64527 210
42.66539 206
42.6855 185
42.70561 166
42.72573 169
42.74584 165
42.76595 158
42.78607 177
42.80618 165
42.8263 158
42.84641 158
42.86652 162
42.88664 161
42.90675 143
42.92686 154
42.94698 148
42.96709 138
42.98721 162
43.00732 126
43.02743 148
43.04755 170
43.06766 168
43.08777 176
43.10789 141
43.128 164
43.14812 147
43.16823 186
43.18834 184
43.20846 151
43.22857 169
43.24868 128
43.2688 154
43.28891 141
43.30902 165
43.32914 152
43.34925 144
43.36937 170
43.38948 150
43.40959 140
43.42971 128
43.44982 141
43.46993 160
43.49005 161
43.51016 151
43.53028 148
43.55039 173
43.5705 139
43.59062 147
43.61073 126
43.63084 138
43.65096 132
43.67107 146
43.69119 143
43.7113 149
43.73141 159
43.75153 146
43.77164 152
43.79175 154
43.81187 141
43.83198 146
43.85209 157
43.87221 134
43.89232 139
43.91244 163
43.93255 147
43.95266 133
43.97278 144
43.99289 132
44.013 144
44.03312 133
44.05323 129
44.07335 143
44.09346 141
44.11357 125
44.13369 153
44.1538 153
44.17391 144
44.19403 155
44.21414 139
44.23426 121
44.25437 168
44.27448 143
44.2946 148
44.31471 132
44.33482 156
44.35494 153
44.37505 167
44.39516 159
44.41528 160
44.43539 144
44.45551 146
44.47562 155
44.49573 155
44.51585 162
44.53596 135
44.55607 163
44.57619 148
44.5963 158
44.61642 154
44.63653 137
44.65664 131
44.67676 167
44.69687 164
44.71698 147
44.7371 140
44.75721 167
44.77732 183
44.79744 140
44.81755 126
44.83767 156
44.85778 148
44.87789 152
44.89801 146
44.91812 145
44.93823 152
44.95835 175
44.97846 165
44.99858 164
45.01869 136
45.0388 147
45.05892 182
45.07903 156
45.09914 156
45.11926 171
45.13937 168
45.15949 178
45.1796 166
45.19971 148
45.21983 151
45.23994 150
45.26005 175
45.28017 159
45.30028 190
45.32039 196
45.34051 180
45.36062 182
45.38074 190
45.40085 193
45.42096 215
45.44108 195
45.46119 237
45.4813 252
45.50142 310
45.52153 312
45.54165 381
45.56176 430
45.58187 487
45.60199 573
45.6221 656
45.64221 707
45.66233 835
45.68244 884
45.70256 1049
45.72267 1031
45.74278 990
45.7629 943
45.78301 794
45.80312 754
45.82324 645
45.84335 586
45.86346 533
45.88358 450
45.90369 376
45.92381 282
45.94392 249
45.96403 221
45.98415 188
46.00426 183
46.02437 178
46.04449 163
46.0646 178
46.08472 198
46.10483 159
46.12494 128
46.14506 137
46.16517 135
46.18528 166
46.2054 150
46.22551 147
46.24563 146
46.26574 146
46.28585 137
46.30597 142
46.32608 133
46.34619 141
46.36631 155
46.38642 130
46.40653 138
46.42665 160
46.44676 135
46.46688 156
46.48699 140
46.5071 146
46.52722 162
46.54733 143
46.56744 128
46.58756 127
46.60767 149
46.62779 166
46.6479 136
46.66801 136
46.68813 137
46.70824 146
46.72835 136
46.74847 124
46.76858 139
46.78869 144
46.80881 130
46.82892 146
46.84904 124
46.86915 138
46.88926 150
46.90938 155
46.92949 130
46.9496 118
46.96972 147
46.98983 140
47.00995 134
47.03006 135
47.05017 153
47.07029 133
47.0904 141
47.11051 170
47.13063 136
47.15074 163
47.17086 149
47.19097 124
47.21108 144
47.2312 133
47.25131 135
47.27142 127
47.29154 138
47.31165 130
47.33176 139
47.35188 142
47.37199 151
47.39211 138
47.41222 150
47.43233 140
47.45245 122
47.47256 134
47.49267 127
47.51279 145
47.5329 124
47.55302 143
47.57313 112
47.59324 139
47.61336 157
47.63347 121
47.65358 149
47.6737 139
47.69381 137
47.71393 145
47.73404 131
47.75415 126
47.77427 122
47.79438 121
47.81449 150
47.83461 166
47.85472 136
47.87483 124
47.89495 154
47.91506 130
47.93518 123
47.95529 160
47.9754 141
47.99552 141
48.01563 120
48.03574 124
48.05586 133
48.07597 132
48.09609 151
48.1162 143
48.13631 129
48.15643 147
48.17654 135
48.19665 145
48.21677 160
48.23688 163
48.257 125
48.27711 142
48.29722 151
48.31734 153
48.33745 138
48.35756 127
48.37768 140
48.39779 141
48.4179 140
48.43802 147
48.45813 161
48.47825 138
48.49836 133
48.51847 146
48.53859 150
48.5587 153
48.57881 155
48.59893 125
48.61904 136
48.63916 141
48.65927 157
48.67938 150
48.6995 156
48.71961 162
48.73972 137
48.75984 161
48.77995 147
48.80006 140
48.82018 143
48.84029 162
48.86041 154
48.88052 174
48.90063 136
48.92075 162
48.94086 155
48.96097 144
48.98109 164
49.0012 152
49.02132 139
49.04143 165
49.06154 146
49.08166 150
49.10177 164
49.12188 133
49.142 150
49.16211 168
49.18223 137
49.20234 144
49.22245 155
49.24257 152
49.26268 151
49.28279 153
49.30291 150
49.32302 158
49.34313 170
49.36325 162
49.38336 176
49.40348 170
49.42359 196
49.4437 174
49.46382 179
49.48393 196
49.50404 158
49.52416 205
49.54427 193
49.56439 212
49.5845 243
49.60461 244
49.62473 266
49.64484 285
49.66495 246
49.68507 306
49.70518 348
49.7253 380
49.74541 400
49.76552 438
49.78564 527
49.80575 544
49.82586 655
49.84598 723
49.86609 897
49.8862 1066
49.90632 1273
49.92643 1461
49.94655 1710
49.96666 2141
49.98677 2566
50.00689 2753
50.027 3186
50.04711 3440
50.06723 3592
50.08734 3424
50.10746 3155
50.12757 2703
50.14768 2333
50.1678 2104
50.18791 1847
50.20802 1668
50.22814 1397
50.24825 1234
50.26837 921
50.28848 730
50.30859 533
50.32871 433
50.34882 302
50.36893 280
50.38905 301
50.40916 269
50.42927 285
50.44939 256
50.4695 244
50.48962 263
50.50973 251
50.52984 270
50.54996 271
50.57007 252
50.59018 220
50.6103 246
50.63041 207
50.65053 196
50.67064 206
50.69075 191
50.71087 186
50.73098 186
50.75109 154
50.77121 182
50.79132 168
50.81143 176
50.83155 143
50.85166 172
50.87178 146
50.89189 134
50.912 144
50.93212 153
50.95223 169
50.97234 170
50.99246 135
51.01257 142
51.03269 144
51.0528 160
51.07291 160
51.09303 145
51.11314 149
51.13325 159
51.15337 152
51.17348 139
51.1936 120
51.21371 157
51.23382 137
51.25394 142
51.27405 154
51.29416 115
51.31428 128
51.33439 116
51.3545 140
51.37462 154
51.39473 133
51.41485 147
51.43496 152
51.45507 122
51.47519 135
51.4953 132
51.51541 120
51.53553 133
51.55564 129
51.57576 149
51.59587 152
51.61598 131
51.6361 122
51.65621 132
51.67632 134
51.69644 131
51.71655 136
51.73667 141
51.75678 126
51.77689 134
51.79701 124
51.81712 124
51.83723 124
51.85735 122
51.87746 127
51.89757 126
51.91769 116
51.9378 128
51.95792 128
51.97803 121
51.99814 134
52.01826 137
52.03837 134
52.05848 129
52.0786 112
52.09871 128
52.11883 117
52.13894 116
52.15905 132
52.17917 119
52.19928 114
52.21939 119
52.23951 122
52.25962 136
52.27974 119
52.29985 132
52.31996 133
52.34008 124
52.36019 145
52.3803 107
52.40042 115
52.42053 118
52.44064 129
52.46076 134
52.48087 124
52.50099 138
52.5211 117
52.54121 130
52.56133 118
52.58144 119
52.60155 141
52.62167 143
52.64178 170
52.6619 153
52.68201 137
52.70212 129
52.72224 137
52.74235 144
52.76246 119
52.78258 137
52.80269 126
52.8228 120
52.84292 132
52.86303 137
52.88315 134
52.90326 136
52.92337 156
52.94349 152
52.9636 122
52.98371 110
53.00383 150
53.02394 127
53.04406 143
53.06417 126
53.08428 129
53.1044 156
53.12451 140
53.14462 144
53.16474 169
53.18485 161
53.20497 129
53.22508 145
53.24519 157
53.26531 168
53.28542 173
53.30553 134
53.32565 137
53.34576 158
53.36587 152
53.38599 139
53.4061 130
53.42622 132
53.44633 148
53.46644 143
53.48656 131
53.50667 126
53.52678 138
53.5469 142
53.56701 140
53.58713 130
53.60724 156
53.62735 150
53.64747 135
53.66758 130
53.68769 127
53.70781 133
53.72792 126
53.74804 146
53.76815 146
53.78826 141
53.80838 140
53.82849 155
53.8486 154
53.86872 152
53.88883 160
53.90894 154
53.92906 174
53.94917 131
53.96929 142
53.9894 147
54.00951 151
54.02963 164
54.04974 171
54.06985 161
54.08997 160
54.11008 176
54.1302 156
54.15031 177
54.17042 186
54.19054 165
54.21065 172
54.23076 166
54.25088 170
54.27099 177
54.29111 178
54.31122 187
54.33133 180
54.35145 207
54.37156 208
54.39167 196
54.41179 214
54.4319 212
54.45201 216
54.47213 214
54.49224 240
54.51236 242
54.53247 255
54.55258 293
54.5727 315
54.59281 335
54.61292 399
54.63304 453
54.65315 543
54.67327 654
54.69338 711
54.71349 827
54.73361 921
54.75372 996
54.77383 1103
54.79395 1076
54.81406 1054
54.83417 990
54.85429 931
54.8744 754
54.89452 745
54.91463 696
54.93474 671
54.95486 623
54.97497 554
54.99508 484
55.0152 445
55.03531 389
55.05543 333
55.07554 377
55.09565 325
55.11577 349
55.13588 393
55.15599 439
55.17611 431
55.19622 494
55.21634 543
55.23645 518
55.25656 558
55.27668 537
55.29679 459
55.3169 441
55.33702 376
55.35713 359
55.37724 361
55.39736 342
55.41747 316
55.43759 275
55.4577 231
55.47781 252
55.49793 175
55.51804 142
55.53815 173
55.55827 160
55.57838 160
55.5985 167
55.61861 160
55.63872 134
55.65884 146
55.67895 157
55.69906 147
55.71918 140
55.73929 150
55.75941 141
55.77952 139
55.79963 160
55.81975 157
55.83986 136
55.85997 140
55.88009 128
55.9002 135
55.92031 136
55.94043 125
55.96054 154
55.98066 149
56.00077 128
56.02088 139
56.041 133
56.06111 130
56.08122 153
56.10134 124
56.12145 145
56.14157 132
56.16168 131
56.18179 117
56.20191 127
56.22202 147
56.24213 140
56.26225 141
56.28236 121
56.30248 143
56.32259 124
56.3427 119
56.36282 109
56.38293 132
56.40304 129
56.42316 119
56.44327 126
56.46338 126
56.4835 126
56.50361 105
56.52373 141
56.54384 145
56.56395 141
56.58407 137
56.60418 137
56.62429 124
56.64441 139
56.66452 120
56.68464 141
56.70475 111
56.72486 127
56.74498 122
56.76509 151
56.7852 133
56.80532 141
56.82543 127
56.84554 136
56.86566 133
56.88577 124
56.90589 156
56.926 147
56.94611 129
56.96623 142
56.98634 173
57.00645 158
57.02657 151
57.04668 138
57.0668 172
57.08691 171
57.10702 180
57.12714 177
57.14725 185
57.16736 186
57.18748 178
57.20759 179
57.22771 163
57.24782 155
57.26793 160
57.28805 138
57.30816 154
57.32827 136
57.34839 141
57.3685 138
57.38861 121
57.40873 133
57.42884 144
57.44896 140
57.46907 135
57.48918 147
57.5093 117
57.52941 139
57.54952 151
57.56964 121
57.58975 129
57.60987 138
57.62998 105
57.65009 153
57.67021 137
57.69032 129
57.71043 133
57.73055 128
57.75066 149
57.77078 120
57.79089 145
57.811 155
57.83112 121
57.85123 147
57.87134 147
57.89146 137
57.91157 122
57.93168 129
57.9518 149
57.97191 122
57.99203 124
58.01214 148
58.03225 120
58.05237 114
58.07248 149
58.09259 147
58.11271 129
58.13282 138
58.15294 133
58.17305 139
58.19316 112
58.21328 110
58.23339 119
58.2535 139
58.27362 155
58.29373 130
58.31385 116
58.33396 115
58.35407 133
58.37419 112
58.3943 138
58.41441 134
58.43453 141
58.45464 131
58.47475 131
58.49487 128
58.51498 125
58.5351 124
58.55521 143
58.57532 128
58.59544 136
58.61555 125
58.63566 121
58.65578 144
58.67589 122
58.69601 138
58.71612 137
58.73623 127
58.75635 161
58.77646 130
58.79657 145
58.81669 137
58.8368 121
58.85691 137
58.87703 133
58.89714 151
58.91726 130
58.93737 105
58.95748 142
58.9776 152
58.99771 139
59.01782 127
59.03794 146
59.05805 151
59.07817 149
59.09828 151
59.11839 159
59.13851 154
59.15862 153
59.17873 143
59.19885 168
59.21896 143
59.23908 152
59.25919 167
59.2793 162
59.29942 171
59.31953 193
59.33964 160
59.35976 193
59.37987 210
59.39998 203
59.4201 225
59.44021 230
59.46033 241
59.48044 262
59.50055 267
59.52067 298
59.54078 328
59.56089 382
59.58101 369
59.60112 396
59.62124 495
59.64135 536
59.66146 568
59.68158 673
59.70169 799
59.7218 947
59.74192 1086
59.76203 1255
59.78215 1405
59.80226 1674
59.82237 1802
59.84249 2036
59.8626 2184
59.88271 2165
59.90283 1958
59.92294 1823
59.94305 1577
59.96317 1429
59.98328 1262
60.0034 1173
60.02351 1129
60.04362 1098
60.06374 970
60.08385 864
60.10396 620
60.12408 522
60.14419 407
60.16431 336
60.18442 277
60.20453 257
60.22465 230
60.24476 190
60.26487 174
60.28499 210
60.3051 158
60.32522 153
60.34533 169
60.36544 171
60.38556 171
60.40567 167
60.42578 167
60.4459 144
60.46601 133
60.48612 141
60.50624 154
60.52635 151
60.54647 155
60.56658 144
60.58669 147
60.60681 155
60.62692 142
60.64703 145
60.66715 167
60.68726 119
60.70738 122
60.72749 132
60.7476 125
60.76772 128
60.78783 135
60.80794 136
60.82806 130
60.84817 139
60.86828 123
60.8884 129
60.90851 136
60.92863 128
60.94874 133
60.96885 135
60.98897 123
61.00908 117
61.02919 142
61.04931 121
61.06942 131
61.08954 150
61.10965 122
61.12976 127
61.14988 113
61.16999 150
61.1901 113
61.21022 137
61.23033 124
61.25045 137
61.27056 130
61.29067 131
61.31079 124
61.3309 117
61.35101 133
61.37113 132
61.39124 129
61.41135 128
61.43147 147
61.45158 143
61.4717 132
61.49181 108
61.51192 113
61.53204 138
61.55215 133
61.57226 116
61.59238 136
61.61249 130
61.63261 138
61.65272 149
61.67283 142
61.69295 142
61.71306 129
61.73317 130
61.75329 131
61.7734 150
61.79352 145
61.81363 152
61.83374 134
61.85386 124
61.87397 136
61.89408 129
61.9142 126
61.93431 141
61.95442 125
61.97454 145
61.99465 130
62.01477 163
62.03488 125
62.05499 137
62.07511 136
62.09522 154
62.11533 154
62.13545 151
62.15556 154
62.17568 165
62.19579 170
62.2159 166
62.23602 138
62.25613 164
62.27624 187
62.29636 151
62.31647 145
62.33659 144
62.3567 151
62.37681 154
62.39693 147
62.41704 150
62.43715 138
62.45727 149
62.47738 152
62.49749 114
62.51761 133
62.53772 157
62.55784 142
62.57795 139
62.59806 140
62.61818 139
62.63829 132
62.6584 142
62.67852 137
62.69863 113
62.71875 135
62.73886 124
62.75897 133
62.77909 120
62.7992 130
62.81931 124
62.83943 137
62.85954 124
62.87965 152
62.89977 120
62.91988 124
62.94 124
62.96011 117
62.98022 136
63.00034 144
63.02045 132
63.04056 109
63.06068 147
63.08079 123
63.10091 142
63.12102 117
63.14113 132
63.16125 137
63.18136 112
63.20147 135
63.22159 126
63.2417 133
63.26182 132
63.28193 134
63.30204 136
63.32216 131
63.34227 127
63.36238 154
63.3825 140
63.40261 146
63.42272 147
63.44284 132
63.46295 149
63.48307 141
63.50318 141
63.52329 150
63.54341 156
63.56352 148
63.58363 168
63.60375 174
63.62386 158
63.64398 170
63.66409 167
63.6842 167
63.70432 194
63.72443 199
63.74454 209
63.76466 256
63.78477 256
63.80489 255
63.825 293
63.84511 361
63.86523 398
63.88534 388
63.90545 466
63.92557 459
63.94568 460
63.96579 454
63.98591 461
64.00602 389
64.02614 362
64.04625 325
64.06636 318
64.08648 334
64.10659 335
64.1267 308
64.14682 297
64.16693 256
64.18705 243
64.20716 199
64.22727 185
64.24739 150
64.2675 148
64.28761 145
64.30773 155
64.32784 139
64.34796 124
64.36807 134
64.38818 123
64.4083 135
64.42841 127
64.44852 117
64.46864 119
64.48875 106
64.50886 117
64.52898 120
64.54909 125
64.56921 103
64.58932 114
64.60943 137
64.62955 107
64.64966 108
64.66977 138
64.68989 145
64.71 120
64.73012 129
64.75023 110
64.77034 125
64.79046 107
64.81057 103
64.83068 116
64.8508 121
64.87091 117
64.89102 111
64.91114 135
64.93125 117
64.95137 115
64.97148 115
64.99159 139
65.01171 122
65.03182 125
65.05193 113
65.07205 119
65.09216 125
65.11228 127
65.13239 134
65.1525 110
65.17262 140
65.19273 121
65.21284 119
65.23296 125
65.25307 133
65.27319 137
65.2933 156
65.31341 138
65.33353 139
65.35364 144
65.37375 139
65.39387 143
65.41398 140
65.43409 145
65.45421 186
65.47432 129
65.49444 142
65.51455 169
65.53466 162
65.55478 177
65.57489 172
65.595 174
65.61512 187
65.63523 203
65.65535 179
65.67546 213
65.69557 205
65.71569 222
65.7358 216
65.75591 196
65.77603 206
65.79614 183
65.81626 152
65.83637 176
65.85648 187
65.8766 169
65.89671 181
65.91682 156
65.93694 134
65.95705 146
65.97716 130
65.99728 148
66.01739 147
66.03751 151
66.05762 145
66.07773 139
66.09785 130
66.11796 131
66.13807 134
66.15819 124
66.1783 140
66.19842 139
66.21853 138
66.23864 145
66.25876 134
66.27887 125
66.29898 134
66.3191 121
66.33921 120
66.35933 132
66.37944 143
66.39955 135
66.41967 148
66.43978 147
66.45989 154
66.48001 160
66.50012 136
66.52023 151
66.54035 135
66.56046 136
66.58058 127
66.60069 122
66.6208 151
66.64092 140
66.66103 142
66.68114 138
66.70126 146
66.72137 128
66.74149 142
66.7616 126
66.78171 143
66.80183 145
66.82194 146
66.84205 160
66.86217 142
66.88228 165
66.90239 136
66.92251 132
66.94262 131
66.96274 169
66.98285 154
67.00296 142
67.02308 138
67.04319 134
67.0633 169
67.08342 154
67.10353 173
67.12365 151
67.14376 171
67.16387 170
67.18399 182
67.2041 215
67.22421 236
67.24433 198
67.26444 205
67.28456 257
67.30467 221
67.32478 289
67.3449 280
67.36501 320
67.38512 320
67.40524 363
67.42535 426
67.44546 447
67.46558 515
67.48569 582
67.50581 664
67.52592 696
67.54603 824
67.56615 1039
67.58626 1063
67.60637 1221
67.62649 1292
67.6466 1286
67.66672 1296
67.68683 1228
67.70694 1128
67.72706 1084
67.74717 955
67.76728 932
67.7874 1020
67.80751 1024
67.82763 1070
67.84774 1153
67.86785 1079
67.88797 1117
67.90808 1183
67.92819 1188
67.94831 1248
67.96842 1291
67.98853 1422
68.00865 1562
68.02876 1764
68.04888 1791
68.06899 1825
68.0891 1766
68.10922 1779
68.12933 1623
68.14944 1500
68.16956 1526
68.18967 1628
68.20979 1619
68.2299 1616
68.25001 1511
68.27013 1502
68.29024 1214
68.31035 1040
68.33047 951
68.35058 792
68.3707 719
68.39081 668
68.41092 599
68.43104 562
68.45115 534
68.47126 480
68.49138 380
68.51149 356
68.5316 281
68.55172 249
68.57183 233
68.59195 218
68.61206 180
68.63217 164
68.65229 188
68.6724 155
68.69251 168
68.71263 150
68.73274 144
68.75286 142
68.77297 168
68.79308 154
68.8132 166
68.83331 153
68.85342 140
68.87354 135
68.89365 131
68.91376 147
68.93388 154
68.95399 130
68.97411 145
68.99422 143
69.01433 142
69.03445 151
69.05456 141
69.07467 128
69.09479 154
69.1149 128
69.13502 148
69.15513 142
69.17524 119
69.19536 121
69.21547 142
69.23558 123
69.2557 147
69.27581 127
69.29593 129
69.31604 107
69.33615 131
69.35627 125
69.37638 118
69.39649 115
69.41661 124
69.43672 123
69.45683 131
69.47695 136
69.49706 129
69.51718 123
69.53729 139
69.5574 138
69.57752 114
69.59763 143
69.61774 126
69.63786 118
69.65797 125
69.67809 117
69.6982 114
69.71831 107
69.73843 103
69.75854 124
69.77865 123
69.79877 116
69.81888 132
69.839 132
69.85911 123
69.87922 108
69.89934 118
69.91945 142
69.93956 104
69.95968 134
69.97979 125
69.9999 133
70.02002 135
70.04013 120
70.06025 118
70.08036 125
70.10047 124
70.12059 103
70.1407 120
70.16081 129
70.18093 126
70.20104 143
70.22116 132
70.24127 132
70.26138 108
70.2815 143
70.30161 112
70.32172 129
70.34184 114
70.36195 122
70.38207 132
70.40218 121
70.42229 129
70.44241 118
70.46252 127
70.48263 124
70.50275 105
70.52286 133
70.54297 116
70.56309 116
70.5832 118
70.60332 117
70.62343 134
70.64354 131
70.66366 115
70.68377 124
70.70388 105
70.724 139
70.74411 113
70.76423 116
70.78434 129
70.80445 117
70.82457 114
70.84468 125
70.86479 124
70.88491 108
70.90502 117
70.92513 124
70.94525 127
70.96536 111
70.98548 117
71.00559 105
71.0257 116
71.04582 106
71.06593 107
71.08604 125
71.10616 97
71.12627 97
71.14639 119
71.1665 122
71.18661 103
71.20673 106
71.22684 110
71.24695 132
71.26707 113
71.28718 111
71.3073 116
71.32741 104
71.34752 135
71.36764 113
71.38775 136
71.40786 118
71.42798 100
71.44809 128
71.4682 121
71.48832 106
71.50843 121
71.52855 109
71.54866 104
71.56877 105
71.58889 110
71.609 108
71.62911 122
71.64923 105
71.66934 111
71.68946 108
71.70957 116
71.72968 122
71.7498 108
71.76991 118
71.79002 112
71.81014 129
71.83025 134
71.85037 132
71.87048 122
71.89059 118
71.91071 103
71.93082 117
71.95093 105
71.97105 102
71.99116 97
72.01127 125
72.03139 110
72.0515 126
72.07162 111
72.09173 97
72.11184 112
72.13196 119
72.15207 118
72.17218 120
72.1923 125
72.21241 132
72.23253 110
72.25264 112
72.27275 138
72.29287 102
72.31298 106
72.33309 117
72.35321 115
72.37332 103
72.39344 102
72.41355 125
72.43366 114
72.45378 115
72.47389 114
72.494 105
72.51412 112
72.53423 123
72.55434 121
72.57446 107
72.59457 136
72.61469 125
72.6348 114
72.65491 110
72.67503 113
72.69514 118
72.71525 111
72.73537 129
72.75548 99
72.7756 111
72.79571 140
72.81582 111
72.83594 140
72.85605 152
72.87616 131
72.89628 139
72.91639 145
72.9365 113
72.95662 146
72.97673 134
72.99685 132
73.01696 169
73.03707 141
73.05719 154
73.0773 177
73.09741 200
73.11753 203
73.13764 196
73.15776 209
73.17787 253
73.19798 242
73.2181 275
73.23821 312
73.25832 341
73.27844 361
73.29855 393
73.31867 444
73.33878 451
73.35889 521
73.37901 492
73.39912 485
73.41923 472
73.43935 470
73.45946 404
73.47957 330
73.49969 308
73.5198 334
73.53992 292
73.56003 315
73.58014 312
73.60026 287
73.62037 292
73.64048 269
73.6606 222
73.68071 205
73.70083 189
73.72094 144
73.74105 149
73.76117 135
73.78128 147
73.80139 129
73.82151 139
73.84162 127
73.86174 130
73.88185 129
73.90196 128
73.92208 139
73.94219 113
73.9623 103
73.98242 101
74.00253 131
74.02264 125
74.04276 123
74.06287 115
74.08299 117
74.1031 118
74.12321 129
74.14333 129
74.16344 131
74.18355 114
74.20367 131
74.22378 113
74.2439 109
74.26401 122
74.28412 122
74.30424 120
74.32435 112
74.34446 127
74.36458 102
74.38469 118
74.40481 103
74.42492 114
74.44503 119
74.46515 109
74.48526 102
74.50537 110
74.52549 113
74.5456 122
74.56571 121
74.58583 113
74.60594 119
74.62606 105
74.64617 110
74.66628 116
74.6864 114
74.70651 142
74.72662 119
74.74674 127
74.76685 114
74.78697 107
74.80708 117
74.82719 100
74.84731 114
74.86742 117
74.88753 111
74.90765 140
74.92776 137
74.94787 119
74.96799 122
74.9881 113
75.00822 120
