3.00117 20535
3.02128 19489
3.0414 19504
3.06151 19027
3.08162 18224
3.10174 18040
3.12185 17509
3.14197 17239
3.16208 16397
3.18219 15828
3.20231 15963
3.22242 14988
3.24253 14756
3.26265 14601
3.28276 13681
3.30288 13435
3.32299 13246
3.3431 12770
3.36322 12445
3.38333 11638
3.40344 11452
3.42356 11071
3.44367 10850
3.46379 10232
3.4839 9871
3.50401 9851
3.52413 9258
3.54424 9324
3.56435 8510
3.58447 8310
3.60458 8314
3.62469 7697
3.64481 7579
3.66492 7449
3.68504 6839
3.70515 7011
3.72526 6521
3.74538 6298
3.76549 6032
3.7856 5792
3.80572 5625
3.82583 5538
3.84595 5157
3.86606 5020
3.88617 4596
3.90629 4862
3.9264 4510
3.94651 4241
3.96663 4020
3.98674 3888
4.00686 3916
4.02697 3563
4.04708 3617
4.0672 3499
4.08731 3105
4.10742 3225
4.12754 2978
4.14765 2925
4.16776 2793
4.18788 2626
4.20799 2721
4.22811 2632
4.24822 2516
4.26833 2307
4.28845 2329
4.30856 2339
4.32867 2214
4.34879 2168
4.3689 2151
4.38902 1953
4.40913 1984
4.42924 1987
4.44936 1968
4.46947 1926
4.48958 1892
4.5097 1921
4.52981 1939
4.54992 1731
4.57004 1674
4.59015 1732
4.61027 1780
4.63038 1729
4.65049 1660
4.67061 1605
4.69072 1546
4.71083 1493
4.73095 1535
4.75106 1558
4.77118 1463
4.79129 1512
4.8114 1446
4.83152 1422
4.85163 1350
4.87174 1383
4.89186 1363
4.91197 1334
4.93209 1433
4.9522 1279
4.97231 1250
4.99243 1291
5.01254 1279
5.03265 1282
5.05277 1201
5.07288 1260
5.09299 1203
5.11311 1185
5.13322 1209
5.15334 1085
5.17345 1132
5.19356 1064
5.21368 1083
5.23379 1121
5.2539 1122
5.27402 1057
5.29413 1060
5.31425 1008
5.33436 1044
5.35447 992
5.37459 1048
5.3947 1024
5.41481 1009
5.43493 1024
5.45504 960
5.47516 935
5.49527 1004
5.51538 964
5.5355 938
5.55561 980
5.57572 929
5.59584 891
5.61595 943
5.63606 919
5.65618 880
5.67629 936
5.69641 818
5.71652 827
5.73663 905
5.75675 883
5.77686 882
5.79697 847
5.81709 890
5.8372 812
5.85732 830
5.87743 794
5.89754 886
5.91766 826
5.93777 823
5.95788 786
5.978 762
5.99811 790
6.01823 805
6.03834 832
6.05845 775
6.07857 819
6.09868 700
6.11879 838
6.13891 733
6.15902 817
6.17913 769
6.19925 784
6.21936 789
6.23948 808
6.25959 766
6.2797 770
6.29982 728
6.31993 753
6.34004 729
6.36016 696
6.38027 712
6.40039 724
6.4205 702
6.44061 691
6.46073 684
6.48084 694
6.50095 665
6.52107 676
6.54118 703
6.56129 676
6.58141 660
6.60152 638
6.62164 672
6.64175 641
6.66186 615
6.68198 646
6.70209 662
6.7222 612
6.74232 611
6.76243 709
6.78255 644
6.80266 641
6.82277 602
6.84289 612
6.863 662
6.88311 610
6.90323 595
6.92334 588
6.94346 601
6.96357 579
6.98368 644
7.0038 579
7.02391 602
7.04402 560
7.06414 560
7.08425 586
7.10436 608
7.12448 571
7.14459 588
7.16471 539
7.18482 557
7.20493 546
7.22505 541
7.24516 536
7.26527 584
7.28539 586
7.3055 553
7.32562 544
7.34573 536
7.36584 516
7.38596 566
7.40607 544
7.42618 586
7.4463 521
7.46641 502
7.48653 571
7.50664 531
7.52675 535
7.54687 506
7.56698 499
7.58709 511
7.60721 519
7.62732 503
7.64743 513
7.66755 540
7.68766 590
7.70778 487
7.72789 507
7.748 537
7.76812 514
7.78823 508
7.80834 497
7.82846 510
7.84857 517
7.86869 485
7.8888 531
7.90891 480
7.92903 458
7.94914 503
7.96925 576
7.98937 461
8.00948 531
8.0296 481
8.04971 469
8.06982 477
8.08994 533
8.11005 514
8.13016 537
8.15028 484
8.17039 467
8.1905 519
8.21062 497
8.23073 502
8.25085 493
8.27096 524
8.29107 558
8.31119 573
8.3313 479
8.35141 503
8.37153 523
8.39164 515
8.41176 544
8.43187 505
8.45198 532
8.4721 512
8.49221 539
8.51232 566
8.53244 515
8.55255 595
8.57266 558
8.59278 506
8.61289 508
8.63301 527
8.65312 477
8.67323 502
8.69335 483
8.71346 471
8.73357 483
8.75369 460
8.7738 475
8.79392 432
8.81403 445
8.83414 430
8.85426 431
8.87437 423
8.89448 397
8.9146 401
8.93471 392
8.95483 464
8.97494 428
8.99505 399
9.01517 420
9.03528 383
9.05539 367
9.07551 387
9.09562 390
9.11573 379
9.13585 375
9.15596 374
9.17608 372
9.19619 354
9.2163 382
9.23642 359
9.25653 348
9.27664 365
9.29676 388
9.31687 377
9.33699 369
9.3571 356
9.37721 335
9.39733 356
9.41744 345
9.43755 367
9.45767 350
9.47778 323
9.4979 338
9.51801 359
9.53812 346
9.55824 309
9.57835 368
9.59846 349
9.61858 343
9.63869 344
9.6588 349
9.67892 351
9.69903 351
9.71915 376
9.73926 361
9.75937 341
9.77949 376
9.7996 344
9.81971 316
9.83983 344
9.85994 335
9.88006 303
9.90017 339
9.92028 362
9.9404 323
9.96051 347
9.98062 275
10.00074 320
10.02085 330
10.04097 294
10.06108 323
10.08119 331
10.10131 280
10.12142 326
10.14153 318
10.16165 320
10.18176 344
10.20187 315
10.22199 316
10.2421 298
10.26222 307
10.28233 313
10.30244 346
10.32256 348
10.34267 293
10.36278 327
10.3829 344
10.40301 338
10.42313 342
10.44324 372
10.46335 339
10.48347 382
10.50358 394
10.52369 364
10.54381 343
10.56392 354
10.58403 323
10.60415 298
10.62426 323
10.64438 313
10.66449 303
10.6846 328
10.70472 313
10.72483 331
10.74494 294
10.76506 329
10.78517 312
10.80529 256
10.8254 325
10.84551 319
10.86563 296
10.88574 305
10.90585 268
10.92597 348
10.94608 305
10.9662 305
10.98631 316
11.00642 270
11.02654 303
11.04665 278
11.06676 301
11.08688 288
11.10699 292
11.1271 297
11.14722 270
11.16733 263
11.18745 308
11.20756 323
11.22767 288
11.24779 309
11.2679 322
11.28801 278
11.30813 265
11.32824 313
11.34836 312
11.36847 288
11.38858 324
11.4087 306
11.42881 316
11.44892 300
11.46904 319
11.48915 321
11.50927 260
11.52938 313
11.54949 296
11.56961 289
11.58972 318
11.60983 290
11.62995 325
11.65006 289
11.67017 317
11.69029 290
11.7104 327
11.73052 311
11.75063 331
11.77074 302
11.79086 294
11.81097 304
11.83108 315
11.8512 307
11.87131 289
11.89143 302
11.91154 292
11.93165 279
11.95177 343
11.97188 298
11.99199 289
12.01211 338
12.03222 283
12.05234 308
12.07245 313
12.09256 312
12.11268 268
12.13279 315
12.1529 285
12.17302 304
12.19313 345
12.21324 325
12.23336 310
12.25347 292
12.27359 317
12.2937 309
12.31381 316
12.33393 338
12.35404 307
12.37415 333
12.39427 300
12.41438 285
12.4345 336
12.45461 277
12.47472 308
12.49484 314
12.51495 313
12.53506 348
12.55518 316
12.57529 288
12.5954 288
12.61552 283
12.63563 315
12.65575 295
12.67586 285
12.69597 300
12.71609 293
12.7362 307
12.75631 305
12.77643 311
12.79654 300
12.81666 288
12.83677 296
12.85688 289
12.877 284
12.89711 290
12.91722 289
12.93734 304
12.95745 285
12.97757 319
12.99768 308
13.01779 288
13.03791 320
13.05802 295
13.07813 271
13.09825 284
13.11836 312
13.13847 320
13.15859 274
13.1787 320
13.19882 268
13.21893 292
13.23904 262
13.25916 294
13.27927 285
13.29938 314
13.3195 277
13.33961 310
13.35973 316
13.37984 311
13.39995 289
13.42007 286
13.44018 287
13.46029 278
13.48041 279
13.50052 273
13.52064 310
13.54075 290
13.56086 311
13.58098 292
13.60109 346
13.6212 357
13.64132 331
13.66143 336
13.68154 285
13.70166 320
13.72177 298
13.74189 323
13.762 363
13.78211 342
13.80223 362
13.82234 348
13.84245 383
13.86257 333
13.88268 350
13.9028 332
13.92291 324
13.94302 308
13.96314 327
13.98325 327
14.00336 300
14.02348 328
14.04359 307
14.06371 283
14.08382 293
14.10393 275
14.12405 294
14.14416 285
14.16427 304
14.18439 282
14.2045 294
14.22461 302
14.24473 268
14.26484 299
14.28496 281
14.30507 281
14.32518 312
14.3453 299
14.36541 328
14.38552 297
14.40564 296
14.42575 266
14.44587 262
14.46598 292
14.48609 281
14.50621 284
14.52632 305
14.54643 258
14.56655 293
14.58666 325
14.60677 283
14.62689 295
14.647 304
14.66712 283
14.68723 270
14.70734 293
14.72746 305
14.74757 274
14.76768 295
14.7878 289
14.80791 262
14.82803 305
14.84814 303
14.86825 326
14.88837 313
14.90848 321
14.92859 298
14.94871 298
14.96882 282
14.98894 270
15.00905 342
15.02916 354
15.04928 318
15.06939 336
15.0895 277
15.10962 301
15.12973 313
15.14984 298
15.16996 309
15.19007 282
15.21019 304
15.2303 301
15.25041 296
15.27053 305
15.29064 273
15.31075 268
15.33087 260
15.35098 312
15.3711 283
15.39121 323
15.41132 280
15.43144 261
15.45155 273
15.47166 292
15.49178 284
15.51189 291
15.53201 274
15.55212 271
15.57223 317
15.59235 294
15.61246 294
15.63257 260
15.65269 261
15.6728 326
15.69291 253
15.71303 305
15.73314 285
15.75326 264
15.77337 309
15.79348 297
15.8136 297
15.83371 310
15.85382 268
15.87394 288
15.89405 326
15.91417 292
15.93428 314
15.95439 335
15.97451 279
15.99462 280
16.01473 277
16.03485 300
16.05496 293
16.07508 280
16.09519 286
16.1153 265
16.13542 305
16.15553 274
16.17564 308
16.19576 285
16.21587 325
16.23598 298
16.2561 346
16.27621 315
16.29633 292
16.31644 302
16.33655 301
16.35667 319
16.37678 262
16.39689 285
16.41701 285
16.43712 281
16.45724 281
16.47735 290
16.49746 300
16.51758 292
16.53769 271
16.5578 304
16.57792 288
16.59803 296
16.61814 304
16.63826 335
16.65837 306
16.67849 293
16.6986 289
16.71871 274
16.73883 316
16.75894 290
16.77905 307
16.79917 295
16.81928 284
16.8394 321
16.85951 300
16.87962 303
16.89974 300
16.91985 270
16.93996 303
16.96008 313
16.98019 293
17.00031 291
17.02042 295
17.04053 313
17.06065 317
17.08076 273
17.10087 307
17.12099 262
17.1411 267
17.16121 340
17.18133 279
17.20144 290
17.22156 264
17.24167 279
17.26178 331
17.2819 297
17.30201 272
17.32212 303
17.34224 295
17.36235 278
17.38247 330
17.40258 294
17.42269 335
17.44281 318
17.46292 289
17.48303 283
17.50315 315
17.52326 311
17.54338 293
17.56349 294
17.5836 288
17.60372 298
17.62383 308
17.64394 331
17.66406 318
17.68417 318
17.70428 313
17.7244 273
17.74451 336
17.76463 298
17.78474 305
17.80485 321
17.82497 291
17.84508 331
17.86519 294
17.88531 361
17.90542 300
17.92554 312
17.94565 296
17.96576 332
17.98588 303
18.00599 346
18.0261 272
18.04622 302
18.06633 305
18.08645 318
18.10656 332
18.12667 300
18.14679 349
18.1669 295
18.18701 317
18.20713 306
18.22724 289
18.24735 296
18.26747 308
18.28758 331
18.3077 303
18.32781 276
18.34792 281
18.36804 315
18.38815 305
18.40826 319
18.42838 292
18.44849 328
18.46861 295
18.48872 321
18.50883 319
18.52895 310
18.54906 311
18.56917 330
18.58929 297
18.6094 310
18.62951 295
18.64963 314
18.66974 298
18.68986 330
18.70997 322
18.73008 325
18.7502 318
18.77031 316
18.79042 308
18.81054 303
18.83065 312
18.85077 338
18.87088 321
18.89099 316
18.91111 314
18.93122 329
18.95133 323
18.97145 311
18.99156 330
19.01168 311
19.03179 294
19.0519 329
19.07202 327
19.09213 320
19.11224 314
19.13236 351
19.15247 351
19.17258 360
19.1927 361
19.21281 403
19.23293 389
19.25304 404
19.27315 404
19.29327 426
19.31338 410
19.33349 418
19.35361 440
19.37372 440
19.39384 474
19.41395 463
19.43406 457
19.45418 518
19.47429 486
19.4944 505
19.51452 573
19.53463 576
19.55475 597
19.57486 664
19.59497 671
19.61509 673
19.6352 708
19.65531 720
19.67543 729
19.69554 768
19.71565 689
19.73577 755
19.75588 790
19.776 748
19.79611 796
19.81622 833
19.83634 791
19.85645 772
19.87656 761
19.89668 757
19.91679 702
19.93691 745
19.95702 659
19.97713 663
19.99725 736
20.01736 693
20.03747 667
20.05759 678
20.0777 629
20.09782 574
20.11793 607
20.13804 628
20.15816 555
20.17827 619
20.19838 566
20.2185 572
20.23861 583
20.25872 539
20.27884 517
20.29895 528
20.31907 563
20.33918 561
20.35929 508
20.37941 531
20.39952 562
20.41963 511
20.43975 541
20.45986 509
20.47998 503
20.50009 459
20.5202 540
20.54032 559
20.56043 556
20.58054 536
20.60066 578
20.62077 538
20.64088 588
20.661 621
20.68111 654
20.70123 709
20.72134 826
20.74145 1000
20.76157 1322
20.78168 1514
20.80179 1732
20.82191 1782
20.84202 1812
20.86214 1684
20.88225 1569
20.90236 1270
20.92248 1030
20.94259 883
20.9627 802
20.98282 753
21.00293 750
21.02305 695
21.04316 629
21.06327 601
21.08339 540
21.1035 563
21.12361 551
21.14373 461
21.16384 510
21.18395 474
21.20407 476
21.22418 441
21.2443 465
21.26441 437
21.28452 454
21.30464 461
21.32475 469
21.34486 435
21.36498 430
21.38509 429
21.40521 464
21.42532 423
21.44543 452
21.46555 442
21.48566 457
21.50577 416
21.52589 454
21.546 449
21.56612 427
21.58623 478
21.60634 447
21.62646 426
21.64657 456
21.66668 420
21.6868 403
21.70691 448
21.72702 433
21.74714 436
21.76725 462
21.78737 433
21.80748 427
21.82759 490
21.84771 492
21.86782 481
21.88793 580
21.90805 651
21.92816 666
21.94828 737
21.96839 753
21.9885 706
22.00862 756
22.02873 650
22.04884 582
22.06896 537
22.08907 487
22.10919 497
22.1293 443
22.14941 476
22.16953 406
22.18964 407
22.20975 402
22.22987 460
22.24998 388
22.27009 463
22.29021 446
22.31032 402
22.33044 453
22.35055 460
22.37066 428
22.39078 436
22.41089 461
22.431 420
22.45112 448
22.47123 433
22.49135 423
22.51146 401
22.53157 432
22.55169 418
22.5718 405
22.59191 399
22.61203 451
22.63214 412
22.65225 407
22.67237 383
22.69248 382
22.7126 414
22.73271 420
22.75282 430
22.77294 385
22.79305 447
22.81316 423
22.83328 440
22.85339 444
22.87351 445
22.89362 492
22.91373 505
22.93385 490
22.95396 526
22.97407 513
22.99419 509
23.0143 590
23.03442 580
23.05453 549
23.07464 505
23.09476 546
23.11487 541
23.13498 556
23.1551 540
23.17521 527
23.19532 514
23.21544 493
23.23555 455
23.25567 443
23.27578 458
23.29589 461
23.31601 448
23.33612 453
23.35623 436
23.37635 427
23.39646 448
23.41658 439
23.43669 453
23.4568 499
23.47692 483
23.49703 548
23.51714 532
23.53726 580
23.55737 587
23.57749 608
23.5976 583
23.61771 601
23.63783 529
23.65794 530
23.67805 530
23.69817 530
23.71828 517
23.73839 500
23.75851 494
23.77862 550
23.79874 507
23.81885 505
23.83896 565
23.85908 550
23.87919 554
23.8993 549
23.91942 528
23.93953 530
23.95965 533
23.97976 522
23.99987 538
24.01999 551
24.0401 546
24.06021 538
24.08033 529
24.10044 506
24.12056 493
24.14067 523
24.16078 530
24.1809 563
24.20101 586
24.22112 559
24.24124 621
24.26135 618
24.28146 564
24.30158 594
24.32169 544
24.34181 534
24.36192 527
24.38203 492
24.40215 473
24.42226 481
24.44237 455
24.46249 426
24.4826 423
24.50272 445
24.52283 420
24.54294 445
24.56306 452
24.58317 402
24.60328 432
24.6234 446
24.64351 430
24.66362 415
24.68374 461
24.70385 453
24.72397 422
24.74408 437
24.76419 409
24.78431 425
24.80442 425
24.82453 433
24.84465 418
24.86476 426
24.88488 411
24.90499 468
24.9251 458
24.94522 452
24.96533 383
24.98544 424
25.00556 408
25.02567 446
25.04579 437
25.0659 417
25.08601 439
25.10613 457
25.12624 438
25.14635 435
25.16647 460
25.18658 481
25.20669 488
25.22681 415
25.24692 470
25.26704 462
25.28715 426
25.30726 482
25.32738 443
25.34749 446
25.3676 501
25.38772 497
25.40783 490
25.42795 525
25.44806 491
25.46817 552
25.48829 539
25.5084 549
25.52851 615
25.54863 550
25.56874 552
25.58886 594
25.60897 585
25.62908 581
25.6492 544
25.66931 545
25.68942 573
25.70954 516
25.72965 502
25.74976 497
25.76988 490
25.78999 463
25.81011 468
25.83022 479
25.85033 490
25.87045 444
25.89056 452
25.91067 491
25.93079 468
25.9509 485
25.97102 488
25.99113 491
26.01124 491
26.03136 522
26.05147 475
26.07158 508
26.0917 506
26.11181 516
26.13193 548
26.15204 557
26.17215 591
26.19227 636
26.21238 643
26.23249 654
26.25261 619
26.27272 637
26.29283 699
26.31295 730
26.33306 786
26.35318 881
26.37329 865
26.3934 1056
26.41352 1110
26.43363 1250
26.45374 1600
26.47386 1989
26.49397 2584
26.51409 3191
26.5342 4277
26.55431 5391
26.57443 6288
26.59454 6864
26.61465 6765
26.63477 6372
26.65488 5514
26.67499 4361
26.69511 3422
26.71522 2578
26.73534 1853
26.75545 1330
26.77556 1111
26.79568 904
26.81579 864
26.8359 772
26.85602 756
26.87613 723
26.89625 790
26.91636 704
26.93647 714
26.95659 699
26.9767 717
26.99681 753
27.01693 760
27.03704 732
27.05716 713
27.07727 756
27.09738 652
27.1175 630
27.13761 649
27.15772 628
27.17784 611
27.19795 600
27.21806 566
27.23818 608
27.25829 595
27.27841 623
27.29852 638
27.31863 651
27.33875 707
27.35886 744
27.37897 811
27.39909 893
27.4192 906
27.43932 980
27.45943 893
27.47954 854
27.49966 803
27.51977 777
27.53988 726
27.56 718
27.58011 711
27.60023 677
27.62034 680
27.64045 750
27.66057 746
27.68068 876
27.70079 956
27.72091 965
27.74102 1013
27.76113 1022
27.78125 1041
27.80136 1071
27.82148 1071
27.84159 1027
27.8617 1036
27.88182 1085
27.90193 1099
27.92204 1070
27.94216 1076
27.96227 977
27.98239 947
28.0025 871
28.02261 834
28.04273 722
28.06284 687
28.08295 611
28.10307 602
28.12318 589
28.1433 602
28.16341 597
28.18352 574
28.20364 626
28.22375 609
28.24386 597
28.26398 571
28.28409 581
28.3042 564
28.32432 548
28.34443 541
28.36455 520
28.38466 484
28.40477 500
28.42489 457
28.445 497
28.46511 500
28.48523 406
28.50534 500
28.52546 462
28.54557 474
28.56568 462
28.5858 449
28.60591 460
28.62602 413
28.64614 466
28.66625 490
28.68636 428
28.70648 439
28.72659 438
28.74671 413
28.76682 422
28.78693 476
28.80705 462
28.82716 443
28.84727 441
28.86739 446
28.8875 448
28.90762 439
28.92773 444
28.94784 435
28.96796 452
28.98807 418
29.00818 452
29.0283 473
29.04841 424
29.06853 444
29.08864 480
29.10875 480
29.12887 503
29.14898 472
29.16909 491
29.18921 538
29.20932 571
29.22943 637
29.24955 655
29.26966 732
29.28978 851
29.30989 1012
29.33 1135
29.35012 1256
29.37023 1420
29.39034 1423
29.41046 1545
29.43057 1422
29.45069 1330
29.4708 1171
29.49091 1117
29.51103 1021
29.53114 856
29.55125 726
29.57137 674
29.59148 570
29.6116 590
29.63171 575
29.65182 528
29.67194 565
29.69205 553
29.71216 523
29.73228 550
29.75239 537
29.7725 575
29.79262 538
29.81273 514
29.83285 546
29.85296 501
29.87307 477
29.89319 467
29.9133 497
29.93341 488
29.95353 474
29.97364 479
29.99376 475
30.01387 470
30.03398 485
30.0541 497
30.07421 475
30.09432 435
30.11444 496
30.13455 485
30.15467 476
30.17478 549
30.19489 505
30.21501 477
30.23512 523
30.25523 507
30.27535 530
30.29546 508
30.31557 527
30.33569 550
30.3558 552
30.37592 570
30.39603 530
30.41614 566
30.43626 534
30.45637 548
30.47648 474
30.4966 482
30.51671 446
30.53683 485
30.55694 449
30.57705 464
30.59717 422
30.61728 431
30.63739 426
30.65751 423
30.67762 457
30.69773 434
30.71785 448
30.73796 465
30.75808 441
30.77819 471
30.7983 429
30.81842 485
30.83853 405
30.85864 402
30.87876 460
30.89887 386
30.91899 423
30.9391 413
30.95921 370
30.97933 390
30.99944 403
31.01955 363
31.03967 383
31.05978 390
31.0799 404
31.10001 384
31.12012 354
31.14024 378
31.16035 375
31.18046 377
31.20058 398
31.22069 359
31.2408 384
31.26092 428
31.28103 423
31.30115 400
31.32126 452
31.34137 395
31.36149 425
31.3816 430
31.40171 425
31.42183 393
31.44194 426
31.46206 396
31.48217 435
31.50228 408
31.5224 393
31.54251 379
31.56262 383
31.58274 395
31.60285 365
31.62297 381
31.64308 390
31.66319 378
31.68331 357
31.70342 412
31.72353 387
31.74365 384
31.76376 377
31.78387 378
31.80399 367
31.8241 391
31.84422 356
31.86433 345
31.88444 354
31.90456 319
31.92467 345
31.94478 376
31.9649 354
31.98501 379
32.00513 378
32.02524 368
32.04535 380
32.06547 372
32.08558 349
32.10569 403
32.12581 379
32.14592 378
32.16604 369
32.18615 380
32.20626 376
32.22638 363
32.24649 350
32.2666 400
32.28672 394
32.30683 394
32.32694 400
32.34706 415
32.36717 413
32.38729 424
32.4074 374
32.42751 387
32.44763 414
32.46774 386
32.48785 395
32.50797 426
32.52808 380
32.5482 401
32.56831 392
32.58842 385
32.60854 406
32.62865 425
32.64876 353
32.66888 367
32.68899 403
32.7091 410
32.72922 354
32.74933 341
32.76945 379
32.78956 381
32.80967 394
32.82979 389
32.8499 378
32.87001 397
32.89013 442
32.91024 434
32.93036 415
32.95047 382
32.97058 413
32.9907 409
33.01081 404
33.03092 405
33.05104 427
33.07115 403
33.09127 412
33.11138 393
33.13149 378
33.15161 404
33.17172 402
33.19183 374
33.21195 363
33.23206 373
33.25217 365
33.27229 367
33.2924 359
33.31252 365
33.33263 379
33.35274 334
33.37286 332
33.39297 333
33.41308 369
33.4332 374
33.45331 369
33.47343 376
33.49354 345
33.51365 351
33.53377 355
33.55388 350
33.57399 348
33.59411 327
33.61422 374
33.63434 358
33.65445 325
33.67456 376
33.69468 391
33.71479 383
33.7349 348
33.75502 365
33.77513 383
33.79524 389
33.81536 412
33.83547 376
33.85559 417
33.8757 406
33.89581 352
33.91593 385
33.93604 420
33.95615 390
33.97627 378
33.99638 396
34.0165 375
34.03661 387
34.05672 402
34.07684 389
34.09695 422
34.11706 461
34.13718 427
34.15729 458
34.17741 451
34.19752 472
34.21763 506
34.23775 532
34.25786 511
34.27797 524
34.29809 449
34.3182 518
34.33831 485
34.35843 478
34.37854 538
34.39866 526
34.41877 510
34.43888 555
34.459 541
34.47911 537
34.49922 584
34.51934 528
34.53945 564
34.55957 566
34.57968 566
34.59979 598
34.61991 610
34.64002 627
34.66013 570
34.68025 630
34.70036 638
34.72047 630
34.74059 639
34.7607 579
34.78082 615
34.80093 591
34.82104 608
34.84116 579
34.86127 599
34.88138 634
34.9015 604
34.92161 601
34.94173 603
34.96184 630
34.98195 635
35.00207 573
35.02218 611
35.04229 599
35.06241 638
35.08252 598
35.10264 595
35.12275 644
35.14286 596
35.16298 608
35.18309 595
35.2032 611
35.22332 597
35.24343 626
35.26354 618
35.28366 595
35.30377 625
35.32389 621
35.344 580
35.36411 619
35.38423 615
35.40434 592
35.42445 514
35.44457 575
35.46468 580
35.4848 540
35.50491 587
35.52502 605
35.54514 562
35.56525 598
35.58536 561
35.60548 575
35.62559 541
35.64571 581
35.66582 496
35.68593 538
35.70605 567
35.72616 530
35.74627 504
35.76639 512
35.7865 532
35.80661 500
35.82673 531
35.84684 489
35.86696 561
35.88707 514
35.90718 592
35.9273 578
35.94741 576
35.96752 585
35.98764 567
36.00775 576
36.02787 594
36.04798 545
36.06809 559
36.08821 610
36.10832 555
36.12843 488
36.14855 497
36.16866 482
36.18878 497
36.20889 489
36.229 473
36.24912 474
36.26923 483
36.28934 511
36.30946 509
36.32957 492
36.34968 522
36.3698 548
36.38991 576
36.41003 612
36.43014 727
36.45025 781
36.47037 899
36.49048 897
36.51059 826
36.53071 770
36.55082 742
36.57094 683
36.59105 722
36.61116 661
36.63128 590
36.65139 557
36.6715 470
36.69162 502
36.71173 485
36.73184 486
36.75196 461
36.77207 473
36.79219 450
36.8123 433
36.83241 493
36.85253 467
36.87264 492
36.89275 474
36.91287 475
36.93298 445
36.9531 460
36.97321 439
36.99332 505
37.01344 484
37.03355 459
37.05366 421
37.07378 473
37.09389 448
37.11401 481
37.13412 447
37.15423 454
37.17435 424
37.19446 408
37.21457 416
37.23469 402
37.2548 423
37.27491 457
37.29503 466
37.31514 460
37.33526 402
37.35537 447
37.37548 422
37.3956 410
37.41571 396
37.43582 428
37.45594 441
37.47605 463
37.49617 417
37.51628 423
37.53639 426
37.55651 440
37.57662 413
37.59673 426
37.61685 406
37.63696 376
37.65708 408
37.67719 423
37.6973 413
37.71742 382
37.73753 429
37.75764 415
37.77776 428
37.79787 394
37.81798 369
37.8381 355
37.85821 421
37.87833 339
37.89844 362
37.91855 384
37.93867 356
37.95878 347
37.97889 385
37.99901 374
38.01912 400
38.03924 375
38.05935 376
38.07946 328
38.09958 391
38.11969 378
38.1398 374
38.15992 364
38.18003 380
38.20015 375
38.22026 346
38.24037 380
38.26049 414
38.2806 393
38.30071 369
38.32083 355
38.34094 347
38.36105 396
38.38117 397
38.40128 385
38.4214 363
38.44151 369
38.46162 387
38.48174 366
38.50185 414
38.52196 385
38.54208 382
38.56219 387
38.58231 388
38.60242 387
38.62253 347
38.64265 358
38.66276 394
38.68287 346
38.70299 371
38.7231 374
38.74321 348
38.76333 353
38.78344 362
38.80356 370
38.82367 359
38.84378 346
38.8639 361
38.88401 407
38.90412 318
38.92424 379
38.94435 386
38.96447 345
38.98458 334
39.00469 380
39.02481 377
39.04492 348
39.06503 370
39.08515 388
39.10526 397
39.12538 397
39.14549 408
39.1656 424
39.18572 407
39.20583 423
39.22594 449
39.24606 452
39.26617 460
39.28628 494
39.3064 603
39.32651 608
39.34663 734
39.36674 798
39.38685 882
39.40697 898
39.42708 935
39.44719 880
39.46731 843
39.48742 771
39.50754 669
39.52765 636
39.54776 602
39.56788 516
39.58799 490
39.6081 494
39.62822 442
39.64833 384
39.66845 428
39.68856 399
39.70867 403
39.72879 400
39.7489 403
39.76901 395
39.78913 352
39.80924 417
39.82935 400
39.84947 401
39.86958 377
39.8897 401
39.90981 362
39.92992 342
39.95004 383
39.97015 363
39.99026 401
40.01038 356
40.03049 394
40.05061 364
40.07072 399
40.09083 410
40.11095 415
40.13106 454
40.15117 496
40.17129 477
40.1914 498
40.21152 564
40.23163 576
40.25174 532
40.27186 537
40.29197 511
40.31208 461
40.3322 461
40.35231 449
40.37242 464
40.39254 456
40.41265 382
40.43277 380
40.45288 362
40.47299 373
40.49311 353
40.51322 379
40.53333 338
40.55345 400
40.57356 370
40.59368 346
40.61379 343
40.6339 361
40.65402 343
40.67413 346
40.69424 369
40.71436 342
40.73447 394
40.75458 355
40.7747 366
40.79481 384
40.81493 341
40.83504 373
40.85515 349
40.87527 367
40.89538 359
40.91549 390
40.93561 346
40.95572 322
40.97584 368
40.99595 346
41.01606 363
41.03618 342
41.05629 350
41.0764 347
41.09652 387
41.11663 387
41.13675 338
41.15686 375
41.17697 370
41.19709 339
41.2172 340
41.23731 372
41.25743 371
41.27754 354
41.29765 359
41.31777 373
41.33788 341
41.358 361
41.37811 338
41.39822 372
41.41834 354
41.43845 392
41.45856 327
41.47868 382
41.49879 361
41.51891 359
41.53902 391
41.55913 355
41.57925 380
41.59936 375
41.61947 358
41.63959 387
41.6597 409
41.67982 456
41.69993 437
41.72004 406
41.74016 434
41.76027 445
41.78038 417
41.8005 393
41.82061 395
41.84072 389
41.86084 375
41.88095 412
41.90107 368
41.92118 369
41.94129 368
41.96141 379
41.98152 391
42.00163 374
42.02175 360
42.04186 356
42.06198 360
42.08209 369
42.1022 350
42.12232 367
42.14243 383
42.16254 399
42.18266 379
42.20277 363
42.22289 383
42.243 425
42.26311 484
42.28323 453
42.30334 533
42.32345 516
42.34357 565
42.36368 592
42.38379 659
42.40391 607
42.42402 623
42.44414 581
42.46425 529
42.48436 572
42.50448 494
42.52459 496
42.5447 431
42.56482 417
42.58493 408
42.60505 372
42.62516 367
42.64527 406
42.66539 383
42.6855 340
42.70561 360
42.72573 395
42.74584 379
42.76595 361
42.78607 384
42.80618 366
42.8263 398
42.84641 351
42.86652 362
42.88664 378
42.90675 373
42.92686 363
42.94698 381
42.96709 352
42.98721 419
43.00732 350
43.02743 401
43.04755 371
43.06766 387
43.08777 424
43.10789 440
43.128 435
43.14812 487
43.16823 484
43.18834 451
43.20846 475
43.22857 473
43.24868 437
43.2688 484
43.28891 455
43.30902 375
43.32914 413
43.34925 358
43.36937 355
43.38948 386
43.40959 364
43.42971 367
43.44982 344
43.46993 354
43.49005 306
43.51016 326
43.53028 314
43.55039 368
43.5705 338
43.59062 315
43.61073 326
43.63084 329
43.65096 319
43.67107 308
43.69119 333
43.7113 326
43.73141 305
43.75153 347
43.77164 314
43.79175 314
43.81187 304
43.83198 314
43.85209 319
43.87221 306
43.89232 317
43.91244 351
43.93255 326
43.95266 334
43.97278 317
43.99289 307
44.013 309
44.03312 330
44.05323 334
44.07335 333
44.09346 314
44.11357 340
44.13369 340
44.1538 349
44.17391 317
44.19403 348
44.21414 319
44.23426 340
44.25437 314
44.27448 320
44.2946 326
44.31471 316
44.33482 311
44.35494 307
44.37505 324
44.39516 320
44.41528 318
44.43539 306
44.45551 333
44.47562 311
44.49573 324
44.51585 309
44.53596 310
44.55607 307
44.57619 295
44.5963 299
44.61642 336
44.63653 326
44.65664 333
44.67676 313
44.69687 331
44.71698 327
44.7371 346
44.75721 350
44.77732 335
44.79744 362
44.81755 346
44.83767 383
44.85778 326
44.87789 336
44.89801 328
44.91812 310
44.93823 326
44.95835 318
44.97846 349
44.99858 336
45.01869 356
45.0388 366
45.05892 324
45.07903 322
45.09914 309
45.11926 324
45.13937 314
45.15949 318
45.1796 317
45.19971 342
45.21983 348
45.23994 345
45.26005 361
45.28017 341
45.30028 337
45.32039 345
45.34051 307
45.36062 319
45.38074 360
45.40085 324
45.42096 334
45.44108 344
45.46119 361
45.4813 332
45.50142 323
45.52153 344
45.54165 399
45.56176 358
45.58187 374
45.60199 354
45.6221 410
45.64221 403
45.66233 425
45.68244 484
45.70256 486
45.72267 527
45.74278 510
45.7629 495
45.78301 493
45.80312 455
45.82324 433
45.84335 375
45.86346 436
45.88358 385
45.90369 350
45.92381 368
45.94392 332
45.96403 312
45.98415 345
46.00426 323
46.02437 323
46.04449 307
46.0646 319
46.08472 322
46.10483 323
46.12494 319
46.14506 300
46.16517 288
46.18528 329
46.2054 297
46.22551 312
46.24563 324
46.26574 331
46.28585 308
46.30597 281
46.32608 317
46.34619 292
46.36631 332
46.38642 289
46.40653 289
46.42665 314
46.44676 320
46.46688 261
46.48699 290
46.5071 287
46.52722 326
46.54733 320
46.56744 278
46.58756 311
46.60767 295
46.62779 281
46.6479 303
46.66801 304
46.68813 299
46.70824 295
46.72835 290
46.74847 291
46.76858 290
46.78869 335
46.80881 304
46.82892 305
46.84904 342
46.86915 305
46.88926 305
46.90938 289
46.92949 346
46.9496 290
46.96972 336
46.98983 312
47.00995 343
47.03006 329
47.05017 380
47.07029 363
47.0904 388
47.11051 379
47.13063 356
47.15074 364
47.17086 390
47.19097 378
47.21108 340
47.2312 358
47.25131 362
47.27142 345
47.29154 386
47.31165 386
47.33176 375
47.35188 381
47.37199 371
47.39211 398
47.41222 432
47.43233 469
47.45245 456
47.47256 443
47.49267 472
47.51279 463
47.5329 444
47.55302 440
47.57313 413
47.59324 419
47.61336 388
47.63347 438
47.65358 367
47.6737 364
47.69381 345
47.71393 357
47.73404 344
47.75415 320
47.77427 379
47.79438 320
47.81449 316
47.83461 340
47.85472 306
47.87483 325
47.89495 290
47.91506 304
47.93518 344
47.95529 319
47.9754 295
47.99552 307
48.01563 306
48.03574 314
48.05586 322
48.07597 311
48.09609 341
48.1162 330
48.13631 335
48.15643 311
48.17654 306
48.19665 327
48.21677 300
48.23688 348
48.257 338
48.27711 361
48.29722 370
48.31734 357
48.33745 326
48.35756 360
48.37768 394
48.39779 402
48.4179 356
48.43802 429
48.45813 430
48.47825 414
48.49836 449
48.51847 404
48.53859 445
48.5587 449
48.57881 424
48.59893 435
48.61904 419
48.63916 386
48.65927 383
48.67938 427
48.6995 371
48.71961 371
48.73972 365
48.75984 349
48.77995 379
48.80006 359
48.82018 347
48.84029 302
48.86041 356
48.88052 353
48.90063 319
48.92075 312
48.94086 283
48.96097 317
48.98109 324
49.0012 303
49.02132 350
49.04143 330
49.06154 344
49.08166 348
49.10177 336
49.12188 346
49.142 347
49.16211 339
49.18223 347
49.20234 309
49.22245 337
49.24257 349
49.26268 344
49.28279 363
49.30291 315
49.32302 321
49.34313 357
49.36325 285
49.38336 321
49.40348 302
49.42359 312
49.4437 350
49.46382 306
49.48393 360
49.50404 328
49.52416 311
49.54427 321
49.56439 315
49.5845 293
49.60461 355
49.62473 323
49.64484 359
49.66495 346
49.68507 373
49.70518 343
49.7253 348
49.74541 399
49.76552 356
49.78564 393
49.80575 446
49.82586 378
49.84598 392
49.86609 454
49.8862 408
49.90632 445
49.92643 458
49.94655 493
49.96666 566
49.98677 638
50.00689 736
50.027 818
50.04711 861
50.06723 948
50.08734 999
50.10746 901
50.12757 814
50.14768 715
50.1678 651
50.18791 682
50.20802 701
50.22814 608
50.24825 554
50.26837 529
50.28848 411
50.30859 345
50.32871 353
50.34882 357
50.36893 335
50.38905 371
50.40916 352
50.42927 353
50.44939 362
50.4695 403
50.48962 370
50.50973 369
50.52984 395
50.54996 414
50.57007 372
50.59018 381
50.6103 387
50.63041 401
50.65053 396
50.67064 356
50.69075 357
50.71087 376
50.73098 350
50.75109 361
50.77121 342
50.79132 319
50.81143 307
50.83155 317
50.85166 320
50.87178 314
50.89189 304
50.912 296
50.93212 322
50.95223 282
50.97234 296
50.99246 300
51.01257 297
51.03269 281
51.0528 277
51.07291 290
51.09303 305
51.11314 323
51.13325 330
51.15337 329
51.17348 353
51.1936 318
51.21371 331
51.23382 326
51.25394 361
51.27405 364
51.29416 332
51.31428 354
51.33439 331
51.3545 339
51.37462 331
51.39473 323
51.41485 325
51.43496 276
51.45507 298
51.47519 286
51.4953 287
51.51541 283
51.53553 257
51.55564 272
51.57576 284
51.59587 279
51.61598 300
51.6361 289
51.65621 275
51.67632 268
51.69644 294
51.71655 290
51.73667 263
51.75678 276
51.77689 274
51.79701 269
51.81712 301
51.83723 273
51.85735 268
51.87746 272
51.89757 269
51.91769 284
51.9378 279
51.95792 259
51.97803 306
51.99814 289
52.01826 281
52.03837 254
52.05848 270
52.0786 262
52.09871 247
52.11883 281
52.13894 255
52.15905 277
52.17917 258
52.19928 267
52.21939 277
52.23951 284
52.25962 283
52.27974 308
52.29985 309
52.31996 275
52.34008 302
52.36019 264
52.3803 305
52.40042 275
52.42053 329
52.44064 316
52.46076 287
52.48087 290
52.50099 290
52.5211 319
52.54121 294
52.56133 299
52.58144 288
52.60155 285
52.62167 298
52.64178 309
52.6619 285
52.68201 287
52.70212 307
52.72224 315
52.74235 286
52.76246 308
52.78258 301
52.80269 293
52.8228 283
52.84292 281
52.86303 316
52.88315 343
52.90326 349
52.92337 292
52.94349 331
52.9636 314
52.98371 317
53.00383 326
53.02394 330
53.04406 331
53.06417 297
53.08428 322
53.1044 318
53.12451 336
53.14462 322
53.16474 337
53.18485 313
53.20497 341
53.22508 336
53.24519 366
53.26531 341
53.28542 326
53.30553 325
53.32565 312
53.34576 309
53.36587 331
53.38599 319
53.4061 330
53.42622 318
53.44633 348
53.46644 324
53.48656 306
53.50667 309
53.52678 340
53.5469 323
53.56701 339
53.58713 338
53.60724 328
53.62735 351
53.64747 348
53.66758 370
53.68769 364
53.70781 340
53.72792 373
53.74804 380
53.76815 373
53.78826 382
53.80838 378
53.82849 367
53.8486 347
53.86872 371
53.88883 377
53.90894 363
53.92906 365
53.94917 366
53.96929 349
53.9894 370
54.00951 357
54.02963 340
54.04974 365
54.06985 367
54.08997 361
54.11008 359
54.1302 329
54.15031 320
54.17042 370
54.19054 354
54.21065 360
54.23076 371
54.25088 353
54.27099 392
54.29111 372
54.31122 353
54.33133 363
54.35145 354
54.37156 333
54.39167 366
54.41179 342
54.4319 360
54.45201 332
54.47213 353
54.49224 370
54.51236 336
54.53247 330
54.55258 339
54.5727 354
54.59281 373
54.61292 409
54.63304 339
54.65315 371
54.67327 389
54.69338 408
54.71349 387
54.73361 453
54.75372 472
54.77383 463
54.79395 526
54.81406 524
54.83417 479
54.85429 495
54.8744 467
54.89452 428
54.91463 434
54.93474 448
54.95486 433
54.97497 446
54.99508 420
55.0152 370
55.03531 382
55.05543 349
55.07554 343
55.09565 387
55.11577 338
55.13588 383
55.15599 385
55.17611 360
55.19622 395
55.21634 372
55.23645 401
55.25656 404
55.27668 437
55.29679 396
55.3169 396
55.33702 371
55.35713 358
55.37724 385
55.39736 356
55.41747 401
55.43759 337
55.4577 353
55.47781 368
55.49793 339
55.51804 322
55.53815 363
55.55827 330
55.57838 331
55.5985 310
55.61861 313
55.63872 304
55.65884 340
55.67895 329
55.69906 310
55.71918 335
55.73929 289
55.75941 329
55.77952 307
55.79963 303
55.81975 328
55.83986 312
55.85997 326
55.88009 280
55.9002 331
55.92031 323
55.94043 331
55.96054 314
55.98066 330
56.00077 301
56.02088 325
56.041 334
56.06111 308
56.08122 325
56.10134 282
56.12145 281
56.14157 326
56.16168 301
56.18179 296
56.20191 319
56.22202 320
56.24213 284
56.26225 285
56.28236 307
56.30248 314
56.32259 320
56.3427 345
56.36282 321
56.38293 328
56.40304 310
56.42316 312
56.44327 317
56.46338 335
56.4835 318
56.50361 322
56.52373 318
56.54384 326
56.56395 316
56.58407 336
56.60418 354
56.62429 322
56.64441 377
56.66452 324
56.68464 313
56.70475 363
56.72486 333
56.74498 341
56.76509 338
56.7852 322
56.80532 304
56.82543 305
56.84554 343
56.86566 299
56.88577 269
56.90589 318
56.926 287
56.94611 320
56.96623 287
56.98634 332
57.00645 279
57.02657 315
57.04668 306
57.0668 331
57.08691 300
57.10702 306
57.12714 317
57.14725 280
57.16736 318
57.18748 335
57.20759 286
57.22771 337
57.24782 298
57.26793 326
57.28805 340
57.30816 395
57.32827 342
57.34839 316
57.3685 344
57.38861 359
57.40873 350
57.42884 371
57.44896 405
57.46907 381
57.48918 376
57.5093 362
57.52941 398
57.54952 352
57.56964 350
57.58975 337
57.60987 342
57.62998 345
57.65009 298
57.67021 325
57.69032 320
57.71043 264
57.73055 290
57.75066 312
57.77078 321
57.79089 335
57.811 338
57.83112 308
57.85123 335
57.87134 299
57.89146 296
57.91157 329
57.93168 310
57.9518 329
57.97191 303
57.99203 308
58.01214 300
58.03225 294
58.05237 288
58.07248 315
58.09259 274
58.11271 288
58.13282 318
58.15294 277
58.17305 308
58.19316 329
58.21328 305
58.23339 337
58.2535 274
58.27362 321
58.29373 314
58.31385 328
58.33396 305
58.35407 325
58.37419 316
58.3943 336
58.41441 296
58.43453 262
58.45464 280
58.47475 295
58.49487 287
58.51498 319
58.5351 312
58.55521 331
58.57532 316
58.59544 298
58.61555 303
58.63566 305
58.65578 296
58.67589 299
58.69601 305
58.71612 283
58.73623 301
58.75635 272
58.77646 288
58.79657 288
58.81669 301
58.8368 301
58.85691 311
58.87703 298
58.89714 286
58.91726 288
58.93737 278
58.95748 309
58.9776 317
58.99771 276
59.01782 299
59.03794 272
59.05805 308
59.07817 321
59.09828 290
59.11839 282
59.13851 273
59.15862 275
59.17873 283
59.19885 292
59.21896 293
59.23908 335
59.25919 266
59.2793 342
59.29942 325
59.31953 296
59.33964 317
59.35976 291
59.37987 275
59.39998 317
59.4201 290
59.44021 307
59.46033 260
59.48044 315
59.50055 307
59.52067 320
59.54078 331
59.56089 313
59.58101 302
59.60112 320
59.62124 335
59.64135 321
59.66146 343
59.68158 324
59.70169 359
59.7218 348
59.74192 371
59.76203 448
59.78215 442
59.80226 487
59.82237 565
59.84249 640
59.8626 647
59.88271 691
59.90283 686
59.92294 654
59.94305 614
59.96317 545
59.98328 531
60.0034 554
60.02351 521
60.04362 502
60.06374 466
60.08385 496
60.10396 435
60.12408 411
60.14419 374
60.16431 383
60.18442 364
60.20453 334
60.22465 345
60.24476 343
60.26487 349
60.28499 369
60.3051 345
60.32522 351
60.34533 333
60.36544 347
60.38556 328
60.40567 294
60.42578 335
60.4459 329
60.46601 310
60.48612 330
60.50624 345
60.52635 340
60.54647 341
60.56658 339
60.58669 318
60.60681 315
60.62692 362
60.64703 347
60.66715 357
60.68726 327
60.70738 341
60.72749 341
60.7476 356
60.76772 355
60.78783 340
60.80794 351
60.82806 365
60.84817 368
60.86828 358
60.8884 323
60.90851 352
60.92863 327
60.94874 348
60.96885 340
60.98897 350
61.00908 323
61.02919 355
61.04931 390
61.06942 336
61.08954 407
61.10965 377
61.12976 349
61.14988 394
61.16999 347
61.1901 410
61.21022 376
61.23033 386
61.25045 387
61.27056 394
61.29067 381
61.31079 395
61.3309 378
61.35101 405
61.37113 387
61.39124 394
61.41135 406
61.43147 416
61.45158 415
61.4717 421
61.49181 425
61.51192 449
61.53204 438
61.55215 450
61.57226 435
61.59238 443
61.61249 381
61.63261 427
61.65272 401
61.67283 384
61.69295 425
61.71306 394
61.73317 405
61.75329 439
61.7734 414
61.79352 391
61.81363 380
61.83374 389
61.85386 414
61.87397 423
61.89408 411
61.9142 391
61.93431 357
61.95442 364
61.97454 403
61.99465 416
62.01477 391
62.03488 362
62.05499 380
62.07511 369
62.09522 329
62.11533 363
62.13545 331
62.15556 375
62.17568 345
62.19579 339
62.2159 366
62.23602 346
62.25613 313
62.27624 335
62.29636 367
62.31647 321
62.33659 348
62.3567 356
62.37681 313
62.39693 327
62.41704 345
62.43715 328
62.45727 322
62.47738 316
62.49749 312
62.51761 267
62.53772 320
62.55784 318
62.57795 316
62.59806 332
62.61818 294
62.63829 319
62.6584 323
62.67852 287
62.69863 314
62.71875 313
62.73886 292
62.75897 317
62.77909 312
62.7992 289
62.81931 296
62.83943 308
62.85954 327
62.87965 306
62.89977 307
62.91988 290
62.94 293
62.96011 331
62.98022 332
63.00034 290
63.02045 367
63.04056 303
63.06068 309
63.08079 295
63.10091 333
63.12102 318
63.14113 282
63.16125 301
63.18136 300
63.20147 297
63.22159 285
63.2417 274
63.26182 317
63.28193 293
63.30204 307
63.32216 310
63.34227 322
63.36238 296
63.3825 291
63.40261 274
63.42272 296
63.44284 300
63.46295 297
63.48307 306
63.50318 281
63.52329 271
63.54341 320
63.56352 279
63.58363 288
63.60375 322
63.62386 310
63.64398 342
63.66409 287
63.6842 304
63.70432 324
63.72443 322
63.74454 293
63.76466 299
63.78477 334
63.80489 369
63.825 349
63.84511 369
63.86523 364
63.88534 362
63.90545 373
63.92557 377
63.94568 406
63.96579 386
63.98591 402
64.00602 363
64.02614 384
64.04625 336
64.06636 367
64.08648 317
64.10659 330
64.1267 327
64.14682 317
64.16693 320
64.18705 339
64.20716 333
64.22727 317
64.24739 311
64.2675 304
64.28761 316
64.30773 288
64.32784 276
64.34796 296
64.36807 278
64.38818 286
64.4083 291
64.42841 308
64.44852 297
64.46864 293
64.48875 254
64.50886 281
64.52898 300
64.54909 261
64.56921 285
64.58932 288
64.60943 304
64.62955 303
64.64966 303
64.66977 287
64.68989 292
64.71 320
64.73012 352
64.75023 295
64.77034 301
64.79046 332
64.81057 319
64.83068 310
64.8508 305
64.87091 271
64.89102 317
64.91114 312
64.93125 279
64.95137 284
64.97148 286
64.99159 301
65.01171 309
65.03182 288
65.05193 303
65.07205 264
65.09216 279
65.11228 314
65.13239 305
65.1525 290
65.17262 293
65.19273 294
65.21284 310
65.23296 306
65.25307 298
65.27319 289
65.2933 300
65.31341 277
65.33353 283
65.35364 269
65.37375 287
65.39387 321
65.41398 295
65.43409 291
65.45421 281
65.47432 282
65.49444 290
65.51455 297
65.53466 280
65.55478 277
65.57489 310
65.595 281
65.61512 297
65.63523 303
65.65535 304
65.67546 297
65.69557 295
65.71569 309
65.7358 289
65.75591 276
65.77603 318
65.79614 244
65.81626 291
65.83637 287
65.85648 260
65.8766 295
65.89671 285
65.91682 287
65.93694 258
65.95705 246
65.97716 272
65.99728 263
66.01739 283
66.03751 283
66.05762 247
66.07773 281
66.09785 253
66.11796 248
66.13807 259
66.15819 286
66.1783 304
66.19842 267
66.21853 283
66.23864 271
66.25876 266
66.27887 287
66.29898 266
66.3191 274
66.33921 254
66.35933 290
66.37944 268
66.39955 248
66.41967 281
66.43978 249
66.45989 255
66.48001 303
66.50012 246
66.52023 255
66.54035 238
66.56046 256
66.58058 265
66.60069 259
66.6208 247
66.64092 244
66.66103 247
66.68114 267
66.70126 250
66.72137 247
66.74149 273
66.7616 281
66.78171 265
66.80183 250
66.82194 277
66.84205 259
66.86217 265
66.88228 233
66.90239 274
66.92251 261
66.94262 254
66.96274 279
66.98285 288
67.00296 300
67.02308 256
67.04319 281
67.0633 269
67.08342 282
67.10353 276
67.12365 251
67.14376 281
67.16387 271
67.18399 270
67.2041 276
67.22421 285
67.24433 274
67.26444 267
67.28456 300
67.30467 260
67.32478 265
67.3449 282
67.36501 271
67.38512 292
67.40524 294
67.42535 303
67.44546 323
67.46558 286
67.48569 307
67.50581 328
67.52592 331
67.54603 343
67.56615 389
67.58626 409
67.60637 432
67.62649 487
67.6466 537
67.66672 500
67.68683 493
67.70694 525
67.72706 479
67.74717 461
67.76728 450
67.7874 419
67.80751 402
67.82763 421
67.84774 443
67.86785 438
67.88797 427
67.90808 451
67.92819 413
67.94831 443
67.96842 462
67.98853 453
68.00865 477
68.02876 515
68.04888 577
68.06899 631
68.0891 657
68.10922 648
68.12933 605
68.14944 520
68.16956 532
68.18967 533
68.20979 573
68.2299 626
68.25001 544
68.27013 584
68.29024 503
68.31035 527
68.33047 464
68.35058 398
68.3707 422
68.39081 381
68.41092 396
68.43104 364
68.45115 392
68.47126 318
68.49138 325
68.51149 312
68.5316 294
68.55172 356
68.57183 278
68.59195 306
68.61206 272
68.63217 278
68.65229 285
68.6724 281
68.69251 268
68.71263 267
68.73274 269
68.75286 274
68.77297 287
68.79308 257
68.8132 270
68.83331 314
68.85342 263
68.87354 301
68.89365 309
68.91376 274
68.93388 280
68.95399 296
68.97411 290
68.99422 289
69.01433 307
69.03445 314
69.05456 262
69.07467 248
69.09479 318
69.1149 262
69.13502 294
69.15513 281
69.17524 311
69.19536 269
69.21547 276
69.23558 281
69.2557 298
69.27581 248
69.29593 294
69.31604 283
69.33615 268
69.35627 268
69.37638 286
69.39649 311
69.41661 283
69.43672 291
69.45683 271
69.47695 266
69.49706 259
69.51718 274
69.53729 281
69.5574 268
69.57752 275
69.59763 270
69.61774 290
69.63786 275
69.65797 267
69.67809 247
69.6982 295
69.71831 275
69.73843 272
69.75854 320
69.77865 277
69.79877 265
69.81888 242
69.839 290
69.85911 274
69.87922 273
69.89934 267
69.91945 267
69.93956 256
69.95968 253
69.97979 254
69.9999 275
70.02002 290
70.04013 289
70.06025 263
70.08036 268
70.10047 296
70.12059 277
70.1407 293
70.16081 268
70.18093 291
70.20104 277
70.22116 263
70.24127 247
70.26138 275
70.2815 280
70.30161 262
70.32172 261
70.34184 272
70.36195 273
70.38207 279
70.40218 244
70.42229 282
70.44241 259
70.46252 271
70.48263 278
70.50275 262
70.52286 225
70.54297 240
70.56309 247
70.5832 247
70.60332 240
70.62343 286
70.64354 253
70.66366 245
70.68377 259
70.70388 279
70.724 253
70.74411 256
70.76423 232
70.78434 275
70.80445 266
70.82457 243
70.84468 237
70.86479 280
70.88491 252
70.90502 262
70.92513 248
70.94525 273
70.96536 260
70.98548 267
71.00559 282
71.0257 251
71.04582 264
71.06593 257
71.08604 271
71.10616 256
71.12627 255
71.14639 294
71.1665 274
71.18661 290
71.20673 287
71.22684 259
71.24695 249
71.26707 264
71.28718 280
71.3073 257
71.32741 241
71.34752 265
71.36764 243
71.38775 269
71.40786 276
71.42798 262
71.44809 273
71.4682 295
71.48832 278
71.50843 277
71.52855 249
71.54866 265
71.56877 249
71.58889 256
71.609 291
71.62911 266
71.64923 261
71.66934 273
71.68946 240
71.70957 240
71.72968 272
71.7498 264
71.76991 273
71.79002 268
71.81014 263
71.83025 258
71.85037 277
71.87048 266
71.89059 262
71.91071 270
71.93082 258
71.95093 260
71.97105 264
71.99116 266
72.01127 315
72.03139 284
72.0515 243
72.07162 262
72.09173 261
72.11184 269
72.13196 263
72.15207 289
72.17218 303
72.1923 280
72.21241 277
72.23253 293
72.25264 257
72.27275 288
72.29287 245
72.31298 271
72.33309 292
72.35321 296
72.37332 291
72.39344 267
72.41355 292
72.43366 284
72.45378 306
72.47389 295
72.494 254
72.51412 309
72.53423 280
72.55434 269
72.57446 287
72.59457 268
72.61469 307
72.6348 354
72.65491 277
72.67503 279
72.69514 292
72.71525 314
72.73537 282
72.75548 276
72.7756 313
72.79571 309
72.81582 300
72.83594 278
72.85605 293
72.87616 291
72.89628 305
72.91639 290
72.9365 292
72.95662 319
72.97673 317
72.99685 301
73.01696 314
73.03707 319
73.05719 307
73.0773 271
73.09741 293
73.11753 277
73.13764 280
73.15776 300
73.17787 303
73.19798 311
73.2181 270
73.23821 333
73.25832 318
73.27844 326
73.29855 343
73.31867 343
73.33878 347
73.35889 374
73.37901 387
73.39912 376
73.41923 361
73.43935 346
73.45946 357
73.47957 308
73.49969 332
73.5198 339
73.53992 316
73.56003 309
73.58014 335
73.60026 313
73.62037 296
73.64048 345
73.6606 310
73.68071 317
73.70083 285
73.72094 292
73.74105 321
73.76117 278
73.78128 307
73.80139 260
73.82151 268
73.84162 272
73.86174 279
73.88185 278
73.90196 281
73.92208 260
73.94219 256
73.9623 289
73.98242 274
74.00253 282
74.02264 279
74.04276 266
74.06287 280
74.08299 281
74.1031 269
74.12321 288
74.14333 299
74.16344 261
74.18355 272
74.20367 275
74.22378 269
74.2439 275
74.26401 272
74.28412 248
74.30424 253
74.32435 255
74.34446 268
74.36458 235
74.38469 276
74.40481 244
74.42492 251
74.44503 283
74.46515 265
74.48526 266
74.50537 240
74.52549 279
74.5456 255
74.56571 286
74.58583 271
74.60594 301
74.62606 267
74.64617 271
74.66628 279
74.6864 264
74.70651 282
74.72662 260
74.74674 268
74.76685 249
74.78697 250
74.80708 255
74.82719 259
74.84731 267
74.86742 259
74.88753 253
74.90765 273
74.92776 288
74.94787 284
74.96799 284
74.9881 267
75.00822 297
