3.00117 19665
3.02128 18956
3.0414 18589
3.06151 18230
3.08162 17409
3.10174 17140
3.12185 16446
3.14197 16091
3.16208 15427
3.18219 15019
3.20231 14743
3.22242 14020
3.24253 14078
3.26265 13455
3.28276 13285
3.30288 12963
3.32299 12278
3.3431 11931
3.36322 11371
3.38333 11223
3.40344 11005
3.42356 10375
3.44367 10112
3.46379 9926
3.4839 9445
3.50401 9254
3.52413 8820
3.54424 8565
3.56435 8063
3.58447 7989
3.60458 7537
3.62469 7256
3.64481 7048
3.66492 6745
3.68504 6511
3.70515 6276
3.72526 6005
3.74538 5652
3.76549 5704
3.7856 5517
3.80572 5304
3.82583 4943
3.84595 4765
3.86606 4562
3.88617 4445
3.90629 4397
3.9264 3891
3.94651 3945
3.96663 3746
3.98674 3616
4.00686 3516
4.02697 3156
4.04708 3225
4.0672 2978
4.08731 2969
4.10742 2917
4.12754 2616
4.14765 2590
4.16776 2504
4.18788 2338
4.20799 2388
4.22811 2082
4.24822 2253
4.26833 1999
4.28845 2060
4.30856 2076
4.32867 1906
4.34879 1906
4.3689 1835
4.38902 1859
4.40913 1837
4.42924 1721
4.44936 1701
4.46947 1682
4.48958 1549
4.5097 1601
4.52981 1455
4.54992 1600
4.57004 1488
4.59015 1466
4.61027 1385
4.63038 1326
4.65049 1310
4.67061 1360
4.69072 1324
4.71083 1310
4.73095 1198
4.75106 1213
4.77118 1093
4.79129 1132
4.8114 1229
4.83152 1136
4.85163 1082
4.87174 1070
4.89186 1065
4.91197 1046
4.93209 963
4.9522 942
4.97231 986
4.99243 952
5.01254 953
5.03265 933
5.05277 911
5.07288 871
5.09299 917
5.11311 861
5.13322 803
5.15334 795
5.17345 835
5.19356 815
5.21368 841
5.23379 766
5.2539 705
5.27402 773
5.29413 793
5.31425 742
5.33436 776
5.35447 733
5.37459 710
5.3947 700
5.41481 638
5.43493 676
5.45504 725
5.47516 677
5.49527 660
5.51538 628
5.5355 622
5.55561 583
5.57572 639
5.59584 565
5.61595 547
5.63606 624
5.65618 630
5.67629 573
5.69641 622
5.71652 506
5.73663 508
5.75675 556
5.77686 533
5.79697 525
5.81709 527
5.8372 518
5.85732 544
5.87743 507
5.89754 473
5.91766 544
5.93777 557
5.95788 521
5.978 494
5.99811 502
6.01823 535
6.03834 494
6.05845 506
6.07857 520
6.09868 502
6.11879 505
6.13891 503
6.15902 503
6.17913 492
6.19925 522
6.21936 502
6.23948 497
6.25959 492
6.2797 549
6.29982 493
6.31993 482
6.34004 453
6.36016 513
6.38027 501
6.40039 485
6.4205 428
6.44061 468
6.46073 481
6.48084 410
6.50095 460
6.52107 493
6.54118 462
6.56129 432
6.58141 448
6.60152 452
6.62164 433
6.64175 473
6.66186 444
6.68198 425
6.70209 477
6.7222 419
6.74232 455
6.76243 433
6.78255 415
6.80266 394
6.82277 461
6.84289 403
6.863 437
6.88311 436
6.90323 450
6.92334 420
6.94346 429
6.96357 436
6.98368 472
7.0038 428
7.02391 426
7.04402 383
7.06414 435
7.08425 450
7.10436 446
7.12448 395
7.14459 444
7.16471 408
7.18482 407
7.20493 416
7.22505 406
7.24516 402
7.26527 377
7.28539 379
7.3055 427
7.32562 452
7.34573 371
7.36584 419
7.38596 388
7.40607 399
7.42618 388
7.4463 427
7.46641 386
7.48653 397
7.50664 421
7.52675 406
7.54687 416
7.56698 435
7.58709 403
7.60721 379
7.62732 417
7.64743 394
7.66755 407
7.68766 387
7.70778 411
7.72789 384
7.748 396
7.76812 381
7.78823 374
7.80834 412
7.82846 395
7.84857 397
7.86869 414
7.8888 419
7.90891 376
7.92903 406
7.94914 382
7.96925 375
7.98937 410
8.00948 429
8.0296 379
8.04971 391
8.06982 377
8.08994 384
8.11005 391
8.13016 366
8.15028 370
8.17039 383
8.1905 392
8.21062 367
8.23073 377
8.25085 407
8.27096 402
8.29107 394
8.31119 343
8.3313 371
8.35141 414
8.37153 389
8.39164 355
8.41176 366
8.43187 393
8.45198 367
8.4721 365
8.49221 386
8.51232 388
8.53244 378
8.55255 393
8.57266 349
8.59278 400
8.61289 369
8.63301 395
8.65312 414
8.67323 349
8.69335 365
8.71346 372
8.73357 366
8.75369 360
8.7738 393
8.79392 395
8.81403 381
8.83414 342
8.85426 358
8.87437 341
8.89448 358
8.9146 324
8.93471 319
8.95483 335
8.97494 375
8.99505 333
9.01517 334
9.03528 332
9.05539 331
9.07551 341
9.09562 308
9.11573 315
9.13585 352
9.15596 324
9.17608 322
9.19619 294
9.2163 309
9.23642 326
9.25653 286
9.27664 303
9.29676 305
9.31687 305
9.33699 326
9.3571 287
9.37721 294
9.39733 305
9.41744 333
9.43755 295
9.45767 304
9.47778 286
9.4979 261
9.51801 281
9.53812 295
9.55824 299
9.57835 307
9.59846 296
9.61858 276
9.63869 277
9.6588 313
9.67892 313
9.69903 261
9.71915 283
9.73926 284
9.75937 259
9.77949 315
9.7996 302
9.81971 273
9.83983 306
9.85994 284
9.88006 267
9.90017 304
9.92028 284
9.9404 322
9.96051 268
9.98062 315
10.00074 278
10.02085 300
10.04097 268
10.06108 302
10.08119 254
10.10131 267
10.12142 254
10.14153 285
10.16165 251
10.18176 317
10.20187 265
10.22199 264
10.2421 263
10.26222 271
10.28233 261
10.30244 239
10.32256 265
10.34267 301
10.36278 265
10.3829 257
10.40301 329
10.42313 293
10.44324 290
10.46335 279
10.48347 282
10.50358 281
10.52369 304
10.54381 284
10.56392 288
10.58403 297
10.60415 243
10.62426 283
10.64438 286
10.66449 309
10.6846 255
10.70472 259
10.72483 273
10.74494 263
10.76506 281
10.78517 266
10.80529 278
10.8254 309
10.84551 303
10.86563 290
10.88574 313
10.90585 297
10.92597 259
10.94608 283
10.9662 268
10.98631 274
11.00642 292
11.02654 255
11.04665 256
11.06676 300
11.08688 264
11.10699 317
11.1271 310
11.14722 251
11.16733 283
11.18745 289
11.20756 260
11.22767 277
11.24779 295
11.2679 272
11.28801 277
11.30813 308
11.32824 244
11.34836 258
11.36847 249
11.38858 240
11.4087 297
11.42881 243
11.44892 243
11.46904 227
11.48915 258
11.50927 259
11.52938 268
11.54949 269
11.56961 305
11.58972 275
11.60983 250
11.62995 250
11.65006 246
11.67017 266
11.69029 330
11.7104 284
11.73052 249
11.75063 302
11.77074 246
11.79086 261
11.81097 273
11.83108 256
11.8512 265
11.87131 253
11.89143 265
11.91154 269
11.93165 246
11.95177 261
11.97188 286
11.99199 275
12.01211 277
12.03222 302
12.05234 292
12.07245 306
12.09256 294
12.11268 259
12.13279 260
12.1529 265
12.17302 254
12.19313 270
12.21324 300
12.23336 278
12.25347 268
12.27359 288
12.2937 294
12.31381 294
12.33393 283
12.35404 314
12.37415 287
12.39427 329
12.41438 301
12.4345 279
12.45461 300
12.47472 269
12.49484 300
12.51495 289
12.53506 281
12.55518 299
12.57529 292
12.5954 281
12.61552 275
12.63563 286
12.65575 265
12.67586 277
12.69597 279
12.71609 274
12.7362 283
12.75631 280
12.77643 287
12.79654 260
12.81666 262
12.83677 306
12.85688 262
12.877 245
12.89711 263
12.91722 253
12.93734 275
12.95745 273
12.97757 270
12.99768 229
13.01779 289
13.03791 280
13.05802 267
13.07813 274
13.09825 251
13.11836 270
13.13847 271
13.15859 268
13.1787 249
13.19882 298
13.21893 250
13.23904 296
13.25916 260
13.27927 262
13.29938 266
13.3195 288
13.33961 232
13.35973 239
13.37984 251
13.39995 253
13.42007 276
13.44018 283
13.46029 275
13.48041 289
13.50052 267
13.52064 237
13.54075 257
13.56086 283
13.58098 246
13.60109 271
13.6212 273
13.64132 267
13.66143 271
13.68154 248
13.70166 267
13.72177 229
13.74189 247
13.762 249
13.78211 285
13.80223 252
13.82234 271
13.84245 262
13.86257 267
13.88268 268
13.9028 274
13.92291 243
13.94302 253
13.96314 240
13.98325 262
14.00336 254
14.02348 283
14.04359 246
14.06371 246
14.08382 231
14.10393 285
14.12405 281
14.14416 247
14.16427 270
14.18439 275
14.2045 275
14.22461 230
14.24473 233
14.26484 246
14.28496 242
14.30507 231
14.32518 284
14.3453 249
14.36541 236
14.38552 256
14.40564 268
14.42575 254
14.44587 255
14.46598 255
14.48609 261
14.50621 245
14.52632 258
14.54643 274
14.56655 266
14.58666 238
14.60677 267
14.62689 266
14.647 246
14.66712 229
14.68723 257
14.70734 254
14.72746 271
14.74757 252
14.76768 255
14.7878 260
14.80791 255
14.82803 243
14.84814 228
14.86825 262
14.88837 280
14.90848 279
14.92859 242
14.94871 268
14.96882 259
14.98894 229
15.00905 256
15.02916 245
15.04928 276
15.06939 241
15.0895 234
15.10962 232
15.12973 259
15.14984 263
15.16996 256
15.19007 286
15.21019 260
15.2303 267
15.25041 250
15.27053 250
15.29064 274
15.31075 259
15.33087 250
15.35098 264
15.3711 236
15.39121 251
15.41132 221
15.43144 263
15.45155 289
15.47166 255
15.49178 265
15.51189 301
15.53201 246
15.55212 248
15.57223 230
15.59235 239
15.61246 226
15.63257 248
15.65269 222
15.6728 234
15.69291 246
15.71303 263
15.73314 258
15.75326 271
15.77337 247
15.79348 280
15.8136 266
15.83371 232
15.85382 280
15.87394 283
15.89405 287
15.91417 260
15.93428 251
15.95439 274
15.97451 243
15.99462 252
16.01473 270
16.03485 264
16.05496 254
16.07508 301
16.09519 233
16.1153 264
16.13542 270
16.15553 250
16.17564 260
16.19576 265
16.21587 262
16.23598 288
16.2561 303
16.27621 250
16.29633 289
16.31644 273
16.33655 257
16.35667 252
16.37678 255
16.39689 233
16.41701 251
16.43712 289
16.45724 283
16.47735 272
16.49746 241
16.51758 259
16.53769 273
16.5578 259
16.57792 255
16.59803 260
16.61814 267
16.63826 240
16.65837 258
16.67849 263
16.6986 253
16.71871 268
16.73883 248
16.75894 286
16.77905 308
16.79917 219
16.81928 262
16.8394 283
16.85951 260
16.87962 299
16.89974 283
16.91985 274
16.93996 255
16.96008 296
16.98019 280
17.00031 275
17.02042 290
17.04053 270
17.06065 267
17.08076 243
17.10087 251
17.12099 267
17.1411 273
17.16121 257
17.18133 247
17.20144 286
17.22156 246
17.24167 286
17.26178 266
17.2819 263
17.30201 262
17.32212 291
17.34224 266
17.36235 305
17.38247 285
17.40258 248
17.42269 288
17.44281 282
17.46292 280
17.48303 273
17.50315 275
17.52326 282
17.54338 280
17.56349 307
17.5836 284
17.60372 260
17.62383 271
17.64394 285
17.66406 260
17.68417 305
17.70428 285
17.7244 275
17.74451 256
17.76463 313
17.78474 257
17.80485 282
17.82497 294
17.84508 247
17.86519 288
17.88531 315
17.90542 282
17.92554 282
17.94565 258
17.96576 270
17.98588 281
18.00599 267
18.0261 269
18.04622 311
18.06633 260
18.08645 273
18.10656 251
18.12667 304
18.14679 274
18.1669 312
18.18701 306
18.20713 307
18.22724 275
18.24735 267
18.26747 301
18.28758 285
18.3077 282
18.32781 326
18.34792 262
18.36804 254
18.38815 277
18.40826 285
18.42838 292
18.44849 285
18.46861 280
18.48872 299
18.50883 284
18.52895 320
18.54906 271
18.56917 298
18.58929 246
18.6094 286
18.62951 303
18.64963 271
18.66974 272
18.68986 260
18.70997 304
18.73008 310
18.7502 272
18.77031 295
18.79042 299
18.81054 296
18.83065 292
18.85077 308
18.87088 310
18.89099 281
18.91111 302
18.93122 248
18.95133 277
18.97145 282
18.99156 278
19.01168 299
19.03179 276
19.0519 329
19.07202 275
19.09213 279
19.11224 319
19.13236 341
19.15247 277
19.17258 332
19.1927 361
19.21281 325
19.23293 370
19.25304 325
19.27315 371
19.29327 383
19.31338 356
19.33349 363
19.35361 369
19.37372 340
19.39384 328
19.41395 424
19.43406 385
19.45418 406
19.47429 424
19.4944 405
19.51452 389
19.53463 430
19.55475 442
19.57486 455
19.59497 444
19.61509 503
19.6352 480
19.65531 543
19.67543 545
19.69554 573
19.71565 547
19.73577 542
19.75588 564
19.776 545
19.79611 559
19.81622 544
19.83634 554
19.85645 571
19.87656 494
19.89668 522
19.91679 525
19.93691 507
19.95702 512
19.97713 477
19.99725 449
20.01736 521
20.03747 487
20.05759 486
20.0777 440
20.09782 460
20.11793 423
20.13804 459
20.15816 463
20.17827 455
20.19838 427
20.2185 468
20.23861 444
20.25872 424
20.27884 429
20.29895 417
20.31907 421
20.33918 412
20.35929 425
20.37941 427
20.39952 380
20.41963 429
20.43975 394
20.45986 411
20.47998 420
20.50009 396
20.5202 382
20.54032 411
20.56043 439
20.58054 408
20.60066 409
20.62077 462
20.64088 423
20.661 464
20.68111 441
20.70123 450
20.72134 528
20.74145 680
20.76157 680
20.78168 747
20.80179 853
20.82191 877
20.84202 868
20.86214 819
20.88225 692
20.90236 607
20.92248 523
20.94259 487
20.9627 440
20.98282 435
21.00293 438
21.02305 409
21.04316 358
21.06327 397
21.08339 369
21.1035 379
21.12361 392
21.14373 384
21.16384 379
21.18395 391
21.20407 378
21.22418 373
21.2443 375
21.26441 379
21.28452 376
21.30464 406
21.32475 347
21.34486 378
21.36498 351
21.38509 376
21.40521 379
21.42532 402
21.44543 356
21.46555 408
21.48566 368
21.50577 375
21.52589 362
21.546 364
21.56612 358
21.58623 352
21.60634 393
21.62646 388
21.64657 372
21.66668 362
21.6868 347
21.70691 351
21.72702 345
21.74714 380
21.76725 345
21.78737 386
21.80748 359
21.82759 371
21.84771 364
21.86782 371
21.88793 382
21.90805 411
21.92816 420
21.94828 393
21.96839 406
21.9885 417
22.00862 386
22.02873 430
22.04884 386
22.06896 381
22.08907 372
22.10919 360
22.1293 382
22.14941 363
22.16953 346
22.18964 370
22.20975 343
22.22987 337
22.24998 375
22.27009 366
22.29021 342
22.31032 322
22.33044 325
22.35055 353
22.37066 361
22.39078 371
22.41089 414
22.431 367
22.45112 359
22.47123 398
22.49135 341
22.51146 339
22.53157 346
22.55169 344
22.5718 380
22.59191 380
22.61203 393
22.63214 362
22.65225 378
22.67237 387
22.69248 351
22.7126 382
22.73271 336
22.75282 375
22.77294 405
22.79305 422
22.81316 448
22.83328 447
22.85339 429
22.87351 480
22.89362 504
22.91373 539
22.93385 588
22.95396 638
22.97407 712
22.99419 812
23.0143 836
23.03442 843
23.05453 837
23.07464 799
23.09476 716
23.11487 674
23.13498 582
23.1551 568
23.17521 445
23.19532 420
23.21544 412
23.23555 434
23.25567 382
23.27578 385
23.29589 415
23.31601 361
23.33612 368
23.35623 362
23.37635 428
23.39646 411
23.41658 365
23.43669 373
23.4568 409
23.47692 410
23.49703 363
23.51714 373
23.53726 390
23.55737 380
23.57749 412
23.5976 393
23.61771 406
23.63783 354
23.65794 375
23.67805 387
23.69817 360
23.71828 387
23.73839 350
23.75851 394
23.77862 386
23.79874 386
23.81885 378
23.83896 352
23.85908 355
23.87919 363
23.8993 381
23.91942 395
23.93953 344
23.95965 377
23.97976 372
23.99987 379
24.01999 383
24.0401 367
24.06021 370
24.08033 360
24.10044 394
24.12056 370
24.14067 361
24.16078 387
24.1809 375
24.20101 391
24.22112 390
24.24124 340
24.26135 392
24.28146 373
24.30158 369
24.32169 354
24.34181 334
24.36192 373
24.38203 352
24.40215 342
24.42226 340
24.44237 351
24.46249 373
24.4826 325
24.50272 352
24.52283 373
24.54294 333
24.56306 360
24.58317 358
24.60328 365
24.6234 342
24.64351 328
24.66362 365
24.68374 365
24.70385 394
24.72397 324
24.74408 360
24.76419 362
24.78431 358
24.80442 392
24.82453 362
24.84465 393
24.86476 386
24.88488 350
24.90499 379
24.9251 338
24.94522 384
24.96533 349
24.98544 348
25.00556 375
25.02567 399
25.04579 368
25.0659 379
25.08601 379
25.10613 360
25.12624 373
25.14635 391
25.16647 377
25.18658 403
25.20669 382
25.22681 380
25.24692 395
25.26704 371
25.28715 417
25.30726 372
25.32738 397
25.34749 371
25.3676 389
25.38772 428
25.40783 369
25.42795 402
25.44806 346
25.46817 378
25.48829 359
25.5084 402
25.52851 365
25.54863 376
25.56874 387
25.58886 345
25.60897 389
25.62908 372
25.6492 373
25.66931 369
25.68942 401
25.70954 356
25.72965 390
25.74976 358
25.76988 358
25.78999 337
25.81011 412
25.83022 391
25.85033 411
25.87045 352
25.89056 367
25.91067 338
25.93079 364
25.9509 355
25.97102 363
25.99113 347
26.01124 376
26.03136 374
26.05147 355
26.07158 371
26.0917 367
26.11181 393
26.13193 393
26.15204 397
26.17215 379
26.19227 402
26.21238 407
26.23249 399
26.25261 411
26.27272 438
26.29283 426
26.31295 491
26.33306 496
26.35318 522
26.37329 564
26.3934 610
26.41352 622
26.43363 720
26.45374 857
26.47386 951
26.49397 1274
26.51409 1579
26.5342 1934
26.55431 2241
26.57443 2506
26.59454 2659
26.61465 2596
26.63477 2340
26.65488 1921
26.67499 1660
26.69511 1225
26.71522 1000
26.73534 708
26.75545 649
26.77556 580
26.79568 501
26.81579 497
26.8359 465
26.85602 483
26.87613 496
26.89625 441
26.91636 397
26.93647 417
26.95659 414
26.9767 430
26.99681 432
27.01693 421
27.03704 398
27.05716 385
27.07727 391
27.09738 397
27.1175 408
27.13761 414
27.15772 384
27.17784 414
27.19795 394
27.21806 396
27.23818 428
27.25829 380
27.27841 425
27.29852 423
27.31863 397
27.33875 428
27.35886 441
27.37897 402
27.39909 480
27.4192 433
27.43932 455
27.45943 441
27.47954 426
27.49966 437
27.51977 407
27.53988 436
27.56 405
27.58011 439
27.60023 436
27.62034 449
27.64045 451
27.66057 438
27.68068 441
27.70079 458
27.72091 463
27.74102 468
27.76113 453
27.78125 451
27.80136 522
27.82148 464
27.84159 463
27.8617 493
27.88182 432
27.90193 439
27.92204 450
27.94216 424
27.96227 467
27.98239 448
28.0025 388
28.02261 395
28.04273 377
28.06284 385
28.08295 393
28.10307 385
28.12318 349
28.1433 386
28.16341 365
28.18352 358
28.20364 361
28.22375 395
28.24386 371
28.26398 335
28.28409 366
28.3042 353
28.32432 417
28.34443 382
28.36455 384
28.38466 340
28.40477 407
28.42489 422
28.445 395
28.46511 399
28.48523 380
28.50534 359
28.52546 344
28.54557 396
28.56568 395
28.5858 374
28.60591 361
28.62602 393
28.64614 381
28.66625 364
28.68636 430
28.70648 387
28.72659 383
28.74671 376
28.76682 392
28.78693 390
28.80705 383
28.82716 437
28.84727 433
28.86739 409
28.8875 444
28.90762 459
28.92773 446
28.94784 477
28.96796 521
28.98807 555
29.00818 489
29.0283 503
29.04841 602
29.06853 642
29.08864 676
29.10875 735
29.12887 784
29.14898 976
29.16909 997
29.18921 1245
29.20932 1401
29.22943 1807
29.24955 2131
29.26966 2640
29.28978 3327
29.30989 4087
29.33 4709
29.35012 5276
29.37023 5536
29.39034 5416
29.41046 5057
29.43057 4432
29.45069 3887
29.4708 3277
29.49091 2524
29.51103 2018
29.53114 1649
29.55125 1322
29.57137 1147
29.59148 934
29.6116 852
29.63171 822
29.65182 756
29.67194 700
29.69205 634
29.71216 550
29.73228 580
29.75239 541
29.7725 542
29.79262 520
29.81273 532
29.83285 454
29.85296 497
29.87307 454
29.89319 455
29.9133 424
29.93341 430
29.95353 418
29.97364 420
29.99376 428
30.01387 368
30.03398 421
30.0541 404
30.07421 416
30.09432 384
30.11444 367
30.13455 398
30.15467 360
30.17478 379
30.19489 412
30.21501 371
30.23512 347
30.25523 367
30.27535 376
30.29546 357
30.31557 396
30.33569 389
30.3558 369
30.37592 358
30.39603 377
30.41614 360
30.43626 339
30.45637 367
30.47648 377
30.4966 331
30.51671 375
30.53683 356
30.55694 362
30.57705 354
30.59717 358
30.61728 355
30.63739 334
30.65751 351
30.67762 354
30.69773 307
30.71785 308
30.73796 359
30.75808 338
30.77819 340
30.7983 360
30.81842 380
30.83853 323
30.85864 397
30.87876 346
30.89887 356
30.91899 354
30.9391 335
30.95921 357
30.97933 299
30.99944 338
31.01955 328
31.03967 329
31.05978 318
31.0799 325
31.10001 334
31.12012 351
31.14024 354
31.16035 321
31.18046 327
31.20058 338
31.22069 350
31.2408 341
31.26092 342
31.28103 375
31.30115 382
31.32126 384
31.34137 383
31.36149 393
31.3816 418
31.40171 449
31.42183 375
31.44194 419
31.46206 419
31.48217 384
31.50228 380
31.5224 334
31.54251 307
31.56262 345
31.58274 337
31.60285 325
31.62297 330
31.64308 341
31.66319 316
31.68331 321
31.70342 335
31.72353 310
31.74365 297
31.76376 312
31.78387 317
31.80399 323
31.8241 298
31.84422 339
31.86433 297
31.88444 291
31.90456 308
31.92467 289
31.94478 323
31.9649 318
31.98501 312
32.00513 333
32.02524 304
32.04535 301
32.06547 322
32.08558 317
32.10569 296
32.12581 294
32.14592 307
32.16604 332
32.18615 269
32.20626 293
32.22638 271
32.24649 292
32.2666 282
32.28672 303
32.30683 300
32.32694 288
32.34706 290
32.36717 273
32.38729 299
32.4074 283
32.42751 296
32.44763 298
32.46774 294
32.48785 296
32.50797 283
32.52808 311
32.5482 292
32.56831 290
32.58842 299
32.60854 294
32.62865 276
32.64876 306
32.66888 281
32.68899 256
32.7091 300
32.72922 278
32.74933 301
32.76945 292
32.78956 289
32.80967 306
32.82979 275
32.8499 288
32.87001 301
32.89013 276
32.91024 298
32.93036 316
32.95047 348
32.97058 329
32.9907 287
33.01081 305
33.03092 321
33.05104 328
33.07115 274
33.09127 300
33.11138 309
33.13149 286
33.15161 290
33.17172 294
33.19183 306
33.21195 299
33.23206 299
33.25217 287
33.27229 264
33.2924 328
33.31252 280
33.33263 290
33.35274 279
33.37286 286
33.39297 284
33.41308 279
33.4332 287
33.45331 282
33.47343 288
33.49354 272
33.51365 297
33.53377 234
33.55388 329
33.57399 285
33.59411 310
33.61422 291
33.63434 310
33.65445 297
33.67456 284
33.69468 301
33.71479 298
33.7349 279
33.75502 282
33.77513 297
33.79524 279
33.81536 328
33.83547 286
33.85559 296
33.8757 299
33.89581 293
33.91593 284
33.93604 270
33.95615 317
33.97627 312
33.99638 294
34.0165 318
34.03661 310
34.05672 318
34.07684 330
34.09695 324
34.11706 316
34.13718 307
34.15729 342
34.17741 311
34.19752 347
34.21763 320
34.23775 343
34.25786 372
34.27797 347
34.29809 347
34.3182 374
34.33831 365
34.35843 381
34.37854 380
34.39866 370
34.41877 387
34.43888 403
34.459 414
34.47911 436
34.49922 458
34.51934 416
34.53945 380
34.55957 389
34.57968 429
34.59979 419
34.61991 438
34.64002 452
34.66013 421
34.68025 474
34.70036 444
34.72047 468
34.74059 453
34.7607 450
34.78082 479
34.80093 508
34.82104 470
34.84116 443
34.86127 438
34.88138 472
34.9015 480
34.92161 425
34.94173 502
34.96184 423
34.98195 467
35.00207 443
35.02218 413
35.04229 443
35.06241 420
35.08252 409
35.10264 340
35.12275 413
35.14286 394
35.16298 412
35.18309 394
35.2032 354
35.22332 413
35.24343 408
35.26354 390
35.28366 333
35.30377 407
35.32389 399
35.344 374
35.36411 393
35.38423 372
35.40434 404
35.42445 364
35.44457 388
35.46468 411
35.4848 401
35.50491 368
35.52502 382
35.54514 382
35.56525 393
35.58536 377
35.60548 402
35.62559 383
35.64571 392
35.66582 398
35.68593 403
35.70605 407
35.72616 455
35.74627 437
35.76639 504
35.7865 525
35.80661 613
35.82673 615
35.84684 700
35.86696 693
35.88707 764
35.90718 868
35.9273 919
35.94741 937
35.96752 922
35.98764 869
36.00775 827
36.02787 832
36.04798 669
36.06809 624
36.08821 602
36.10832 508
36.12843 461
36.14855 465
36.16866 437
36.18878 402
36.20889 400
36.229 356
36.24912 381
36.26923 406
36.28934 372
36.30946 368
36.32957 390
36.34968 363
36.3698 387
36.38991 398
36.41003 433
36.43014 445
36.45025 482
36.47037 507
36.49048 483
36.51059 529
36.53071 453
36.55082 450
36.57094 444
36.59105 409
36.61116 397
36.63128 404
36.65139 376
36.6715 378
36.69162 351
36.71173 344
36.73184 328
36.75196 355
36.77207 345
36.79219 327
36.8123 343
36.83241 347
36.85253 342
36.87264 352
36.89275 337
36.91287 323
36.93298 352
36.9531 336
36.97321 304
36.99332 333
37.01344 332
37.03355 323
37.05366 311
37.07378 326
37.09389 294
37.11401 296
37.13412 333
37.15423 318
37.17435 307
37.19446 302
37.21457 304
37.23469 338
37.2548 314
37.27491 322
37.29503 315
37.31514 309
37.33526 322
37.35537 324
37.37548 333
37.3956 313
37.41571 355
37.43582 303
37.45594 316
37.47605 333
37.49617 329
37.51628 284
37.53639 302
37.55651 307
37.57662 309
37.59673 335
37.61685 332
37.63696 336
37.65708 329
37.67719 294
37.6973 335
37.71742 315
37.73753 311
37.75764 344
37.77776 281
37.79787 302
37.81798 311
37.8381 280
37.85821 323
37.87833 304
37.89844 301
37.91855 275
37.93867 301
37.95878 297
37.97889 329
37.99901 312
38.01912 285
38.03924 335
38.05935 304
38.07946 278
38.09958 291
38.11969 307
38.1398 319
38.15992 300
38.18003 303
38.20015 272
38.22026 303
38.24037 279
38.26049 277
38.2806 296
38.30071 287
38.32083 314
38.34094 277
38.36105 329
38.38117 311
38.40128 320
38.4214 291
38.44151 281
38.46162 281
38.48174 256
38.50185 307
38.52196 261
38.54208 264
38.56219 270
38.58231 282
38.60242 298
38.62253 296
38.64265 284
38.66276 315
38.68287 288
38.70299 292
38.7231 300
38.74321 306
38.76333 303
38.78344 273
38.80356 307
38.82367 276
38.84378 288
38.8639 338
38.88401 319
38.90412 331
38.92424 300
38.94435 303
38.96447 289
38.98458 338
39.00469 327
39.02481 314
39.04492 361
39.06503 349
39.08515 321
39.10526 370
39.12538 411
39.14549 424
39.1656 434
39.18572 490
39.20583 531
39.22594 533
39.24606 632
39.26617 711
39.28628 768
39.3064 903
39.32651 1014
39.34663 1122
39.36674 1234
39.38685 1243
39.40697 1220
39.42708 1130
39.44719 1070
39.46731 975
39.48742 883
39.50754 817
39.52765 698
39.54776 647
39.56788 559
39.58799 495
39.6081 477
39.62822 428
39.64833 385
39.66845 417
39.68856 373
39.70867 372
39.72879 378
39.7489 365
39.76901 366
39.78913 350
39.80924 329
39.82935 341
39.84947 329
39.86958 325
39.8897 328
39.90981 315
39.92992 313
39.95004 303
39.97015 291
39.99026 286
40.01038 323
40.03049 309
40.05061 300
40.07072 329
40.09083 305
40.11095 315
40.13106 293
40.15117 334
40.17129 323
40.1914 361
40.21152 343
40.23163 363
40.25174 365
40.27186 367
40.29197 353
40.31208 296
40.3322 283
40.35231 338
40.37242 310
40.39254 293
40.41265 275
40.43277 246
40.45288 281
40.47299 276
40.49311 271
40.51322 284
40.53333 261
40.55345 295
40.57356 292
40.59368 279
40.61379 275
40.6339 275
40.65402 303
40.67413 302
40.69424 301
40.71436 271
40.73447 277
40.75458 289
40.7747 276
40.79481 287
40.81493 255
40.83504 268
40.85515 283
40.87527 275
40.89538 279
40.91549 266
40.93561 281
40.95572 282
40.97584 276
40.99595 298
41.01606 266
41.03618 306
41.05629 295
41.0764 304
41.09652 279
41.11663 285
41.13675 277
41.15686 285
41.17697 290
41.19709 292
41.2172 294
41.23731 255
41.25743 281
41.27754 274
41.29765 300
41.31777 297
41.33788 291
41.358 299
41.37811 274
41.39822 260
41.41834 305
41.43845 272
41.45856 266
41.47868 283
41.49879 274
41.51891 303
41.53902 287
41.55913 266
41.57925 279
41.59936 267
41.61947 255
41.63959 289
41.6597 273
41.67982 293
41.69993 284
41.72004 278
41.74016 298
41.76027 299
41.78038 281
41.8005 295
41.82061 280
41.84072 288
41.86084 313
41.88095 286
41.90107 266
41.92118 289
41.94129 269
41.96141 277
41.98152 281
42.00163 283
42.02175 300
42.04186 293
42.06198 299
42.08209 296
42.1022 298
42.12232 282
42.14243 290
42.16254 287
42.18266 300
42.20277 310
42.22289 320
42.243 345
42.26311 333
42.28323 309
42.30334 344
42.32345 331
42.34357 361
42.36368 364
42.38379 346
42.40391 377
42.42402 364
42.44414 354
42.46425 329
42.48436 338
42.50448 302
42.52459 313
42.5447 306
42.56482 302
42.58493 298
42.60505 318
42.62516 303
42.64527 299
42.66539 295
42.6855 283
42.70561 311
42.72573 307
42.74584 327
42.76595 305
42.78607 322
42.80618 360
42.8263 341
42.84641 338
42.86652 323
42.88664 367
42.90675 375
42.92686 426
42.94698 427
42.96709 469
42.98721 477
43.00732 553
43.02743 655
43.04755 748
43.06766 790
43.08777 882
43.10789 948
43.128 987
43.14812 999
43.16823 926
43.18834 919
43.20846 819
43.22857 783
43.24868 726
43.2688 647
43.28891 578
43.30902 546
43.32914 453
43.34925 458
43.36937 387
43.38948 358
43.40959 363
43.42971 352
43.44982 343
43.46993 297
43.49005 327
43.51016 328
43.53028 298
43.55039 295
43.5705 290
43.59062 280
43.61073 296
43.63084 287
43.65096 287
43.67107 318
43.69119 313
43.7113 253
43.73141 268
43.75153 268
43.77164 282
43.79175 266
43.81187 253
43.83198 270
43.85209 270
43.87221 224
43.89232 221
43.91244 244
43.93255 258
43.95266 262
43.97278 230
43.99289 289
44.013 242
44.03312 282
44.05323 263
44.07335 263
44.09346 265
44.11357 270
44.13369 274
44.1538 262
44.17391 280
44.19403 261
44.21414 273
44.23426 266
44.25437 252
44.27448 253
44.2946 252
44.31471 252
44.33482 279
44.35494 250
44.37505 302
44.39516 252
44.41528 229
44.43539 251
44.45551 268
44.47562 248
44.49573 231
44.51585 273
44.53596 243
44.55607 261
44.57619 251
44.5963 254
44.61642 260
44.63653 251
44.65664 239
44.67676 246
44.69687 258
44.71698 282
44.7371 229
44.75721 264
44.77732 222
44.79744 263
44.81755 242
44.83767 262
44.85778 254
44.87789 261
44.89801 284
44.91812 252
44.93823 287
44.95835 277
44.97846 227
44.99858 273
45.01869 248
45.0388 257
45.05892 251
45.07903 259
45.09914 241
45.11926 256
45.13937 268
45.15949 253
45.1796 253
45.19971 291
45.21983 232
45.23994 248
45.26005 259
45.28017 272
45.30028 272
45.32039 277
45.34051 291
45.36062 281
45.38074 242
45.40085 254
45.42096 254
45.44108 275
45.46119 257
45.4813 249
45.50142 275
45.52153 280
45.54165 279
45.56176 285
45.58187 304
45.60199 284
45.6221 324
45.64221 315
45.66233 304
45.68244 342
45.70256 317
45.72267 327
45.74278 333
45.7629 329
45.78301 300
45.80312 274
45.82324 316
45.84335 280
45.86346 286
45.88358 295
45.90369 291
45.92381 289
45.94392 254
45.96403 264
45.98415 259
46.00426 243
46.02437 238
46.04449 240
46.0646 245
46.08472 254
46.10483 270
46.12494 279
46.14506 256
46.16517 231
46.18528 222
46.2054 267
46.22551 247
46.24563 260
46.26574 242
46.28585 298
46.30597 264
46.32608 258
46.34619 267
46.36631 241
46.38642 221
46.40653 257
46.42665 209
46.44676 252
46.46688 264
46.48699 244
46.5071 267
46.52722 242
46.54733 271
46.56744 255
46.58756 279
46.60767 280
46.62779 267
46.6479 319
46.66801 294
46.68813 308
46.70824 285
46.72835 292
46.74847 299
46.76858 295
46.78869 268
46.80881 301
46.82892 292
46.84904 271
46.86915 332
46.88926 359
46.90938 336
46.92949 388
46.9496 385
46.96972 384
46.98983 455
47.00995 446
47.03006 464
47.05017 484
47.07029 508
47.0904 560
47.11051 531
47.13063 550
47.15074 549
47.17086 518
47.19097 479
47.21108 533
47.2312 520
47.25131 574
47.27142 563
47.29154 594
47.31165 582
47.33176 609
47.35188 651
47.37199 784
47.39211 820
47.41222 839
47.43233 916
47.45245 971
47.47256 985
47.49267 943
47.51279 918
47.5329 891
47.55302 905
47.57313 815
47.59324 738
47.61336 704
47.63347 627
47.65358 516
47.6737 488
47.69381 431
47.71393 454
47.73404 426
47.75415 389
47.77427 360
47.79438 378
47.81449 352
47.83461 328
47.85472 344
47.87483 311
47.89495 353
47.91506 300
47.93518 291
47.95529 316
47.9754 338
47.99552 325
48.01563 316
48.03574 322
48.05586 311
48.07597 334
48.09609 309
48.1162 368
48.13631 334
48.15643 347
48.17654 387
48.19665 366
48.21677 397
48.23688 440
48.257 442
48.27711 459
48.29722 514
48.31734 545
48.33745 602
48.35756 673
48.37768 714
48.39779 849
48.4179 919
48.43802 981
48.45813 1008
48.47825 1005
48.49836 959
48.51847 950
48.53859 896
48.5587 842
48.57881 769
48.59893 751
48.61904 735
48.63916 631
48.65927 578
48.67938 537
48.6995 501
48.71961 396
48.73972 423
48.75984 376
48.77995 399
48.80006 359
48.82018 340
48.84029 298
48.86041 288
48.88052 302
48.90063 291
48.92075 308
48.94086 283
48.96097 245
48.98109 267
49.0012 273
49.02132 276
49.04143 268
49.06154 261
49.08166 278
49.10177 267
49.12188 287
49.142 267
49.16211 274
49.18223 255
49.20234 281
49.22245 250
49.24257 247
49.26268 257
49.28279 248
49.30291 250
49.32302 254
49.34313 268
49.36325 276
49.38336 245
49.40348 245
49.42359 266
49.4437 256
49.46382 233
49.48393 235
49.50404 204
49.52416 238
49.54427 249
49.56439 243
49.5845 208
49.60461 213
49.62473 229
49.64484 242
49.66495 251
49.68507 279
49.70518 249
49.7253 244
49.74541 238
49.76552 236
49.78564 276
49.80575 265
49.82586 256
49.84598 256
49.86609 285
49.8862 303
49.90632 301
49.92643 302
49.94655 313
49.96666 361
49.98677 350
50.00689 386
50.027 403
50.04711 447
50.06723 480
50.08734 491
50.10746 441
50.12757 447
50.14768 381
50.1678 381
50.18791 371
50.20802 340
50.22814 332
50.24825 313
50.26837 277
50.28848 257
50.30859 251
50.32871 235
50.34882 226
50.36893 228
50.38905 234
50.40916 260
50.42927 224
50.44939 221
50.4695 225
50.48962 234
50.50973 261
50.52984 235
50.54996 260
50.57007 250
50.59018 236
50.6103 230
50.63041 265
50.65053 241
50.67064 211
50.69075 238
50.71087 219
50.73098 251
50.75109 218
50.77121 270
50.79132 267
50.81143 238
50.83155 238
50.85166 225
50.87178 201
50.89189 253
50.912 230
50.93212 205
50.95223 216
50.97234 205
50.99246 233
51.01257 208
51.03269 226
51.0528 248
51.07291 248
51.09303 203
51.11314 244
51.13325 209
51.15337 220
51.17348 224
51.1936 252
51.21371 269
51.23382 216
51.25394 206
51.27405 239
51.29416 234
51.31428 218
51.33439 232
51.3545 242
51.37462 204
51.39473 207
51.41485 202
51.43496 218
51.45507 203
51.47519 199
51.4953 224
51.51541 236
51.53553 236
51.55564 212
51.57576 215
51.59587 207
51.61598 227
51.6361 201
51.65621 203
51.67632 219
51.69644 208
51.71655 220
51.73667 220
51.75678 203
51.77689 209
51.79701 205
51.81712 196
51.83723 213
51.85735 227
51.87746 209
51.89757 213
51.91769 219
51.9378 236
51.95792 191
51.97803 203
51.99814 210
52.01826 216
52.03837 210
52.05848 226
52.0786 207
52.09871 232
52.11883 239
52.13894 212
52.15905 230
52.17917 216
52.19928 217
52.21939 211
52.23951 226
52.25962 219
52.27974 241
52.29985 217
52.31996 215
52.34008 201
52.36019 216
52.3803 217
52.40042 202
52.42053 200
52.44064 229
52.46076 228
52.48087 211
52.50099 232
52.5211 250
52.54121 246
52.56133 222
52.58144 222
52.60155 247
52.62167 214
52.64178 247
52.6619 195
52.68201 211
52.70212 244
52.72224 246
52.74235 248
52.76246 236
52.78258 241
52.80269 228
52.8228 231
52.84292 229
52.86303 213
52.88315 197
52.90326 225
52.92337 210
52.94349 223
52.9636 228
52.98371 213
53.00383 220
53.02394 239
53.04406 242
53.06417 229
53.08428 226
53.1044 226
53.12451 218
53.14462 234
53.16474 222
53.18485 216
53.20497 250
53.22508 229
53.24519 243
53.26531 226
53.28542 232
53.30553 225
53.32565 219
53.34576 238
53.36587 228
53.38599 262
53.4061 235
53.42622 226
53.44633 267
53.46644 228
53.48656 249
53.50667 235
53.52678 224
53.5469 279
53.56701 235
53.58713 252
53.60724 262
53.62735 250
53.64747 248
53.66758 259
53.68769 244
53.70781 261
53.72792 231
53.74804 253
53.76815 243
53.78826 269
53.80838 258
53.82849 245
53.8486 232
53.86872 266
53.88883 223
53.90894 253
53.92906 267
53.94917 261
53.96929 255
53.9894 257
54.00951 244
54.02963 250
54.04974 264
54.06985 239
54.08997 270
54.11008 246
54.1302 265
54.15031 249
54.17042 240
54.19054 252
54.21065 251
54.23076 252
54.25088 219
54.27099 278
54.29111 264
54.31122 252
54.33133 263
54.35145 264
54.37156 252
54.39167 261
54.41179 250
54.4319 237
54.45201 275
54.47213 243
54.49224 222
54.51236 263
54.53247 276
54.55258 264
54.5727 256
54.59281 239
54.61292 271
54.63304 267
54.65315 256
54.67327 272
54.69338 268
54.71349 284
54.73361 291
54.75372 280
54.77383 302
54.79395 314
54.81406 300
54.83417 285
54.85429 320
54.8744 289
54.89452 273
54.91463 273
54.93474 263
54.95486 278
54.97497 244
54.99508 282
55.0152 254
55.03531 292
55.05543 278
55.07554 240
55.09565 280
55.11577 248
55.13588 270
55.15599 270
55.17611 283
55.19622 257
55.21634 279
55.23645 261
55.25656 259
55.27668 265
55.29679 269
55.3169 269
55.33702 241
55.35713 265
55.37724 243
55.39736 263
55.41747 269
55.43759 244
55.4577 268
55.47781 247
55.49793 277
55.51804 249
55.53815 253
55.55827 245
55.57838 273
55.5985 259
55.61861 257
55.63872 270
55.65884 257
55.67895 227
55.69906 262
55.71918 248
55.73929 230
55.75941 238
55.77952 245
55.79963 247
55.81975 240
55.83986 254
55.85997 254
55.88009 251
55.9002 229
55.92031 253
55.94043 265
55.96054 259
55.98066 228
56.00077 243
56.02088 228
56.041 256
56.06111 238
56.08122 246
56.10134 245
56.12145 248
56.14157 272
56.16168 239
56.18179 256
56.20191 246
56.22202 273
56.24213 271
56.26225 259
56.28236 257
56.30248 286
56.32259 251
56.3427 260
56.36282 295
56.38293 293
56.40304 301
56.42316 331
56.44327 324
56.46338 329
56.4835 321
56.50361 384
56.52373 322
56.54384 368
56.56395 369
56.58407 328
56.60418 320
56.62429 322
56.64441 344
56.66452 302
56.68464 315
56.70475 310
56.72486 327
56.74498 306
56.76509 282
56.7852 255
56.80532 302
56.82543 283
56.84554 255
56.86566 279
56.88577 271
56.90589 257
56.926 276
56.94611 255
56.96623 263
56.98634 238
57.00645 284
57.02657 270
57.04668 291
57.0668 296
57.08691 295
57.10702 266
57.12714 305
57.14725 339
57.16736 307
57.18748 297
57.20759 339
57.22771 361
57.24782 398
57.26793 420
57.28805 450
57.30816 492
57.32827 505
57.34839 491
57.3685 536
57.38861 544
57.40873 503
57.42884 480
57.44896 476
57.46907 455
57.48918 433
57.5093 470
57.52941 433
57.54952 408
57.56964 398
57.58975 354
57.60987 325
57.62998 337
57.65009 295
57.67021 293
57.69032 319
57.71043 282
57.73055 291
57.75066 256
57.77078 275
57.79089 243
57.811 269
57.83112 267
57.85123 257
57.87134 245
57.89146 242
57.91157 250
57.93168 266
57.9518 292
57.97191 259
57.99203 262
58.01214 275
58.03225 237
58.05237 239
58.07248 267
58.09259 260
58.11271 233
58.13282 270
58.15294 244
58.17305 236
58.19316 243
58.21328 246
58.23339 221
58.2535 226
58.27362 229
58.29373 216
58.31385 211
58.33396 257
58.35407 227
58.37419 231
58.3943 218
58.41441 231
58.43453 241
58.45464 246
58.47475 220
58.49487 217
58.51498 235
58.5351 228
58.55521 223
58.57532 234
58.59544 211
58.61555 227
58.63566 213
58.65578 222
58.67589 228
58.69601 221
58.71612 233
58.73623 231
58.75635 240
58.77646 206
58.79657 262
58.81669 192
58.8368 233
58.85691 204
58.87703 219
58.89714 216
58.91726 207
58.93737 239
58.95748 199
58.9776 227
58.99771 193
59.01782 231
59.03794 210
59.05805 209
59.07817 220
59.09828 235
59.11839 205
59.13851 203
59.15862 214
59.17873 254
59.19885 210
59.21896 230
59.23908 231
59.25919 214
59.2793 216
59.29942 219
59.31953 219
59.33964 204
59.35976 218
59.37987 217
59.39998 236
59.4201 243
59.44021 227
59.46033 241
59.48044 207
59.50055 203
59.52067 218
59.54078 216
59.56089 223
59.58101 270
59.60112 215
59.62124 241
59.64135 262
59.66146 229
59.68158 232
59.70169 245
59.7218 272
59.74192 262
59.76203 290
59.78215 296
59.80226 311
59.82237 334
59.84249 353
59.8626 357
59.88271 326
59.90283 354
59.92294 346
59.94305 344
59.96317 309
59.98328 311
60.0034 265
60.02351 309
60.04362 305
60.06374 313
60.08385 263
60.10396 295
60.12408 266
60.14419 280
60.16431 221
60.18442 268
60.20453 221
60.22465 253
60.24476 242
60.26487 288
60.28499 241
60.3051 291
60.32522 270
60.34533 263
60.36544 245
60.38556 289
60.40567 268
60.42578 300
60.4459 281
60.46601 304
60.48612 321
60.50624 324
60.52635 398
60.54647 377
60.56658 338
60.58669 412
60.60681 422
60.62692 442
60.64703 441
60.66715 390
60.68726 395
60.70738 403
60.72749 382
60.7476 384
60.76772 399
60.78783 381
60.80794 391
60.82806 398
60.84817 369
60.86828 391
60.8884 403
60.90851 385
60.92863 375
60.94874 343
60.96885 354
60.98897 391
61.00908 371
61.02919 324
61.04931 333
61.06942 348
61.08954 347
61.10965 310
61.12976 356
61.14988 353
61.16999 348
61.1901 365
61.21022 338
61.23033 360
61.25045 361
61.27056 351
61.29067 366
61.31079 368
61.3309 346
61.35101 352
61.37113 393
61.39124 369
61.41135 362
61.43147 370
61.45158 354
61.4717 380
61.49181 359
61.51192 364
61.53204 330
61.55215 330
61.57226 332
61.59238 321
61.61249 320
61.63261 326
61.65272 350
61.67283 305
61.69295 286
61.71306 296
61.73317 303
61.75329 294
61.7734 288
61.79352 305
61.81363 279
61.83374 295
61.85386 262
61.87397 256
61.89408 260
61.9142 244
61.93431 265
61.95442 261
61.97454 246
61.99465 272
62.01477 261
62.03488 271
62.05499 284
62.07511 254
62.09522 256
62.11533 267
62.13545 233
62.15556 254
62.17568 252
62.19579 267
62.2159 268
62.23602 251
62.25613 243
62.27624 237
62.29636 230
62.31647 261
62.33659 216
62.3567 250
62.37681 230
62.39693 227
62.41704 228
62.43715 235
62.45727 264
62.47738 226
62.49749 266
62.51761 216
62.53772 222
62.55784 246
62.57795 208
62.59806 215
62.61818 257
62.63829 268
62.6584 234
62.67852 241
62.69863 229
62.71875 220
62.73886 227
62.75897 235
62.77909 275
62.7992 283
62.81931 238
62.83943 248
62.85954 258
62.87965 251
62.89977 244
62.91988 279
62.94 285
62.96011 238
62.98022 254
63.00034 276
63.02045 319
63.04056 293
63.06068 278
63.08079 241
63.10091 279
63.12102 277
63.14113 252
63.16125 274
63.18136 253
63.20147 252
63.22159 246
63.2417 233
63.26182 255
63.28193 234
63.30204 234
63.32216 244
63.34227 215
63.36238 228
63.3825 223
63.40261 233
63.42272 235
63.44284 201
63.46295 218
63.48307 203
63.50318 241
63.52329 200
63.54341 195
63.56352 200
63.58363 216
63.60375 199
63.62386 230
63.64398 218
63.66409 198
63.6842 231
63.70432 214
63.72443 212
63.74454 228
63.76466 211
63.78477 216
63.80489 238
63.825 208
63.84511 245
63.86523 235
63.88534 227
63.90545 248
63.92557 233
63.94568 244
63.96579 271
63.98591 248
64.00602 253
64.02614 236
64.04625 226
64.06636 218
64.08648 253
64.10659 217
64.1267 216
64.14682 231
64.16693 253
64.18705 242
64.20716 192
64.22727 228
64.24739 221
64.2675 250
64.28761 215
64.30773 211
64.32784 228
64.34796 235
64.36807 243
64.38818 265
64.4083 277
64.42841 263
64.44852 280
64.46864 266
64.48875 294
64.50886 302
64.52898 313
64.54909 335
64.56921 345
64.58932 392
64.60943 372
64.62955 378
64.64966 392
64.66977 387
64.68989 385
64.71 364
64.73012 391
64.75023 349
64.77034 381
64.79046 359
64.81057 328
64.83068 314
64.8508 328
64.87091 265
64.89102 285
64.91114 290
64.93125 248
64.95137 254
64.97148 260
64.99159 244
65.01171 273
65.03182 252
65.05193 203
65.07205 244
65.09216 224
65.11228 211
65.13239 225
65.1525 234
65.17262 213
65.19273 231
65.21284 266
65.23296 263
65.25307 237
65.27319 214
65.2933 238
65.31341 249
65.33353 263
65.35364 292
65.37375 225
65.39387 229
65.41398 250
65.43409 260
65.45421 275
65.47432 311
65.49444 287
65.51455 311
65.53466 293
65.55478 294
65.57489 294
65.595 276
65.61512 275
65.63523 239
65.65535 287
65.67546 284
65.69557 293
65.71569 254
65.7358 250
65.75591 255
65.77603 302
65.79614 248
65.81626 248
65.83637 255
65.85648 232
65.8766 220
65.89671 237
65.91682 187
65.93694 213
65.95705 227
65.97716 197
65.99728 230
66.01739 233
66.03751 222
66.05762 193
66.07773 221
66.09785 237
66.11796 212
66.13807 198
66.15819 214
66.1783 221
66.19842 218
66.21853 203
66.23864 196
66.25876 179
66.27887 202
66.29898 191
66.3191 201
66.33921 224
66.35933 220
66.37944 212
66.39955 207
66.41967 208
66.43978 187
66.45989 201
66.48001 211
66.50012 181
66.52023 202
66.54035 218
66.56046 206
66.58058 187
66.60069 195
66.6208 211
66.64092 230
66.66103 207
66.68114 180
66.70126 207
66.72137 200
66.74149 181
66.7616 162
66.78171 192
66.80183 197
66.82194 193
66.84205 193
66.86217 202
66.88228 199
66.90239 188
66.92251 210
66.94262 175
66.96274 213
66.98285 195
67.00296 201
67.02308 182
67.04319 205
67.0633 184
67.08342 224
67.10353 202
67.12365 182
67.14376 192
67.16387 209
67.18399 172
67.2041 216
67.22421 220
67.24433 189
67.26444 192
67.28456 166
67.30467 213
67.32478 193
67.3449 203
67.36501 180
67.38512 199
67.40524 214
67.42535 224
67.44546 235
67.46558 206
67.48569 238
67.50581 229
67.52592 244
67.54603 215
67.56615 230
67.58626 287
67.60637 265
67.62649 267
67.6466 271
67.66672 263
67.68683 305
67.70694 289
67.72706 266
67.74717 271
67.76728 271
67.7874 226
67.80751 250
67.82763 273
67.84774 270
67.86785 259
67.88797 249
67.90808 254
67.92819 234
67.94831 270
67.96842 280
67.98853 298
68.00865 266
68.02876 322
68.04888 306
68.06899 307
68.0891 315
68.10922 318
68.12933 281
68.14944 311
68.16956 264
68.18967 310
68.20979 299
68.2299 303
68.25001 331
68.27013 302
68.29024 279
68.31035 270
68.33047 261
68.35058 226
68.3707 252
68.39081 228
68.41092 251
68.43104 218
68.45115 238
68.47126 237
68.49138 232
68.51149 224
68.5316 213
68.55172 199
68.57183 192
68.59195 206
68.61206 202
68.63217 225
68.65229 184
68.6724 183
68.69251 215
68.71263 212
68.73274 172
68.75286 204
68.77297 188
68.79308 216
68.8132 221
68.83331 232
68.85342 218
68.87354 208
68.89365 217
68.91376 228
68.93388 233
68.95399 200
68.97411 230
68.99422 215
69.01433 220
69.03445 226
69.05456 219
69.07467 216
69.09479 232
69.1149 231
69.13502 207
69.15513 228
69.17524 228
69.19536 222
69.21547 241
69.23558 209
69.2557 236
69.27581 249
69.29593 243
69.31604 259
69.33615 232
69.35627 209
69.37638 212
69.39649 224
69.41661 201
69.43672 199
69.45683 210
69.47695 210
69.49706 217
69.51718 215
69.53729 203
69.5574 203
69.57752 194
69.59763 205
69.61774 194
69.63786 206
69.65797 208
69.67809 202
69.6982 198
69.71831 183
69.73843 175
69.75854 185
69.77865 182
69.79877 209
69.81888 189
69.839 222
69.85911 197
69.87922 189
69.89934 227
69.91945 228
69.93956 219
69.95968 218
69.97979 224
69.9999 212
70.02002 203
70.04013 240
70.06025 208
70.08036 225
70.10047 234
70.12059 232
70.1407 229
70.16081 240
70.18093 297
70.20104 263
70.22116 232
70.24127 248
70.26138 262
70.2815 228
70.30161 233
70.32172 267
70.34184 245
70.36195 232
70.38207 225
70.40218 214
70.42229 226
70.44241 224
70.46252 187
70.48263 236
70.50275 229
70.52286 192
70.54297 226
70.56309 215
70.5832 226
70.60332 192
70.62343 185
70.64354 188
70.66366 207
70.68377 191
70.70388 189
70.724 226
70.74411 206
70.76423 199
70.78434 205
70.80445 204
70.82457 193
70.84468 202
70.86479 189
70.88491 217
70.90502 203
70.92513 210
70.94525 193
70.96536 206
70.98548 193
71.00559 193
71.0257 207
71.04582 217
71.06593 194
71.08604 189
71.10616 203
71.12627 202
71.14639 212
71.1665 188
71.18661 202
71.20673 201
71.22684 220
71.24695 192
71.26707 217
71.28718 206
71.3073 201
71.32741 191
71.34752 200
71.36764 184
71.38775 192
71.40786 203
71.42798 220
71.44809 214
71.4682 224
71.48832 200
71.50843 200
71.52855 200
71.54866 223
71.56877 192
71.58889 177
71.609 195
71.62911 209
71.64923 199
71.66934 194
71.68946 193
71.70957 197
71.72968 191
71.7498 189
71.76991 223
71.79002 195
71.81014 184
71.83025 210
71.85037 207
71.87048 193
71.89059 214
71.91071 202
71.93082 214
71.95093 169
71.97105 208
71.99116 186
72.01127 193
72.03139 221
72.0515 212
72.07162 200
72.09173 208
72.11184 195
72.13196 208
72.15207 241
72.17218 218
72.1923 234
72.21241 206
72.23253 209
72.25264 203
72.27275 210
72.29287 242
72.31298 227
72.33309 205
72.35321 236
72.37332 232
72.39344 207
72.41355 238
72.43366 235
72.45378 235
72.47389 226
72.494 217
72.51412 225
72.53423 237
72.55434 199
72.57446 267
72.59457 274
72.61469 232
72.6348 230
72.65491 241
72.67503 264
72.69514 275
72.71525 262
72.73537 262
72.75548 253
72.7756 287
72.79571 270
72.81582 309
72.83594 283
72.85605 287
72.87616 276
72.89628 291
72.91639 321
72.9365 303
72.95662 266
72.97673 318
72.99685 252
73.01696 227
73.03707 277
73.05719 281
73.0773 263
73.09741 237
73.11753 245
73.13764 244
73.15776 264
73.17787 249
73.19798 254
73.2181 251
73.23821 217
73.25832 234
73.27844 246
73.29855 263
73.31867 233
73.33878 232
73.35889 265
73.37901 226
73.39912 239
73.41923 238
73.43935 233
73.45946 238
73.47957 230
73.49969 235
73.5198 228
73.53992 241
73.56003 251
73.58014 226
73.60026 250
73.62037 207
73.64048 222
73.6606 253
73.68071 254
73.70083 215
73.72094 218
73.74105 206
73.76117 226
73.78128 210
73.80139 201
73.82151 209
73.84162 227
73.86174 196
73.88185 213
73.90196 210
73.92208 214
73.94219 208
73.9623 216
73.98242 225
74.00253 192
74.02264 194
74.04276 221
74.06287 195
74.08299 194
74.1031 176
74.12321 173
74.14333 214
74.16344 194
74.18355 187
74.20367 195
74.22378 207
74.2439 202
74.26401 193
74.28412 223
74.30424 220
74.32435 192
74.34446 201
74.36458 207
74.38469 195
74.40481 212
74.42492 203
74.44503 199
74.46515 212
74.48526 198
74.50537 205
74.52549 206
74.5456 189
74.56571 176
74.58583 202
74.60594 179
74.62606 215
74.64617 196
74.66628 188
74.6864 179
74.70651 193
74.72662 188
74.74674 214
74.76685 188
74.78697 211
74.80708 214
74.82719 208
74.84731 216
74.86742 194
74.88753 217
74.90765 177
74.92776 190
74.94787 222
74.96799 208
74.9881 202
75.00822 200
