3.00117 19923
3.02128 19528
3.0414 19270
3.06151 18646
3.08162 18339
3.10174 17483
3.12185 17046
3.14197 16628
3.16208 15859
3.18219 15817
3.20231 15086
3.22242 14534
3.24253 14419
3.26265 13491
3.28276 13512
3.30288 12908
3.32299 12717
3.3431 12263
3.36322 11608
3.38333 11346
3.40344 10978
3.42356 10442
3.44367 10401
3.46379 9981
3.4839 9571
3.50401 9343
3.52413 8839
3.54424 8710
3.56435 8238
3.58447 8041
3.60458 7748
3.62469 7391
3.64481 7007
3.66492 6633
3.68504 6826
3.70515 6329
3.72526 5867
3.74538 5863
3.76549 5465
3.7856 5494
3.80572 5063
3.82583 4917
3.84595 4775
3.86606 4430
3.88617 4316
3.90629 4165
3.9264 3863
3.94651 3854
3.96663 3507
3.98674 3642
4.00686 3473
4.02697 3019
4.04708 3044
4.0672 2819
4.08731 2878
4.10742 2726
4.12754 2445
4.14765 2494
4.16776 2291
4.18788 2205
4.20799 2257
4.22811 1963
4.24822 1958
4.26833 1883
4.28845 1813
4.30856 1921
4.32867 1633
4.34879 1587
4.3689 1678
4.38902 1619
4.40913 1643
4.42924 1433
4.44936 1484
4.46947 1376
4.48958 1361
4.5097 1465
4.52981 1265
4.54992 1330
4.57004 1222
4.59015 1249
4.61027 1210
4.63038 1105
4.65049 1062
4.67061 1111
4.69072 1058
4.71083 1072
4.73095 1002
4.75106 1000
4.77118 976
4.79129 1010
4.8114 1005
4.83152 826
4.85163 910
4.87174 869
4.89186 816
4.91197 900
4.93209 756
4.9522 793
4.97231 752
4.99243 740
5.01254 757
5.03265 677
5.05277 722
5.07288 718
5.09299 722
5.11311 650
5.13322 616
5.15334 638
5.17345 625
5.19356 592
5.21368 628
5.23379 533
5.2539 499
5.27402 563
5.29413 557
5.31425 547
5.33436 535
5.35447 446
5.37459 487
5.3947 402
5.41481 477
5.43493 456
5.45504 457
5.47516 497
5.49527 444
5.51538 421
5.5355 390
5.55561 387
5.57572 398
5.59584 405
5.61595 423
5.63606 338
5.65618 394
5.67629 354
5.69641 380
5.71652 344
5.73663 335
5.75675 295
5.77686 334
5.79697 320
5.81709 311
5.8372 307
5.85732 310
5.87743 328
5.89754 329
5.91766 293
5.93777 307
5.95788 289
5.978 292
5.99811 291
6.01823 273
6.03834 284
6.05845 281
6.07857 281
6.09868 288
6.11879 272
6.13891 317
6.15902 297
6.17913 266
6.19925 259
6.21936 272
6.23948 271
6.25959 255
6.2797 254
6.29982 243
6.31993 252
6.34004 271
6.36016 258
6.38027 251
6.40039 229
6.4205 241
6.44061 240
6.46073 243
6.48084 237
6.50095 249
6.52107 250
6.54118 232
6.56129 244
6.58141 225
6.60152 230
6.62164 224
6.64175 248
6.66186 246
6.68198 228
6.70209 238
6.7222 226
6.74232 244
6.76243 244
6.78255 249
6.80266 235
6.82277 229
6.84289 204
6.863 208
6.88311 235
6.90323 213
6.92334 230
6.94346 242
6.96357 230
6.98368 222
7.0038 230
7.02391 233
7.04402 231
7.06414 256
7.08425 229
7.10436 217
7.12448 233
7.14459 245
7.16471 210
7.18482 254
7.20493 234
7.22505 225
7.24516 222
7.26527 239
7.28539 218
7.3055 240
7.32562 213
7.34573 228
7.36584 219
7.38596 243
7.40607 222
7.42618 249
7.4463 218
7.46641 220
7.48653 245
7.50664 196
7.52675 246
7.54687 223
7.56698 233
7.58709 267
7.60721 215
7.62732 243
7.64743 239
7.66755 249
7.68766 256
7.70778 197
7.72789 228
7.748 205
7.76812 265
7.78823 201
7.80834 225
7.82846 233
7.84857 233
7.86869 235
7.8888 229
7.90891 253
7.92903 233
7.94914 259
7.96925 218
7.98937 227
8.00948 251
8.0296 234
8.04971 213
8.06982 227
8.08994 211
8.11005 216
8.13016 208
8.15028 245
8.17039 272
8.1905 237
8.21062 263
8.23073 262
8.25085 227
8.27096 246
8.29107 250
8.31119 244
8.3313 258
8.35141 217
8.37153 256
8.39164 310
8.41176 227
8.43187 285
8.45198 272
8.4721 267
8.49221 255
8.51232 260
8.53244 243
8.55255 242
8.57266 259
8.59278 273
8.61289 287
8.63301 276
8.65312 286
8.67323 253
8.69335 257
8.71346 283
8.73357 277
8.75369 285
8.7738 263
8.79392 274
8.81403 259
8.83414 283
8.85426 268
8.87437 264
8.89448 290
8.9146 265
8.93471 240
8.95483 265
8.97494 256
8.99505 237
9.01517 263
9.03528 252
9.05539 271
9.07551 258
9.09562 279
9.11573 254
9.13585 280
9.15596 232
9.17608 237
9.19619 216
9.2163 239
9.23642 255
9.25653 249
9.27664 247
9.29676 248
9.31687 211
9.33699 234
9.3571 206
9.37721 261
9.39733 243
9.41744 258
9.43755 238
9.45767 250
9.47778 241
9.4979 254
9.51801 274
9.53812 248
9.55824 249
9.57835 249
9.59846 258
9.61858 228
9.63869 272
9.6588 257
9.67892 265
9.69903 241
9.71915 260
9.73926 264
9.75937 282
9.77949 301
9.7996 274
9.81971 271
9.83983 249
9.85994 241
9.88006 261
9.90017 252
9.92028 236
9.9404 235
9.96051 216
9.98062 278
10.00074 269
10.02085 244
10.04097 252
10.06108 238
10.08119 261
10.10131 249
10.12142 233
10.14153 225
10.16165 239
10.18176 252
10.20187 257
10.22199 251
10.2421 250
10.26222 254
10.28233 290
10.30244 255
10.32256 263
10.34267 261
10.36278 319
10.3829 305
10.40301 333
10.42313 348
10.44324 337
10.46335 345
10.48347 305
10.50358 332
10.52369 294
10.54381 243
10.56392 276
10.58403 254
10.60415 272
10.62426 276
10.64438 206
10.66449 253
10.6846 236
10.70472 230
10.72483 235
10.74494 264
10.76506 245
10.78517 238
10.80529 259
10.8254 254
10.84551 242
10.86563 262
10.88574 261
10.90585 259
10.92597 235
10.94608 248
10.9662 268
10.98631 246
11.00642 261
11.02654 239
11.04665 232
11.06676 252
11.08688 253
11.10699 203
11.1271 241
11.14722 244
11.16733 228
11.18745 252
11.20756 271
11.22767 245
11.24779 230
11.2679 217
11.28801 246
11.30813 244
11.32824 233
11.34836 220
11.36847 243
11.38858 260
11.4087 285
11.42881 244
11.44892 264
11.46904 236
11.48915 278
11.50927 260
11.52938 255
11.54949 238
11.56961 251
11.58972 261
11.60983 269
11.62995 275
11.65006 257
11.67017 253
11.69029 285
11.7104 265
11.73052 273
11.75063 291
11.77074 280
11.79086 287
11.81097 267
11.83108 280
11.8512 257
11.87131 247
11.89143 267
11.91154 232
11.93165 264
11.95177 259
11.97188 281
11.99199 248
12.01211 273
12.03222 273
12.05234 292
12.07245 271
12.09256 287
12.11268 294
12.13279 323
12.1529 273
12.17302 314
12.19313 320
12.21324 291
12.23336 300
12.25347 302
12.27359 282
12.2937 349
12.31381 316
12.33393 324
12.35404 312
12.37415 271
12.39427 299
12.41438 279
12.4345 290
12.45461 260
12.47472 259
12.49484 278
12.51495 278
12.53506 293
12.55518 289
12.57529 250
12.5954 263
12.61552 244
12.63563 247
12.65575 270
12.67586 281
12.69597 228
12.71609 270
12.7362 247
12.75631 243
12.77643 242
12.79654 243
12.81666 249
12.83677 231
12.85688 231
12.877 210
12.89711 221
12.91722 248
12.93734 259
12.95745 233
12.97757 241
12.99768 263
13.01779 260
13.03791 280
13.05802 269
13.07813 282
13.09825 304
13.11836 328
13.13847 297
13.15859 278
13.1787 291
13.19882 239
13.21893 252
13.23904 241
13.25916 248
13.27927 256
13.29938 246
13.3195 219
13.33961 235
13.35973 235
13.37984 229
13.39995 236
13.42007 242
13.44018 262
13.46029 235
13.48041 242
13.50052 250
13.52064 271
13.54075 287
13.56086 328
13.58098 377
13.60109 374
13.6212 389
13.64132 376
13.66143 326
13.68154 302
13.70166 295
13.72177 261
13.74189 268
13.762 244
13.78211 268
13.80223 242
13.82234 254
13.84245 269
13.86257 231
13.88268 248
13.9028 234
13.92291 269
13.94302 237
13.96314 247
13.98325 254
14.00336 231
14.02348 191
14.04359 224
14.06371 233
14.08382 232
14.10393 201
14.12405 219
14.14416 230
14.16427 251
14.18439 210
14.2045 194
14.22461 195
14.24473 217
14.26484 192
14.28496 203
14.30507 219
14.32518 226
14.3453 208
14.36541 211
14.38552 214
14.40564 211
14.42575 198
14.44587 215
14.46598 214
14.48609 233
14.50621 229
14.52632 226
14.54643 231
14.56655 210
14.58666 202
14.60677 201
14.62689 211
14.647 195
14.66712 208
14.68723 201
14.70734 222
14.72746 197
14.74757 203
14.76768 240
14.7878 218
14.80791 235
14.82803 234
14.84814 298
14.86825 272
14.88837 275
14.90848 298
14.92859 270
14.94871 285
14.96882 255
14.98894 266
15.00905 277
15.02916 245
15.04928 231
15.06939 221
15.0895 244
15.10962 236
15.12973 222
15.14984 249
15.16996 252
15.19007 237
15.21019 252
15.2303 229
15.25041 263
15.27053 244
15.29064 213
15.31075 217
15.33087 187
15.35098 211
15.3711 212
15.39121 201
15.41132 184
15.43144 217
15.45155 196
15.47166 214
15.49178 194
15.51189 212
15.53201 202
15.55212 196
15.57223 188
15.59235 239
15.61246 188
15.63257 187
15.65269 207
15.6728 192
15.69291 212
15.71303 200
15.73314 227
15.75326 221
15.77337 217
15.79348 198
15.8136 211
15.83371 193
15.85382 195
15.87394 191
15.89405 190
15.91417 209
15.93428 207
15.95439 229
15.97451 206
15.99462 194
16.01473 191
16.03485 200
16.05496 201
16.07508 196
16.09519 186
16.1153 211
16.13542 226
16.15553 191
16.17564 229
16.19576 213
16.21587 176
16.23598 228
16.2561 193
16.27621 191
16.29633 231
16.31644 207
16.33655 211
16.35667 193
16.37678 206
16.39689 207
16.41701 224
16.43712 182
16.45724 183
16.47735 207
16.49746 215
16.51758 212
16.53769 189
16.5578 185
16.57792 200
16.59803 181
16.61814 198
16.63826 179
16.65837 223
16.67849 207
16.6986 217
16.71871 199
16.73883 186
16.75894 210
16.77905 190
16.79917 202
16.81928 213
16.8394 189
16.85951 213
16.87962 174
16.89974 201
16.91985 205
16.93996 184
16.96008 223
16.98019 165
17.00031 178
17.02042 216
17.04053 183
17.06065 185
17.08076 203
17.10087 200
17.12099 213
17.1411 201
17.16121 202
17.18133 225
17.20144 208
17.22156 191
17.24167 183
17.26178 198
17.2819 209
17.30201 166
17.32212 197
17.34224 214
17.36235 203
17.38247 202
17.40258 211
17.42269 210
17.44281 204
17.46292 174
17.48303 193
17.50315 191
17.52326 166
17.54338 195
17.56349 192
17.5836 187
17.60372 228
17.62383 212
17.64394 198
17.66406 198
17.68417 210
17.70428 196
17.7244 210
17.74451 190
17.76463 206
17.78474 215
17.80485 211
17.82497 191
17.84508 204
17.86519 205
17.88531 202
17.90542 211
17.92554 186
17.94565 231
17.96576 201
17.98588 215
18.00599 186
18.0261 233
18.04622 204
18.06633 261
18.08645 216
18.10656 204
18.12667 209
18.14679 187
18.1669 198
18.18701 183
18.20713 205
18.22724 211
18.24735 210
18.26747 186
18.28758 220
18.3077 204
18.32781 236
18.34792 225
18.36804 199
18.38815 205
18.40826 205
18.42838 196
18.44849 189
18.46861 211
18.48872 196
18.50883 207
18.52895 209
18.54906 202
18.56917 191
18.58929 219
18.6094 208
18.62951 215
18.64963 202
18.66974 181
18.68986 227
18.70997 210
18.73008 203
18.7502 201
18.77031 211
18.79042 218
18.81054 208
18.83065 195
18.85077 220
18.87088 209
18.89099 234
18.91111 226
18.93122 214
18.95133 205
18.97145 189
18.99156 203
19.01168 185
19.03179 230
19.0519 200
19.07202 193
19.09213 195
19.11224 225
19.13236 220
19.15247 221
19.17258 245
19.1927 227
19.21281 264
19.23293 250
19.25304 263
19.27315 271
19.29327 253
19.31338 242
19.33349 257
19.35361 216
19.37372 263
19.39384 251
19.41395 221
19.43406 260
19.45418 205
19.47429 248
19.4944 220
19.51452 236
19.53463 255
19.55475 219
19.57486 292
19.59497 247
19.61509 266
19.6352 263
19.65531 269
19.67543 257
19.69554 283
19.71565 272
19.73577 278
19.75588 317
19.776 299
19.79611 339
19.81622 287
19.83634 342
19.85645 310
19.87656 334
19.89668 359
19.91679 399
19.93691 307
19.95702 353
19.97713 360
19.99725 314
20.01736 324
20.03747 343
20.05759 322
20.0777 312
20.09782 290
20.11793 327
20.13804 331
20.15816 346
20.17827 284
20.19838 350
20.2185 313
20.23861 310
20.25872 319
20.27884 335
20.29895 327
20.31907 315
20.33918 330
20.35929 324
20.37941 330
20.39952 379
20.41963 351
20.43975 409
20.45986 358
20.47998 367
20.50009 388
20.5202 348
20.54032 398
20.56043 419
20.58054 420
20.60066 449
20.62077 501
20.64088 535
20.661 635
20.68111 776
20.70123 1028
20.72134 1353
20.74145 1822
20.76157 2432
20.78168 3124
20.80179 3832
20.82191 4314
20.84202 4359
20.86214 3972
20.88225 3247
20.90236 2499
20.92248 1944
20.94259 1525
20.9627 1337
20.98282 1340
21.00293 1252
21.02305 1230
21.04316 1136
21.06327 987
21.08339 820
21.1035 569
21.12361 522
21.14373 465
21.16384 421
21.18395 402
21.20407 391
21.22418 401
21.2443 384
21.26441 353
21.28452 346
21.30464 337
21.32475 378
21.34486 414
21.36498 336
21.38509 316
21.40521 365
21.42532 329
21.44543 315
21.46555 311
21.48566 308
21.50577 322
21.52589 311
21.546 302
21.56612 271
21.58623 300
21.60634 291
21.62646 300
21.64657 307
21.66668 343
21.6868 295
21.70691 297
21.72702 319
21.74714 262
21.76725 292
21.78737 328
21.80748 289
21.82759 328
21.84771 326
21.86782 332
21.88793 398
21.90805 446
21.92816 468
21.94828 535
21.96839 521
21.9885 554
22.00862 530
22.02873 477
22.04884 413
22.06896 359
22.08907 364
22.10919 322
22.1293 330
22.14941 314
22.16953 357
22.18964 367
22.20975 398
22.22987 423
22.24998 459
22.27009 470
22.29021 511
22.31032 458
22.33044 456
22.35055 407
22.37066 354
22.39078 336
22.41089 282
22.431 315
22.45112 316
22.47123 302
22.49135 317
22.51146 323
22.53157 350
22.55169 320
22.5718 359
22.59191 348
22.61203 334
22.63214 356
22.65225 355
22.67237 331
22.69248 305
22.7126 310
22.73271 287
22.75282 299
22.77294 266
22.79305 284
22.81316 313
22.83328 298
22.85339 313
22.87351 300
22.89362 334
22.91373 350
22.93385 360
22.95396 375
22.97407 396
22.99419 399
23.0143 411
23.03442 455
23.05453 460
23.07464 484
23.09476 611
23.11487 624
23.13498 688
23.1551 779
23.17521 763
23.19532 724
23.21544 638
23.23555 543
23.25567 474
23.27578 424
23.29589 399
23.31601 334
23.33612 332
23.35623 314
23.37635 342
23.39646 320
23.41658 355
23.43669 339
23.4568 340
23.47692 369
23.49703 396
23.51714 396
23.53726 367
23.55737 384
23.57749 395
23.5976 357
23.61771 447
23.63783 391
23.65794 377
23.67805 368
23.69817 356
23.71828 351
23.73839 366
23.75851 368
23.77862 351
23.79874 414
23.81885 424
23.83896 461
23.85908 444
23.87919 611
23.8993 643
23.91942 716
23.93953 821
23.95965 855
23.97976 841
23.99987 772
24.01999 723
24.0401 554
24.06021 511
24.08033 451
24.10044 365
24.12056 343
24.14067 366
24.16078 368
24.1809 407
24.20101 410
24.22112 417
24.24124 550
24.26135 483
24.28146 502
24.30158 518
24.32169 502
24.34181 493
24.36192 449
24.38203 413
24.40215 410
24.42226 351
24.44237 344
24.46249 297
24.4826 312
24.50272 318
24.52283 308
24.54294 346
24.56306 331
24.58317 363
24.60328 356
24.6234 421
24.64351 421
24.66362 438
24.68374 452
24.70385 482
24.72397 437
24.74408 424
24.76419 359
24.78431 365
24.80442 355
24.82453 340
24.84465 374
24.86476 317
24.88488 361
24.90499 406
24.9251 381
24.94522 390
24.96533 365
24.98544 342
25.00556 340
25.02567 352
25.04579 320
25.0659 324
25.08601 343
25.10613 342
25.12624 318
25.14635 320
25.16647 332
25.18658 318
25.20669 339
25.22681 321
25.24692 349
25.26704 321
25.28715 342
25.30726 395
25.32738 385
25.34749 405
25.3676 436
25.38772 446
25.40783 524
25.42795 634
25.44806 688
25.46817 815
25.48829 818
25.5084 875
25.52851 838
25.54863 817
25.56874 806
25.58886 844
25.60897 821
25.62908 849
25.6492 813
25.66931 771
25.68942 687
25.70954 608
25.72965 564
25.74976 472
25.76988 477
25.78999 427
25.81011 413
25.83022 421
25.85033 413
25.87045 407
25.89056 423
25.91067 434
25.93079 422
25.9509 401
25.97102 452
25.99113 453
26.01124 452
26.03136 467
26.05147 444
26.07158 446
26.0917 503
26.11181 550
26.13193 581
26.15204 613
26.17215 666
26.19227 698
26.21238 723
26.23249 832
26.25261 935
26.27272 933
26.29283 1095
26.31295 1218
26.33306 1379
26.35318 1589
26.37329 1827
26.3934 2230
26.41352 2499
26.43363 2996
26.45374 3456
26.47386 4529
26.49397 6036
26.51409 7878
26.5342 10819
26.55431 13994
26.57443 16930
26.59454 18707
26.61465 19137
26.63477 17447
26.65488 14455
26.67499 10925
26.69511 8110
26.71522 5475
26.73534 3381
26.75545 2060
26.77556 1439
26.79568 1202
26.81579 1091
26.8359 1015
26.85602 927
26.87613 1024
26.89625 943
26.91636 951
26.93647 988
26.95659 1072
26.9767 1119
26.99681 1210
27.01693 1253
27.03704 1326
27.05716 1306
27.07727 1176
27.09738 1042
27.1175 1008
27.13761 814
27.15772 764
27.17784 712
27.19795 650
27.21806 716
27.23818 822
27.25829 911
27.27841 1011
27.29852 1162
27.31863 1365
27.33875 1637
27.35886 1817
27.37897 2093
27.39909 2257
27.4192 2336
27.43932 2162
27.45943 2046
27.47954 1770
27.49966 1615
27.51977 1302
27.53988 1053
27.56 925
27.58011 719
27.60023 632
27.62034 633
27.64045 586
27.66057 572
27.68068 651
27.70079 670
27.72091 701
27.74102 707
27.76113 787
27.78125 790
27.80136 780
27.82148 788
27.84159 826
27.8617 786
27.88182 744
27.90193 781
27.92204 723
27.94216 760
27.96227 727
27.98239 698
28.0025 637
28.02261 566
28.04273 482
28.06284 478
28.08295 399
28.10307 384
28.12318 341
28.1433 383
28.16341 376
28.18352 382
28.20364 396
28.22375 387
28.24386 442
28.26398 420
28.28409 402
28.3042 370
28.32432 367
28.34443 360
28.36455 336
28.38466 331
28.40477 351
28.42489 352
28.445 328
28.46511 384
28.48523 339
28.50534 321
28.52546 309
28.54557 269
28.56568 260
28.5858 282
28.60591 267
28.62602 307
28.64614 269
28.66625 293
28.68636 271
28.70648 271
28.72659 247
28.74671 267
28.76682 286
28.78693 261
28.80705 294
28.82716 256
28.84727 271
28.86739 252
28.8875 266
28.90762 238
28.92773 255
28.94784 260
28.96796 251
28.98807 272
29.00818 248
29.0283 240
29.04841 276
29.06853 280
29.08864 266
29.10875 267
29.12887 293
29.14898 254
29.16909 281
29.18921 301
29.20932 266
29.22943 306
29.24955 356
29.26966 298
29.28978 358
29.30989 416
29.33 450
29.35012 515
29.37023 584
29.39034 523
29.41046 594
29.43057 606
29.45069 496
29.4708 522
29.49091 464
29.51103 361
29.53114 396
29.55125 361
29.57137 310
29.59148 303
29.6116 290
29.63171 296
29.65182 310
29.67194 308
29.69205 298
29.71216 331
29.73228 322
29.75239 318
29.7725 347
29.79262 354
29.81273 339
29.83285 340
29.85296 355
29.87307 315
29.89319 329
29.9133 340
29.93341 346
29.95353 313
29.97364 339
29.99376 328
30.01387 404
30.03398 425
30.0541 423
30.07421 471
30.09432 525
30.11444 538
30.13455 602
30.15467 625
30.17478 672
30.19489 682
30.21501 688
30.23512 645
30.25523 543
30.27535 538
30.29546 527
30.31557 473
30.33569 421
30.3558 422
30.37592 379
30.39603 379
30.41614 385
30.43626 404
30.45637 409
30.47648 390
30.4966 301
30.51671 373
30.53683 344
30.55694 335
30.57705 337
30.59717 383
30.61728 430
30.63739 449
30.65751 507
30.67762 531
30.69773 615
30.71785 558
30.73796 561
30.75808 562
30.77819 560
30.7983 524
30.81842 544
30.83853 440
30.85864 533
30.87876 535
30.89887 457
30.91899 385
30.9391 329
30.95921 319
30.97933 342
30.99944 281
31.01955 272
31.03967 253
31.05978 251
31.0799 254
31.10001 266
31.12012 250
31.14024 228
31.16035 250
31.18046 258
31.20058 239
31.22069 245
31.2408 243
31.26092 259
31.28103 253
31.30115 243
31.32126 253
31.34137 294
31.36149 285
31.3816 258
31.40171 246
31.42183 290
31.44194 256
31.46206 253
31.48217 231
31.50228 226
31.5224 216
31.54251 227
31.56262 253
31.58274 239
31.60285 246
31.62297 214
31.64308 271
31.66319 246
31.68331 272
31.70342 239
31.72353 224
31.74365 232
31.76376 271
31.78387 245
31.80399 224
31.8241 221
31.84422 242
31.86433 227
31.88444 233
31.90456 215
31.92467 245
31.94478 219
31.9649 245
31.98501 224
32.00513 279
32.02524 271
32.04535 292
32.06547 298
32.08558 340
32.10569 301
32.12581 327
32.14592 294
32.16604 286
32.18615 300
32.20626 247
32.22638 283
32.24649 272
32.2666 284
32.28672 304
32.30683 308
32.32694 302
32.34706 341
32.36717 344
32.38729 346
32.4074 366
32.42751 382
32.44763 368
32.46774 338
32.48785 352
32.50797 342
32.52808 330
32.5482 295
32.56831 259
32.58842 257
32.60854 236
32.62865 233
32.64876 216
32.66888 238
32.68899 229
32.7091 245
32.72922 223
32.74933 227
32.76945 207
32.78956 244
32.80967 248
32.82979 215
32.8499 242
32.87001 242
32.89013 247
32.91024 306
32.93036 269
32.95047 275
32.97058 276
32.9907 241
33.01081 240
33.03092 261
33.05104 250
33.07115 237
33.09127 216
33.11138 215
33.13149 220
33.15161 231
33.17172 245
33.19183 237
33.21195 219
33.23206 211
33.25217 232
33.27229 233
33.2924 236
33.31252 242
33.33263 214
33.35274 221
33.37286 203
33.39297 232
33.41308 235
33.4332 200
33.45331 211
33.47343 221
33.49354 201
33.51365 218
33.53377 215
33.55388 216
33.57399 256
33.59411 220
33.61422 204
33.63434 245
33.65445 231
33.67456 240
33.69468 228
33.71479 230
33.7349 232
33.75502 245
33.77513 249
33.79524 255
33.81536 251
33.83547 255
33.85559 229
33.8757 256
33.89581 252
33.91593 258
33.93604 266
33.95615 286
33.97627 298
33.99638 251
34.0165 282
34.03661 310
34.05672 327
34.07684 384
34.09695 382
34.11706 403
34.13718 490
34.15729 443
34.17741 479
34.19752 529
34.21763 486
34.23775 459
34.25786 416
34.27797 377
34.29809 399
34.3182 313
34.33831 319
34.35843 313
34.37854 276
34.39866 319
34.41877 319
34.43888 311
34.459 321
34.47911 321
34.49922 339
34.51934 317
34.53945 317
34.55957 297
34.57968 339
34.59979 357
34.61991 370
34.64002 380
34.66013 393
34.68025 371
34.70036 351
34.72047 359
34.74059 365
34.7607 337
34.78082 359
34.80093 372
34.82104 334
34.84116 398
34.86127 400
34.88138 377
34.9015 392
34.92161 385
34.94173 371
34.96184 393
34.98195 390
35.00207 369
35.02218 365
35.04229 365
35.06241 354
35.08252 416
35.10264 363
35.12275 362
35.14286 387
35.16298 384
35.18309 352
35.2032 392
35.22332 397
35.24343 375
35.26354 377
35.28366 355
35.30377 390
35.32389 435
35.344 379
35.36411 387
35.38423 372
35.40434 432
35.42445 422
35.44457 455
35.46468 463
35.4848 454
35.50491 520
35.52502 482
35.54514 493
35.56525 462
35.58536 435
35.60548 440
35.62559 369
35.64571 388
35.66582 363
35.68593 328
35.70605 309
35.72616 295
35.74627 289
35.76639 311
35.7865 273
35.80661 336
35.82673 316
35.84684 319
35.86696 337
35.88707 302
35.90718 337
35.9273 298
35.94741 293
35.96752 297
35.98764 288
36.00775 264
36.02787 279
36.04798 291
36.06809 295
36.08821 284
36.10832 313
36.12843 331
36.14855 299
36.16866 313
36.18878 334
36.20889 298
36.229 301
36.24912 320
36.26923 363
36.28934 338
36.30946 349
36.32957 381
36.34968 479
36.3698 557
36.38991 659
36.41003 823
36.43014 939
36.45025 1115
36.47037 1380
36.49048 1427
36.51059 1432
36.53071 1309
36.55082 1176
36.57094 1095
36.59105 904
36.61116 800
36.63128 605
36.65139 534
36.6715 419
36.69162 379
36.71173 342
36.73184 306
36.75196 321
36.77207 301
36.79219 328
36.8123 329
36.83241 365
36.85253 438
36.87264 438
36.89275 388
36.91287 433
36.93298 401
36.9531 424
36.97321 400
36.99332 445
37.01344 392
37.03355 325
37.05366 384
37.07378 317
37.09389 324
37.11401 294
37.13412 297
37.15423 282
37.17435 289
37.19446 257
37.21457 251
37.23469 275
37.2548 273
37.27491 253
37.29503 266
37.31514 264
37.33526 230
37.35537 265
37.37548 261
37.3956 264
37.41571 271
37.43582 256
37.45594 249
37.47605 259
37.49617 283
37.51628 285
37.53639 287
37.55651 297
37.57662 299
37.59673 299
37.61685 290
37.63696 269
37.65708 247
37.67719 301
37.6973 272
37.71742 253
37.73753 264
37.75764 244
37.77776 254
37.79787 276
37.81798 251
37.8381 244
37.85821 243
37.87833 214
37.89844 258
37.91855 218
37.93867 245
37.95878 223
37.97889 231
37.99901 223
38.01912 240
38.03924 236
38.05935 229
38.07946 248
38.09958 256
38.11969 257
38.1398 259
38.15992 247
38.18003 246
38.20015 262
38.22026 240
38.24037 249
38.26049 291
38.2806 261
38.30071 279
38.32083 310
38.34094 268
38.36105 289
38.38117 276
38.40128 288
38.4214 297
38.44151 335
38.46162 353
38.48174 335
38.50185 361
38.52196 367
38.54208 366
38.56219 378
38.58231 323
38.60242 331
38.62253 328
38.64265 275
38.66276 264
38.68287 245
38.70299 259
38.7231 241
38.74321 250
38.76333 246
38.78344 263
38.80356 218
38.82367 232
38.84378 229
38.8639 261
38.88401 232
38.90412 262
38.92424 268
38.94435 250
38.96447 251
38.98458 246
39.00469 239
39.02481 268
39.04492 300
39.06503 263
39.08515 323
39.10526 302
39.12538 317
39.14549 308
39.1656 326
39.18572 312
39.20583 330
39.22594 346
39.24606 402
39.26617 438
39.28628 484
39.3064 575
39.32651 721
39.34663 829
39.36674 1007
39.38685 1111
39.40697 1269
39.42708 1360
39.44719 1305
39.46731 1223
39.48742 937
39.50754 863
39.52765 802
39.54776 662
39.56788 569
39.58799 417
39.6081 361
39.62822 301
39.64833 277
39.66845 273
39.68856 230
39.70867 259
39.72879 278
39.7489 249
39.76901 231
39.78913 223
39.80924 241
39.82935 226
39.84947 254
39.86958 224
39.8897 217
39.90981 218
39.92992 230
39.95004 277
39.97015 266
39.99026 246
40.01038 281
40.03049 269
40.05061 300
40.07072 305
40.09083 324
40.11095 381
40.13106 428
40.15117 448
40.17129 533
40.1914 629
40.21152 675
40.23163 717
40.25174 761
40.27186 731
40.29197 624
40.31208 612
40.3322 589
40.35231 547
40.37242 435
40.39254 401
40.41265 361
40.43277 341
40.45288 295
40.47299 269
40.49311 271
40.51322 293
40.53333 257
40.55345 248
40.57356 267
40.59368 211
40.61379 236
40.6339 237
40.65402 237
40.67413 225
40.69424 208
40.71436 225
40.73447 242
40.75458 215
40.7747 225
40.79481 240
40.81493 238
40.83504 213
40.85515 241
40.87527 233
40.89538 209
40.91549 218
40.93561 197
40.95572 213
40.97584 237
40.99595 249
41.01606 211
41.03618 213
41.05629 205
41.0764 226
41.09652 223
41.11663 232
41.13675 209
41.15686 222
41.17697 225
41.19709 208
41.2172 257
41.23731 243
41.25743 231
41.27754 213
41.29765 216
41.31777 259
41.33788 225
41.358 223
41.37811 246
41.39822 271
41.41834 250
41.43845 253
41.45856 268
41.47868 265
41.49879 269
41.51891 292
41.53902 300
41.55913 299
41.57925 325
41.59936 351
41.61947 352
41.63959 363
41.6597 421
41.67982 454
41.69993 493
41.72004 540
41.74016 560
41.76027 629
41.78038 649
41.8005 586
41.82061 525
41.84072 501
41.86084 443
41.88095 356
41.90107 354
41.92118 318
41.94129 317
41.96141 258
41.98152 246
42.00163 303
42.02175 264
42.04186 213
42.06198 217
42.08209 242
42.1022 230
42.12232 253
42.14243 265
42.16254 286
42.18266 289
42.20277 319
42.22289 358
42.243 407
42.26311 435
42.28323 511
42.30334 603
42.32345 679
42.34357 793
42.36368 914
42.38379 959
42.40391 1029
42.42402 987
42.44414 870
42.46425 791
42.48436 702
42.50448 576
42.52459 594
42.5447 571
42.56482 483
42.58493 331
42.60505 318
42.62516 291
42.64527 289
42.66539 296
42.6855 309
42.70561 308
42.72573 299
42.74584 300
42.76595 291
42.78607 302
42.80618 298
42.8263 275
42.84641 281
42.86652 263
42.88664 231
42.90675 258
42.92686 249
42.94698 267
42.96709 254
42.98721 225
43.00732 215
43.02743 248
43.04755 265
43.06766 218
43.08777 232
43.10789 247
43.128 199
43.14812 241
43.16823 240
43.18834 221
43.20846 224
43.22857 200
43.24868 189
43.2688 210
43.28891 205
43.30902 229
43.32914 179
43.34925 205
43.36937 204
43.38948 221
43.40959 230
43.42971 210
43.44982 234
43.46993 227
43.49005 240
43.51016 239
43.53028 255
43.55039 240
43.5705 232
43.59062 186
43.61073 229
43.63084 182
43.65096 196
43.67107 200
43.69119 227
43.7113 194
43.73141 207
43.75153 205
43.77164 188
43.79175 216
43.81187 212
43.83198 223
43.85209 188
43.87221 215
43.89232 225
43.91244 209
43.93255 234
43.95266 222
43.97278 207
43.99289 196
44.013 213
44.03312 203
44.05323 226
44.07335 229
44.09346 227
44.11357 242
44.13369 251
44.1538 251
44.17391 243
44.19403 253
44.21414 242
44.23426 215
44.25437 209
44.27448 202
44.2946 230
44.31471 214
44.33482 218
44.35494 201
44.37505 181
44.39516 220
44.41528 203
44.43539 198
44.45551 206
44.47562 244
44.49573 222
44.51585 237
44.53596 224
44.55607 240
44.57619 229
44.5963 234
44.61642 231
44.63653 238
44.65664 215
44.67676 237
44.69687 239
44.71698 221
44.7371 229
44.75721 218
44.77732 225
44.79744 215
44.81755 229
44.83767 211
44.85778 223
44.87789 220
44.89801 216
44.91812 225
44.93823 196
44.95835 219
44.97846 210
44.99858 201
45.01869 216
45.0388 209
45.05892 211
45.07903 198
45.09914 212
45.11926 211
45.13937 249
45.15949 218
45.1796 207
45.19971 195
45.21983 233
45.23994 199
45.26005 221
45.28017 232
45.30028 245
45.32039 244
45.34051 238
45.36062 269
45.38074 260
45.40085 299
45.42096 308
45.44108 301
45.46119 306
45.4813 318
45.50142 349
45.52153 354
45.54165 357
45.56176 385
45.58187 390
45.60199 447
45.6221 479
45.64221 562
45.66233 637
45.68244 640
45.70256 729
45.72267 798
45.74278 802
45.7629 747
45.78301 709
45.80312 680
45.82324 574
45.84335 511
45.86346 509
45.88358 450
45.90369 439
45.92381 340
45.94392 284
45.96403 272
45.98415 244
46.00426 226
46.02437 225
46.04449 224
46.0646 244
46.08472 246
46.10483 242
46.12494 269
46.14506 247
46.16517 251
46.18528 286
46.2054 269
46.22551 275
46.24563 263
46.26574 219
46.28585 209
46.30597 263
46.32608 229
46.34619 228
46.36631 216
46.38642 245
46.40653 224
46.42665 212
46.44676 210
46.46688 198
46.48699 177
46.5071 208
46.52722 172
46.54733 193
46.56744 195
46.58756 197
46.60767 202
46.62779 174
46.6479 182
46.66801 208
46.68813 175
46.70824 200
46.72835 193
46.74847 218
46.76858 208
46.78869 180
46.80881 195
46.82892 213
46.84904 194
46.86915 211
46.88926 210
46.90938 226
46.92949 202
46.9496 245
46.96972 215
46.98983 268
47.00995 263
47.03006 258
47.05017 273
47.07029 275
47.0904 272
47.11051 274
47.13063 301
47.15074 281
47.17086 260
47.19097 271
47.21108 246
47.2312 255
47.25131 260
47.27142 240
47.29154 230
47.31165 232
47.33176 258
47.35188 240
47.37199 250
47.39211 273
47.41222 266
47.43233 306
47.45245 288
47.47256 281
47.49267 250
47.51279 279
47.5329 238
47.55302 246
47.57313 230
47.59324 233
47.61336 223
47.63347 189
47.65358 211
47.6737 214
47.69381 182
47.71393 196
47.73404 193
47.75415 225
47.77427 195
47.79438 201
47.81449 193
47.83461 180
47.85472 201
47.87483 228
47.89495 200
47.91506 205
47.93518 197
47.95529 189
47.9754 201
47.99552 222
48.01563 225
48.03574 177
48.05586 188
48.07597 200
48.09609 206
48.1162 198
48.13631 213
48.15643 220
48.17654 214
48.19665 206
48.21677 207
48.23688 200
48.257 203
48.27711 223
48.29722 216
48.31734 231
48.33745 233
48.35756 216
48.37768 208
48.39779 231
48.4179 209
48.43802 215
48.45813 212
48.47825 227
48.49836 191
48.51847 203
48.53859 223
48.5587 201
48.57881 212
48.59893 223
48.61904 244
48.63916 215
48.65927 238
48.67938 260
48.6995 255
48.71961 251
48.73972 274
48.75984 270
48.77995 270
48.80006 261
48.82018 259
48.84029 281
48.86041 268
48.88052 292
48.90063 285
48.92075 283
48.94086 293
48.96097 305
48.98109 308
49.0012 299
49.02132 294
49.04143 276
49.06154 295
49.08166 265
49.10177 270
49.12188 304
49.142 287
49.16211 266
49.18223 271
49.20234 220
49.22245 246
49.24257 238
49.26268 214
49.28279 253
49.30291 208
49.32302 206
49.34313 207
49.36325 233
49.38336 220
49.40348 204
49.42359 213
49.4437 216
49.46382 231
49.48393 219
49.50404 223
49.52416 227
49.54427 214
49.56439 247
49.5845 247
49.60461 253
49.62473 279
49.64484 248
49.66495 296
49.68507 261
49.70518 311
49.7253 318
49.74541 348
49.76552 325
49.78564 340
49.80575 358
49.82586 413
49.84598 438
49.86609 510
49.8862 481
49.90632 568
49.92643 628
49.94655 786
49.96666 926
49.98677 1068
50.00689 1330
50.027 1536
50.04711 1757
50.06723 2065
50.08734 2068
50.10746 2059
50.12757 1768
50.14768 1524
50.1678 1297
50.18791 1225
50.20802 1132
50.22814 1118
50.24825 1047
50.26837 832
50.28848 684
50.30859 506
50.32871 428
50.34882 394
50.36893 449
50.38905 445
50.40916 511
50.42927 535
50.44939 504
50.4695 589
50.48962 584
50.50973 617
50.52984 556
50.54996 533
50.57007 519
50.59018 508
50.6103 429
50.63041 477
50.65053 411
50.67064 389
50.69075 375
50.71087 366
50.73098 340
50.75109 352
50.77121 341
50.79132 346
50.81143 347
50.83155 345
50.85166 340
50.87178 322
50.89189 325
50.912 303
50.93212 305
50.95223 280
50.97234 278
50.99246 285
51.01257 279
51.03269 250
51.0528 275
51.07291 260
51.09303 228
51.11314 234
51.13325 262
51.15337 269
51.17348 245
51.1936 253
51.21371 238
51.23382 234
51.25394 239
51.27405 264
51.29416 238
51.31428 260
51.33439 226
51.3545 219
51.37462 216
51.39473 226
51.41485 237
51.43496 194
51.45507 219
51.47519 176
51.4953 202
51.51541 206
51.53553 216
51.55564 208
51.57576 193
51.59587 186
51.61598 191
51.6361 206
51.65621 216
51.67632 197
51.69644 187
51.71655 190
51.73667 194
51.75678 184
51.77689 166
51.79701 184
51.81712 184
51.83723 196
51.85735 170
51.87746 184
51.89757 192
51.91769 176
51.9378 170
51.95792 190
51.97803 212
51.99814 183
52.01826 181
52.03837 181
52.05848 203
52.0786 182
52.09871 186
52.11883 204
52.13894 187
52.15905 152
52.17917 205
52.19928 161
52.21939 191
52.23951 173
52.25962 202
52.27974 210
52.29985 194
52.31996 214
52.34008 226
52.36019 206
52.3803 174
52.40042 204
52.42053 182
52.44064 217
52.46076 201
52.48087 224
52.50099 205
52.5211 250
52.54121 238
52.56133 238
52.58144 210
52.60155 223
52.62167 250
52.64178 240
52.6619 230
52.68201 198
52.70212 233
52.72224 241
52.74235 221
52.76246 228
52.78258 202
52.80269 247
52.8228 221
52.84292 210
52.86303 227
52.88315 214
52.90326 215
52.92337 237
52.94349 213
52.9636 236
52.98371 213
53.00383 223
53.02394 211
53.04406 231
53.06417 210
53.08428 208
53.1044 213
53.12451 208
53.14462 231
53.16474 199
53.18485 200
53.20497 225
53.22508 196
53.24519 197
53.26531 203
53.28542 204
53.30553 201
53.32565 214
53.34576 214
53.36587 211
53.38599 209
53.4061 224
53.42622 197
53.44633 179
53.46644 216
53.48656 236
53.50667 198
53.52678 196
53.5469 203
53.56701 209
53.58713 220
53.60724 201
53.62735 206
53.64747 206
53.66758 195
53.68769 202
53.70781 237
53.72792 216
53.74804 209
53.76815 233
53.78826 220
53.80838 204
53.82849 230
53.8486 232
53.86872 236
53.88883 251
53.90894 228
53.92906 214
53.94917 246
53.96929 221
53.9894 200
54.00951 241
54.02963 255
54.04974 257
54.06985 245
54.08997 224
54.11008 229
54.1302 218
54.15031 238
54.17042 239
54.19054 235
54.21065 235
54.23076 218
54.25088 241
54.27099 244
54.29111 232
54.31122 222
54.33133 228
54.35145 243
54.37156 246
54.39167 242
54.41179 235
54.4319 234
54.45201 249
54.47213 236
54.49224 241
54.51236 251
54.53247 261
54.55258 259
54.5727 267
54.59281 304
54.61292 322
54.63304 306
54.65315 336
54.67327 349
54.69338 387
54.71349 454
54.73361 512
54.75372 579
54.77383 656
54.79395 659
54.81406 747
54.83417 717
54.85429 676
54.8744 624
54.89452 535
54.91463 497
54.93474 461
54.95486 488
54.97497 500
54.99508 470
55.0152 392
55.03531 356
55.05543 329
55.07554 299
55.09565 290
55.11577 278
55.13588 270
55.15599 293
55.17611 304
55.19622 385
55.21634 392
55.23645 413
55.25656 428
55.27668 468
55.29679 459
55.3169 416
55.33702 379
55.35713 379
55.37724 366
55.39736 345
55.41747 380
55.43759 413
55.4577 351
55.47781 311
55.49793 285
55.51804 292
55.53815 284
55.55827 292
55.57838 270
55.5985 237
55.61861 265
55.63872 216
55.65884 255
55.67895 236
55.69906 220
55.71918 233
55.73929 232
55.75941 233
55.77952 193
55.79963 215
55.81975 202
55.83986 207
55.85997 196
55.88009 200
55.9002 225
55.92031 202
55.94043 206
55.96054 186
55.98066 192
56.00077 198
56.02088 220
56.041 219
56.06111 205
56.08122 216
56.10134 211
56.12145 203
56.14157 181
56.16168 196
56.18179 204
56.20191 195
56.22202 193
56.24213 186
56.26225 199
56.28236 195
56.30248 172
56.32259 177
56.3427 176
56.36282 206
56.38293 185
56.40304 183
56.42316 197
56.44327 208
56.46338 208
56.4835 190
56.50361 214
56.52373 184
56.54384 213
56.56395 232
56.58407 206
56.60418 212
56.62429 205
56.64441 201
56.66452 224
56.68464 224
56.70475 209
56.72486 221
56.74498 236
56.76509 188
56.7852 219
56.80532 202
56.82543 219
56.84554 213
56.86566 225
56.88577 225
56.90589 206
56.926 198
56.94611 206
56.96623 199
56.98634 236
57.00645 197
57.02657 214
57.04668 209
57.0668 192
57.08691 189
57.10702 222
57.12714 220
57.14725 212
57.16736 215
57.18748 228
57.20759 198
57.22771 218
57.24782 246
57.26793 228
57.28805 270
57.30816 239
57.32827 207
57.34839 218
57.3685 229
57.38861 216
57.40873 234
57.42884 223
57.44896 200
57.46907 260
57.48918 215
57.5093 175
57.52941 220
57.54952 199
57.56964 192
57.58975 195
57.60987 200
57.62998 200
57.65009 194
57.67021 175
57.69032 196
57.71043 206
57.73055 186
57.75066 188
57.77078 185
57.79089 175
57.811 202
57.83112 176
57.85123 188
57.87134 196
57.89146 191
57.91157 198
57.93168 205
57.9518 205
57.97191 199
57.99203 177
58.01214 194
58.03225 195
58.05237 198
58.07248 207
58.09259 212
58.11271 213
58.13282 209
58.15294 229
58.17305 199
58.19316 232
58.21328 197
58.23339 195
58.2535 215
58.27362 225
58.29373 196
58.31385 223
58.33396 218
58.35407 211
58.37419 227
58.3943 211
58.41441 201
58.43453 229
58.45464 209
58.47475 211
58.49487 204
58.51498 221
58.5351 220
58.55521 233
58.57532 240
58.59544 259
58.61555 238
58.63566 240
58.65578 222
58.67589 230
58.69601 222
58.71612 274
58.73623 230
58.75635 206
58.77646 221
58.79657 218
58.81669 207
58.8368 222
58.85691 196
58.87703 196
58.89714 202
58.91726 183
58.93737 179
58.95748 186
58.9776 194
58.99771 186
59.01782 198
59.03794 204
59.05805 219
59.07817 190
59.09828 200
59.11839 215
59.13851 189
59.15862 190
59.17873 152
59.19885 208
59.21896 227
59.23908 215
59.25919 197
59.2793 225
59.29942 196
59.31953 211
59.33964 218
59.35976 219
59.37987 216
59.39998 232
59.4201 229
59.44021 263
59.46033 262
59.48044 239
59.50055 258
59.52067 284
59.54078 280
59.56089 297
59.58101 314
59.60112 324
59.62124 316
59.64135 303
59.66146 358
59.68158 414
59.70169 413
59.7218 445
59.74192 562
59.76203 551
59.78215 675
59.80226 851
59.82237 928
59.84249 1107
59.8626 1278
59.88271 1323
59.90283 1423
59.92294 1367
59.94305 1218
59.96317 1019
59.98328 888
60.0034 839
60.02351 835
60.04362 837
60.06374 803
60.08385 729
60.10396 687
60.12408 554
60.14419 447
60.16431 359
60.18442 301
60.20453 297
60.22465 293
60.24476 239
60.26487 234
60.28499 250
60.3051 258
60.32522 226
60.34533 248
60.36544 229
60.38556 237
60.40567 243
60.42578 207
60.4459 226
60.46601 218
60.48612 213
60.50624 184
60.52635 238
60.54647 186
60.56658 223
60.58669 186
60.60681 219
60.62692 209
60.64703 208
60.66715 204
60.68726 200
60.70738 228
60.72749 230
60.7476 204
60.76772 217
60.78783 194
60.80794 208
60.82806 195
60.84817 200
60.86828 206
60.8884 222
60.90851 210
60.92863 216
60.94874 221
60.96885 242
60.98897 254
61.00908 246
61.02919 271
61.04931 312
61.06942 299
61.08954 303
61.10965 311
61.12976 284
61.14988 288
61.16999 299
61.1901 298
61.21022 257
61.23033 280
61.25045 256
61.27056 257
61.29067 243
61.31079 241
61.3309 253
61.35101 245
61.37113 230
61.39124 183
61.41135 202
61.43147 197
61.45158 215
61.4717 206
61.49181 200
61.51192 183
61.53204 192
61.55215 215
61.57226 204
61.59238 201
61.61249 220
61.63261 191
61.65272 199
61.67283 197
61.69295 192
61.71306 211
61.73317 201
61.75329 220
61.7734 209
61.79352 217
61.81363 213
61.83374 191
61.85386 219
61.87397 198
61.89408 206
61.9142 213
61.93431 207
61.95442 232
61.97454 214
61.99465 214
62.01477 252
62.03488 230
62.05499 226
62.07511 224
62.09522 204
62.11533 232
62.13545 262
62.15556 255
62.17568 241
62.19579 236
62.2159 207
62.23602 248
62.25613 250
62.27624 224
62.29636 228
62.31647 223
62.33659 207
62.3567 234
62.37681 207
62.39693 233
62.41704 217
62.43715 221
62.45727 231
62.47738 238
62.49749 250
62.51761 233
62.53772 246
62.55784 224
62.57795 238
62.59806 225
62.61818 240
62.63829 227
62.6584 244
62.67852 219
62.69863 240
62.71875 248
62.73886 248
62.75897 234
62.77909 240
62.7992 224
62.81931 220
62.83943 225
62.85954 236
62.87965 234
62.89977 211
62.91988 251
62.94 230
62.96011 246
62.98022 259
63.00034 277
63.02045 285
63.04056 273
63.06068 277
63.08079 283
63.10091 300
63.12102 264
63.14113 270
63.16125 244
63.18136 271
63.20147 221
63.22159 252
63.2417 240
63.26182 248
63.28193 267
63.30204 230
63.32216 238
63.34227 244
63.36238 229
63.3825 223
63.40261 213
63.42272 220
63.44284 217
63.46295 237
63.48307 193
63.50318 218
63.52329 258
63.54341 230
63.56352 225
63.58363 240
63.60375 237
63.62386 277
63.64398 232
63.66409 274
63.6842 285
63.70432 275
63.72443 304
63.74454 301
63.76466 315
63.78477 342
63.80489 356
63.825 339
63.84511 351
63.86523 384
63.88534 401
63.90545 436
63.92557 444
63.94568 467
63.96579 482
63.98591 490
64.00602 470
64.02614 406
64.04625 391
64.06636 380
64.08648 353
64.10659 356
64.1267 335
64.14682 342
64.16693 317
64.18705 328
64.20716 279
64.22727 278
64.24739 242
64.2675 217
64.28761 211
64.30773 223
64.32784 218
64.34796 176
64.36807 223
64.38818 196
64.4083 196
64.42841 196
64.44852 207
64.46864 213
64.48875 180
64.50886 190
64.52898 206
64.54909 190
64.56921 210
64.58932 203
64.60943 189
64.62955 185
64.64966 210
64.66977 190
64.68989 198
64.71 191
64.73012 176
64.75023 204
64.77034 189
64.79046 223
64.81057 207
64.83068 187
64.8508 219
64.87091 217
64.89102 204
64.91114 189
64.93125 224
64.95137 231
64.97148 220
64.99159 219
65.01171 206
65.03182 206
65.05193 208
65.07205 215
65.09216 247
65.11228 227
65.13239 254
65.1525 225
65.17262 255
65.19273 233
65.21284 253
65.23296 262
65.25307 264
65.27319 265
65.2933 248
65.31341 266
65.33353 249
65.35364 250
65.37375 231
65.39387 245
65.41398 220
65.43409 252
65.45421 218
65.47432 211
65.49444 219
65.51455 233
65.53466 214
65.55478 236
65.57489 206
65.595 223
65.61512 226
65.63523 216
65.65535 235
65.67546 223
65.69557 238
65.71569 232
65.7358 277
65.75591 232
65.77603 225
65.79614 215
65.81626 188
65.83637 203
65.85648 191
65.8766 210
65.89671 209
65.91682 232
65.93694 212
65.95705 190
65.97716 213
65.99728 216
66.01739 214
66.03751 194
66.05762 174
66.07773 206
66.09785 214
66.11796 234
66.13807 240
66.15819 263
66.1783 228
66.19842 274
66.21853 243
66.23864 231
66.25876 252
66.27887 247
66.29898 217
66.3191 230
66.33921 215
66.35933 256
66.37944 249
66.39955 205
66.41967 228
66.43978 235
66.45989 240
66.48001 247
66.50012 227
66.52023 224
66.54035 216
66.56046 225
66.58058 211
66.60069 191
66.6208 207
66.64092 203
66.66103 204
66.68114 184
66.70126 210
66.72137 216
66.74149 214
66.7616 217
66.78171 205
66.80183 213
66.82194 181
66.84205 198
66.86217 204
66.88228 209
66.90239 215
66.92251 202
66.94262 195
66.96274 216
66.98285 252
67.00296 234
67.02308 221
67.04319 214
67.0633 210
67.08342 219
67.10353 261
67.12365 247
67.14376 204
67.16387 231
67.18399 253
67.2041 237
67.22421 212
67.24433 196
67.26444 230
67.28456 238
67.30467 218
67.32478 248
67.3449 219
67.36501 247
67.38512 258
67.40524 251
67.42535 269
67.44546 316
67.46558 304
67.48569 354
67.50581 371
67.52592 359
67.54603 427
67.56615 508
67.58626 533
67.60637 623
67.62649 701
67.6466 804
67.66672 885
67.68683 893
67.70694 869
67.72706 801
67.74717 787
67.76728 615
67.7874 608
67.80751 593
67.82763 590
67.84774 621
67.86785 652
67.88797 706
67.90808 698
67.92819 716
67.94831 706
67.96842 728
67.98853 771
68.00865 851
68.02876 924
68.04888 1013
68.06899 1173
68.0891 1173
68.10922 1214
68.12933 1107
68.14944 971
68.16956 966
68.18967 919
68.20979 963
68.2299 1093
68.25001 1084
68.27013 1119
68.29024 1040
68.31035 896
68.33047 727
68.35058 665
68.3707 552
68.39081 562
68.41092 503
68.43104 538
68.45115 517
68.47126 408
68.49138 417
68.51149 353
68.5316 331
68.55172 268
68.57183 261
68.59195 222
68.61206 229
68.63217 220
68.65229 216
68.6724 214
68.69251 207
68.71263 222
68.73274 229
68.75286 203
68.77297 236
68.79308 211
68.8132 223
68.83331 223
68.85342 210
68.87354 217
68.89365 241
68.91376 209
68.93388 206
68.95399 198
68.97411 220
68.99422 239
69.01433 197
69.03445 203
69.05456 193
69.07467 203
69.09479 190
69.1149 184
69.13502 195
69.15513 204
69.17524 180
69.19536 220
69.21547 190
69.23558 175
69.2557 200
69.27581 205
69.29593 221
69.31604 202
69.33615 167
69.35627 195
69.37638 164
69.39649 183
69.41661 188
69.43672 180
69.45683 195
69.47695 193
69.49706 182
69.51718 192
69.53729 198
69.5574 173
69.57752 208
69.59763 185
69.61774 191
69.63786 181
69.65797 198
69.67809 189
69.6982 181
69.71831 196
69.73843 171
69.75854 182
69.77865 194
69.79877 191
69.81888 188
69.839 177
69.85911 202
69.87922 198
69.89934 194
69.91945 188
69.93956 204
69.95968 205
69.97979 208
69.9999 225
70.02002 200
70.04013 190
70.06025 183
70.08036 200
70.10047 178
70.12059 161
70.1407 179
70.16081 186
70.18093 211
70.20104 203
70.22116 213
70.24127 197
70.26138 199
70.2815 198
70.30161 173
70.32172 168
70.34184 195
70.36195 185
70.38207 180
70.40218 154
70.42229 180
70.44241 174
70.46252 186
70.48263 207
70.50275 168
70.52286 178
70.54297 181
70.56309 180
70.5832 193
70.60332 161
70.62343 210
70.64354 197
70.66366 198
70.68377 169
70.70388 183
70.724 220
70.74411 182
70.76423 171
70.78434 196
70.80445 195
70.82457 210
70.84468 187
70.86479 188
70.88491 190
70.90502 195
70.92513 187
70.94525 204
70.96536 176
70.98548 194
71.00559 184
71.0257 198
71.04582 171
71.06593 180
71.08604 160
71.10616 193
71.12627 200
71.14639 182
71.1665 182
71.18661 183
71.20673 191
71.22684 201
71.24695 189
71.26707 187
71.28718 212
71.3073 169
71.32741 202
71.34752 218
71.36764 227
71.38775 198
71.40786 251
71.42798 213
71.44809 220
71.4682 238
71.48832 208
71.50843 217
71.52855 218
71.54866 215
71.56877 224
71.58889 232
71.609 212
71.62911 209
71.64923 209
71.66934 200
71.68946 210
71.70957 214
71.72968 204
71.7498 206
71.76991 205
71.79002 204
71.81014 212
71.83025 196
71.85037 194
71.87048 191
71.89059 220
71.91071 204
71.93082 196
71.95093 205
71.97105 218
71.99116 228
72.01127 210
72.03139 220
72.0515 224
72.07162 209
72.09173 215
72.11184 221
72.13196 207
72.15207 196
72.17218 222
72.1923 218
72.21241 234
72.23253 235
72.25264 231
72.27275 227
72.29287 208
72.31298 223
72.33309 228
72.35321 214
72.37332 242
72.39344 211
72.41355 194
72.43366 215
72.45378 209
72.47389 211
72.494 210
72.51412 187
72.53423 182
72.55434 188
72.57446 192
72.59457 202
72.61469 188
72.6348 189
72.65491 211
72.67503 191
72.69514 185
72.71525 210
72.73537 196
72.75548 198
72.7756 201
72.79571 220
72.81582 192
72.83594 210
72.85605 191
72.87616 187
72.89628 224
72.91639 193
72.9365 205
72.95662 224
72.97673 221
72.99685 237
73.01696 221
73.03707 243
73.05719 239
73.0773 271
73.09741 284
73.11753 264
73.13764 276
73.15776 290
73.17787 243
73.19798 245
73.2181 282
73.23821 280
73.25832 291
73.27844 320
73.29855 334
73.31867 341
73.33878 357
73.35889 402
73.37901 396
73.39912 435
73.41923 440
73.43935 477
73.45946 381
73.47957 371
73.49969 323
73.5198 278
73.53992 303
73.56003 312
73.58014 300
73.60026 328
73.62037 348
73.64048 331
73.6606 303
73.68071 285
73.70083 251
73.72094 229
73.74105 226
73.76117 224
73.78128 214
73.80139 205
73.82151 185
73.84162 225
73.86174 215
73.88185 237
73.90196 228
73.92208 206
73.94219 166
73.9623 185
73.98242 178
74.00253 192
74.02264 194
74.04276 199
74.06287 158
74.08299 188
74.1031 199
74.12321 179
74.14333 185
74.16344 166
74.18355 169
74.20367 176
74.22378 180
74.2439 176
74.26401 209
74.28412 167
74.30424 183
74.32435 177
74.34446 217
74.36458 220
74.38469 197
74.40481 204
74.42492 167
74.44503 220
74.46515 194
74.48526 202
74.50537 208
74.52549 201
74.5456 207
74.56571 191
74.58583 214
74.60594 204
74.62606 183
74.64617 210
74.66628 214
74.6864 233
74.70651 222
74.72662 186
74.74674 197
74.76685 210
74.78697 199
74.80708 199
74.82719 214
74.84731 217
74.86742 183
74.88753 207
74.90765 225
74.92776 210
74.94787 195
74.96799 193
74.9881 206
75.00822 206
