3.00117 20123
3.02128 19665
3.0414 18887
3.06151 18543
3.08162 17824
3.10174 17370
3.12185 17007
3.14197 16146
3.16208 15819
3.18219 15630
3.20231 14868
3.22242 14748
3.24253 13981
3.26265 13752
3.28276 13144
3.30288 12954
3.32299 12522
3.3431 11975
3.36322 11725
3.38333 11213
3.40344 10848
3.42356 10665
3.44367 10021
3.46379 9791
3.4839 9561
3.50401 9020
3.52413 8958
3.54424 8358
3.56435 7951
3.58447 7730
3.60458 7537
3.62469 7437
3.64481 7042
3.66492 6725
3.68504 6565
3.70515 5967
3.72526 6147
3.74538 5740
3.76549 5428
3.7856 5169
3.80572 5003
3.82583 4878
3.84595 4587
3.86606 4354
3.88617 4237
3.90629 4035
3.9264 3877
3.94651 3589
3.96663 3435
3.98674 3382
4.00686 3222
4.02697 3200
4.04708 2935
4.0672 2768
4.08731 2670
4.10742 2514
4.12754 2515
4.14765 2205
4.16776 2129
4.18788 2066
4.20799 2064
4.22811 1956
4.24822 1852
4.26833 1802
4.28845 1762
4.30856 1757
4.32867 1741
4.34879 1637
4.3689 1528
4.38902 1560
4.40913 1549
4.42924 1492
4.44936 1374
4.46947 1352
4.48958 1425
4.5097 1297
4.52981 1284
4.54992 1127
4.57004 1138
4.59015 1181
4.61027 1110
4.63038 1096
4.65049 1029
4.67061 1018
4.69072 1003
4.71083 1067
4.73095 1031
4.75106 962
4.77118 870
4.79129 953
4.8114 966
4.83152 801
4.85163 804
4.87174 828
4.89186 893
4.91197 810
4.93209 755
4.9522 760
4.97231 692
4.99243 720
5.01254 787
5.03265 717
5.05277 726
5.07288 634
5.09299 683
5.11311 648
5.13322 636
5.15334 602
5.17345 611
5.19356 540
5.21368 669
5.23379 562
5.2539 550
5.27402 569
5.29413 568
5.31425 518
5.33436 484
5.35447 474
5.37459 501
5.3947 497
5.41481 520
5.43493 460
5.45504 424
5.47516 466
5.49527 427
5.51538 449
5.5355 404
5.55561 383
5.57572 397
5.59584 403
5.61595 408
5.63606 357
5.65618 390
5.67629 364
5.69641 386
5.71652 390
5.73663 365
5.75675 346
5.77686 370
5.79697 279
5.81709 365
5.8372 324
5.85732 327
5.87743 303
5.89754 323
5.91766 317
5.93777 302
5.95788 310
5.978 333
5.99811 313
6.01823 292
6.03834 285
6.05845 297
6.07857 308
6.09868 294
6.11879 283
6.13891 333
6.15902 309
6.17913 294
6.19925 278
6.21936 294
6.23948 295
6.25959 291
6.2797 290
6.29982 290
6.31993 276
6.34004 274
6.36016 300
6.38027 281
6.40039 301
6.4205 287
6.44061 260
6.46073 295
6.48084 292
6.50095 274
6.52107 252
6.54118 253
6.56129 261
6.58141 278
6.60152 272
6.62164 260
6.64175 221
6.66186 254
6.68198 266
6.70209 296
6.7222 281
6.74232 252
6.76243 260
6.78255 240
6.80266 265
6.82277 239
6.84289 254
6.863 274
6.88311 265
6.90323 280
6.92334 264
6.94346 265
6.96357 253
6.98368 254
7.0038 271
7.02391 249
7.04402 248
7.06414 252
7.08425 245
7.10436 237
7.12448 226
7.14459 240
7.16471 256
7.18482 264
7.20493 241
7.22505 265
7.24516 280
7.26527 218
7.28539 260
7.3055 241
7.32562 262
7.34573 244
7.36584 263
7.38596 232
7.40607 258
7.42618 304
7.4463 249
7.46641 257
7.48653 222
7.50664 265
7.52675 249
7.54687 227
7.56698 257
7.58709 261
7.60721 258
7.62732 214
7.64743 244
7.66755 233
7.68766 245
7.70778 225
7.72789 209
7.748 232
7.76812 284
7.78823 284
7.80834 264
7.82846 222
7.84857 219
7.86869 232
7.8888 226
7.90891 238
7.92903 266
7.94914 272
7.96925 262
7.98937 246
8.00948 231
8.0296 263
8.04971 243
8.06982 234
8.08994 224
8.11005 233
8.13016 230
8.15028 239
8.17039 231
8.1905 266
8.21062 244
8.23073 270
8.25085 274
8.27096 239
8.29107 250
8.31119 245
8.3313 252
8.35141 256
8.37153 264
8.39164 247
8.41176 283
8.43187 250
8.45198 295
8.4721 255
8.49221 278
8.51232 258
8.53244 261
8.55255 263
8.57266 282
8.59278 314
8.61289 262
8.63301 257
8.65312 262
8.67323 267
8.69335 298
8.71346 303
8.73357 289
8.75369 332
8.7738 287
8.79392 323
8.81403 293
8.83414 310
8.85426 300
8.87437 294
8.89448 293
8.9146 300
8.93471 268
8.95483 308
8.97494 276
8.99505 304
9.01517 281
9.03528 260
9.05539 305
9.07551 281
9.09562 257
9.11573 247
9.13585 262
9.15596 262
9.17608 272
9.19619 233
9.2163 279
9.23642 229
9.25653 239
9.27664 222
9.29676 240
9.31687 251
9.33699 247
9.3571 286
9.37721 259
9.39733 260
9.41744 252
9.43755 213
9.45767 249
9.47778 249
9.4979 250
9.51801 232
9.53812 279
9.55824 251
9.57835 267
9.59846 248
9.61858 245
9.63869 258
9.6588 247
9.67892 252
9.69903 256
9.71915 261
9.73926 241
9.75937 265
9.77949 270
9.7996 250
9.81971 273
9.83983 273
9.85994 245
9.88006 250
9.90017 257
9.92028 225
9.9404 244
9.96051 269
9.98062 228
10.00074 278
10.02085 271
10.04097 271
10.06108 253
10.08119 253
10.10131 238
10.12142 253
10.14153 233
10.16165 212
10.18176 241
10.20187 257
10.22199 233
10.2421 233
10.26222 272
10.28233 224
10.30244 221
10.32256 230
10.34267 266
10.36278 257
10.3829 252
10.40301 264
10.42313 292
10.44324 274
10.46335 274
10.48347 327
10.50358 287
10.52369 279
10.54381 288
10.56392 279
10.58403 258
10.60415 237
10.62426 248
10.64438 235
10.66449 261
10.6846 245
10.70472 281
10.72483 270
10.74494 274
10.76506 246
10.78517 247
10.80529 244
10.8254 248
10.84551 195
10.86563 249
10.88574 246
10.90585 261
10.92597 220
10.94608 231
10.9662 241
10.98631 252
11.00642 246
11.02654 279
11.04665 256
11.06676 256
11.08688 265
11.10699 237
11.1271 249
11.14722 234
11.16733 249
11.18745 218
11.20756 280
11.22767 231
11.24779 260
11.2679 271
11.28801 264
11.30813 254
11.32824 246
11.34836 249
11.36847 239
11.38858 264
11.4087 272
11.42881 276
11.44892 229
11.46904 222
11.48915 227
11.50927 227
11.52938 257
11.54949 268
11.56961 261
11.58972 268
11.60983 234
11.62995 236
11.65006 281
11.67017 229
11.69029 241
11.7104 258
11.73052 225
11.75063 267
11.77074 244
11.79086 241
11.81097 267
11.83108 248
11.8512 266
11.87131 248
11.89143 260
11.91154 277
11.93165 282
11.95177 250
11.97188 253
11.99199 233
12.01211 277
12.03222 265
12.05234 279
12.07245 275
12.09256 287
12.11268 300
12.13279 301
12.1529 303
12.17302 257
12.19313 263
12.21324 261
12.23336 279
12.25347 277
12.27359 304
12.2937 291
12.31381 276
12.33393 236
12.35404 272
12.37415 270
12.39427 271
12.41438 258
12.4345 237
12.45461 257
12.47472 249
12.49484 278
12.51495 270
12.53506 238
12.55518 233
12.57529 256
12.5954 270
12.61552 259
12.63563 273
12.65575 229
12.67586 243
12.69597 238
12.71609 243
12.7362 258
12.75631 264
12.77643 253
12.79654 243
12.81666 236
12.83677 263
12.85688 229
12.877 247
12.89711 227
12.91722 219
12.93734 218
12.95745 235
12.97757 261
12.99768 239
13.01779 243
13.03791 253
13.05802 252
13.07813 232
13.09825 261
13.11836 260
13.13847 254
13.15859 285
13.1787 228
13.19882 273
13.21893 277
13.23904 246
13.25916 263
13.27927 264
13.29938 267
13.3195 256
13.33961 265
13.35973 298
13.37984 227
13.39995 274
13.42007 248
13.44018 251
13.46029 244
13.48041 272
13.50052 226
13.52064 241
13.54075 289
13.56086 269
13.58098 296
13.60109 312
13.6212 332
13.64132 372
13.66143 380
13.68154 391
13.70166 331
13.72177 300
13.74189 284
13.762 304
13.78211 330
13.80223 326
13.82234 345
13.84245 334
13.86257 387
13.88268 376
13.9028 371
13.92291 342
13.94302 323
13.96314 298
13.98325 284
14.00336 230
14.02348 269
14.04359 254
14.06371 270
14.08382 250
14.10393 285
14.12405 240
14.14416 226
14.16427 218
14.18439 219
14.2045 213
14.22461 245
14.24473 234
14.26484 219
14.28496 216
14.30507 233
14.32518 241
14.3453 210
14.36541 239
14.38552 204
14.40564 207
14.42575 187
14.44587 233
14.46598 212
14.48609 197
14.50621 221
14.52632 200
14.54643 207
14.56655 185
14.58666 208
14.60677 206
14.62689 242
14.647 217
14.66712 215
14.68723 209
14.70734 253
14.72746 207
14.74757 219
14.76768 199
14.7878 213
14.80791 240
14.82803 205
14.84814 260
14.86825 223
14.88837 246
14.90848 274
14.92859 296
14.94871 260
14.96882 285
14.98894 261
15.00905 283
15.02916 266
15.04928 295
15.06939 296
15.0895 294
15.10962 319
15.12973 312
15.14984 266
15.16996 264
15.19007 308
15.21019 234
15.2303 272
15.25041 262
15.27053 258
15.29064 235
15.31075 239
15.33087 206
15.35098 223
15.3711 199
15.39121 222
15.41132 218
15.43144 205
15.45155 238
15.47166 195
15.49178 223
15.51189 234
15.53201 240
15.55212 245
15.57223 196
15.59235 215
15.61246 235
15.63257 223
15.65269 202
15.6728 216
15.69291 213
15.71303 243
15.73314 220
15.75326 218
15.77337 242
15.79348 269
15.8136 222
15.83371 219
15.85382 222
15.87394 209
15.89405 210
15.91417 197
15.93428 210
15.95439 192
15.97451 187
15.99462 215
16.01473 220
16.03485 223
16.05496 224
16.07508 219
16.09519 188
16.1153 226
16.13542 182
16.15553 186
16.17564 198
16.19576 207
16.21587 209
16.23598 199
16.2561 198
16.27621 205
16.29633 212
16.31644 201
16.33655 210
16.35667 211
16.37678 239
16.39689 218
16.41701 174
16.43712 204
16.45724 215
16.47735 181
16.49746 207
16.51758 217
16.53769 190
16.5578 194
16.57792 228
16.59803 194
16.61814 222
16.63826 202
16.65837 215
16.67849 210
16.6986 218
16.71871 196
16.73883 183
16.75894 204
16.77905 191
16.79917 199
16.81928 197
16.8394 221
16.85951 208
16.87962 223
16.89974 202
16.91985 198
16.93996 210
16.96008 211
16.98019 193
17.00031 245
17.02042 220
17.04053 194
17.06065 172
17.08076 203
17.10087 190
17.12099 203
17.1411 192
17.16121 211
17.18133 212
17.20144 200
17.22156 220
17.24167 185
17.26178 206
17.2819 213
17.30201 189
17.32212 204
17.34224 195
17.36235 207
17.38247 199
17.40258 204
17.42269 218
17.44281 203
17.46292 194
17.48303 185
17.50315 210
17.52326 198
17.54338 218
17.56349 187
17.5836 196
17.60372 218
17.62383 182
17.64394 200
17.66406 204
17.68417 208
17.70428 204
17.7244 217
17.74451 206
17.76463 192
17.78474 197
17.80485 193
17.82497 219
17.84508 180
17.86519 209
17.88531 220
17.90542 216
17.92554 224
17.94565 210
17.96576 214
17.98588 235
18.00599 223
18.0261 226
18.04622 206
18.06633 225
18.08645 200
18.10656 218
18.12667 237
18.14679 212
18.1669 202
18.18701 198
18.20713 220
18.22724 193
18.24735 215
18.26747 191
18.28758 197
18.3077 190
18.32781 219
18.34792 188
18.36804 221
18.38815 225
18.40826 185
18.42838 203
18.44849 182
18.46861 234
18.48872 207
18.50883 206
18.52895 197
18.54906 185
18.56917 204
18.58929 217
18.6094 215
18.62951 224
18.64963 220
18.66974 226
18.68986 202
18.70997 222
18.73008 213
18.7502 198
18.77031 200
18.79042 232
18.81054 228
18.83065 220
18.85077 226
18.87088 218
18.89099 225
18.91111 222
18.93122 235
18.95133 211
18.97145 254
18.99156 250
19.01168 217
19.03179 226
19.0519 259
19.07202 200
19.09213 222
19.11224 226
19.13236 218
19.15247 227
19.17258 212
19.1927 213
19.21281 255
19.23293 228
19.25304 264
19.27315 260
19.29327 280
19.31338 270
19.33349 254
19.35361 251
19.37372 285
19.39384 271
19.41395 264
19.43406 265
19.45418 261
19.47429 285
19.4944 305
19.51452 276
19.53463 272
19.55475 262
19.57486 265
19.59497 276
19.61509 303
19.6352 287
19.65531 288
19.67543 253
19.69554 294
19.71565 289
19.73577 285
19.75588 318
19.776 306
19.79611 314
19.81622 305
19.83634 327
19.85645 317
19.87656 363
19.89668 355
19.91679 359
19.93691 352
19.95702 348
19.97713 338
19.99725 317
20.01736 335
20.03747 369
20.05759 388
20.0777 335
20.09782 322
20.11793 366
20.13804 340
20.15816 341
20.17827 322
20.19838 337
20.2185 310
20.23861 340
20.25872 337
20.27884 319
20.29895 326
20.31907 327
20.33918 331
20.35929 338
20.37941 324
20.39952 359
20.41963 361
20.43975 337
20.45986 376
20.47998 347
20.50009 333
20.5202 375
20.54032 375
20.56043 367
20.58054 398
20.60066 358
20.62077 393
20.64088 437
20.661 455
20.68111 465
20.70123 567
20.72134 659
20.74145 803
20.76157 1080
20.78168 1447
20.80179 1841
20.82191 2446
20.84202 2887
20.86214 3295
20.88225 3233
20.90236 2812
20.92248 2121
20.94259 1768
20.9627 1347
20.98282 1161
21.00293 1152
21.02305 1157
21.04316 1156
21.06327 1086
21.08339 976
21.1035 770
21.12361 667
21.14373 552
21.16384 433
21.18395 425
21.20407 396
21.22418 381
21.2443 366
21.26441 350
21.28452 361
21.30464 334
21.32475 334
21.34486 369
21.36498 381
21.38509 355
21.40521 308
21.42532 316
21.44543 311
21.46555 337
21.48566 321
21.50577 298
21.52589 281
21.546 305
21.56612 325
21.58623 333
21.60634 305
21.62646 323
21.64657 298
21.66668 300
21.6868 340
21.70691 320
21.72702 318
21.74714 303
21.76725 289
21.78737 335
21.80748 400
21.82759 374
21.84771 409
21.86782 471
21.88793 492
21.90805 654
21.92816 717
21.94828 901
21.96839 1126
21.9885 1190
22.00862 1278
22.02873 1232
22.04884 1151
22.06896 867
22.08907 652
22.10919 572
22.1293 397
22.14941 387
22.16953 375
22.18964 399
22.20975 384
22.22987 366
22.24998 368
22.27009 381
22.29021 398
22.31032 389
22.33044 469
22.35055 386
22.37066 408
22.39078 397
22.41089 368
22.431 405
22.45112 363
22.47123 372
22.49135 388
22.51146 362
22.53157 415
22.55169 403
22.5718 408
22.59191 397
22.61203 338
22.63214 352
22.65225 328
22.67237 340
22.69248 334
22.7126 302
22.73271 298
22.75282 321
22.77294 335
22.79305 310
22.81316 316
22.83328 305
22.85339 338
22.87351 376
22.89362 441
22.91373 433
22.93385 483
22.95396 458
22.97407 500
22.99419 533
23.0143 484
23.03442 443
23.05453 407
23.07464 427
23.09476 428
23.11487 420
23.13498 437
23.1551 477
23.17521 478
23.19532 507
23.21544 536
23.23555 514
23.25567 468
23.27578 468
23.29589 471
23.31601 465
23.33612 446
23.35623 438
23.37635 448
23.39646 475
23.41658 474
23.43669 472
23.4568 490
23.47692 578
23.49703 539
23.51714 651
23.53726 694
23.55737 735
23.57749 790
23.5976 886
23.61771 871
23.63783 853
23.65794 863
23.67805 756
23.69817 661
23.71828 645
23.73839 537
23.75851 481
23.77862 469
23.79874 486
23.81885 508
23.83896 557
23.85908 594
23.87919 630
23.8993 708
23.91942 831
23.93953 859
23.95965 909
23.97976 867
23.99987 871
24.01999 837
24.0401 774
24.06021 674
24.08033 603
24.10044 489
24.12056 447
24.14067 457
24.16078 461
24.1809 500
24.20101 537
24.22112 566
24.24124 671
24.26135 681
24.28146 722
24.30158 748
24.32169 821
24.34181 696
24.36192 736
24.38203 679
24.40215 591
24.42226 519
24.44237 446
24.46249 432
24.4826 389
24.50272 406
24.52283 394
24.54294 378
24.56306 358
24.58317 364
24.60328 403
24.6234 392
24.64351 409
24.66362 401
24.68374 380
24.70385 383
24.72397 380
24.74408 391
24.76419 383
24.78431 391
24.80442 402
24.82453 374
24.84465 356
24.86476 400
24.88488 397
24.90499 388
24.9251 351
24.94522 399
24.96533 371
24.98544 363
25.00556 369
25.02567 381
25.04579 364
25.0659 357
25.08601 424
25.10613 352
25.12624 369
25.14635 381
25.16647 409
25.18658 397
25.20669 363
25.22681 395
25.24692 388
25.26704 395
25.28715 411
25.30726 406
25.32738 430
25.34749 418
25.3676 410
25.38772 462
25.40783 434
25.42795 521
25.44806 594
25.46817 613
25.48829 742
25.5084 842
25.52851 863
25.54863 880
25.56874 947
25.58886 965
25.60897 955
25.62908 945
25.6492 925
25.66931 827
25.68942 780
25.70954 711
25.72965 652
25.74976 578
25.76988 527
25.78999 475
25.81011 449
25.83022 431
25.85033 407
25.87045 380
25.89056 406
25.91067 419
25.93079 406
25.9509 424
25.97102 408
25.99113 390
26.01124 399
26.03136 389
26.05147 400
26.07158 423
26.0917 465
26.11181 448
26.13193 470
26.15204 457
26.17215 491
26.19227 525
26.21238 530
26.23249 564
26.25261 590
26.27272 616
26.29283 732
26.31295 786
26.33306 891
26.35318 998
26.37329 1090
26.3934 1338
26.41352 1433
26.43363 1581
26.45374 1873
26.47386 2150
26.49397 2635
26.51409 3393
26.5342 4548
26.55431 6049
26.57443 8021
26.59454 10628
26.61465 12822
26.63477 14372
26.65488 14156
26.67499 11910
26.69511 9348
26.71522 7152
26.73534 5213
26.75545 3281
26.77556 1875
26.79568 1354
26.81579 1161
26.8359 1124
26.85602 1086
26.87613 1011
26.89625 994
26.91636 1024
26.93647 926
26.95659 987
26.9767 1132
26.99681 1103
27.01693 1160
27.03704 1306
27.05716 1404
27.07727 1332
27.09738 1292
27.1175 1145
27.13761 1054
27.15772 911
27.17784 849
27.19795 729
27.21806 673
27.23818 675
27.25829 708
27.27841 706
27.29852 793
27.31863 838
27.33875 981
27.35886 1120
27.37897 1272
27.39909 1339
27.4192 1598
27.43932 1880
27.45943 2059
27.47954 2021
27.49966 1903
27.51977 1792
27.53988 1569
27.56 1332
27.58011 1090
27.60023 1014
27.62034 837
27.64045 825
27.66057 838
27.68068 984
27.70079 1149
27.72091 1425
27.74102 1541
27.76113 1754
27.78125 1805
27.80136 1891
27.82148 1961
27.84159 1897
27.8617 1866
27.88182 1839
27.90193 1788
27.92204 1846
27.94216 1939
27.96227 1960
27.98239 1930
28.0025 1809
28.02261 1652
28.04273 1395
28.06284 1149
28.08295 914
28.10307 754
28.12318 642
28.1433 512
28.16341 477
28.18352 596
28.20364 593
28.22375 636
28.24386 692
28.26398 752
28.28409 729
28.3042 748
28.32432 714
28.34443 626
28.36455 579
28.38466 503
28.40477 407
28.42489 406
28.445 365
28.46511 332
28.48523 337
28.50534 343
28.52546 321
28.54557 349
28.56568 295
28.5858 302
28.60591 305
28.62602 301
28.64614 303
28.66625 284
28.68636 283
28.70648 269
28.72659 303
28.74671 309
28.76682 266
28.78693 271
28.80705 254
28.82716 255
28.84727 289
28.86739 276
28.8875 274
28.90762 265
28.92773 300
28.94784 248
28.96796 263
28.98807 266
29.00818 285
29.0283 245
29.04841 292
29.06853 271
29.08864 275
29.10875 281
29.12887 276
29.14898 272
29.16909 304
29.18921 287
29.20932 301
29.22943 281
29.24955 305
29.26966 296
29.28978 312
29.30989 327
29.33 343
29.35012 356
29.37023 352
29.39034 401
29.41046 402
29.43057 455
29.45069 411
29.4708 464
29.49091 436
29.51103 376
29.53114 466
29.55125 422
29.57137 398
29.59148 417
29.6116 378
29.63171 388
29.65182 440
29.67194 469
29.69205 474
29.71216 472
29.73228 548
29.75239 551
29.7725 570
29.79262 662
29.81273 634
29.83285 621
29.85296 573
29.87307 534
29.89319 515
29.9133 516
29.93341 486
29.95353 507
29.97364 473
29.99376 419
30.01387 441
30.03398 486
30.0541 438
30.07421 450
30.09432 446
30.11444 507
30.13455 510
30.15467 489
30.17478 541
30.19489 540
30.21501 504
30.23512 525
30.25523 541
30.27535 615
30.29546 587
30.31557 640
30.33569 590
30.3558 683
30.37592 728
30.39603 695
30.41614 695
30.43626 776
30.45637 738
30.47648 686
30.4966 642
30.51671 565
30.53683 467
30.55694 454
30.57705 395
30.59717 436
30.61728 386
30.63739 368
30.65751 392
30.67762 419
30.69773 466
30.71785 540
30.73796 561
30.75808 604
30.77819 599
30.7983 651
30.81842 590
30.83853 565
30.85864 535
30.87876 487
30.89887 485
30.91899 433
30.9391 366
30.95921 364
30.97933 315
30.99944 309
31.01955 301
31.03967 269
31.05978 265
31.0799 271
31.10001 251
31.12012 269
31.14024 283
31.16035 281
31.18046 310
31.20058 296
31.22069 283
31.2408 312
31.26092 324
31.28103 368
31.30115 368
31.32126 393
31.34137 443
31.36149 428
31.3816 461
31.40171 441
31.42183 393
31.44194 390
31.46206 375
31.48217 320
31.50228 291
31.5224 288
31.54251 281
31.56262 337
31.58274 298
31.60285 297
31.62297 320
31.64308 261
31.66319 269
31.68331 276
31.70342 266
31.72353 285
31.74365 263
31.76376 278
31.78387 272
31.80399 260
31.8241 237
31.84422 246
31.86433 245
31.88444 246
31.90456 256
31.92467 248
31.94478 255
31.9649 228
31.98501 222
32.00513 294
32.02524 274
32.04535 269
32.06547 291
32.08558 286
32.10569 264
32.12581 297
32.14592 318
32.16604 318
32.18615 320
32.20626 343
32.22638 345
32.24649 316
32.2666 329
32.28672 345
32.30683 352
32.32694 330
32.34706 361
32.36717 361
32.38729 350
32.4074 342
32.42751 340
32.44763 354
32.46774 345
32.48785 294
32.50797 292
32.52808 290
32.5482 250
32.56831 269
32.58842 235
32.60854 225
32.62865 218
32.64876 236
32.66888 238
32.68899 216
32.7091 256
32.72922 223
32.74933 218
32.76945 222
32.78956 245
32.80967 221
32.82979 223
32.8499 234
32.87001 265
32.89013 257
32.91024 277
32.93036 237
32.95047 280
32.97058 224
32.9907 271
33.01081 251
33.03092 278
33.05104 238
33.07115 242
33.09127 251
33.11138 251
33.13149 247
33.15161 266
33.17172 244
33.19183 253
33.21195 221
33.23206 253
33.25217 264
33.27229 246
33.2924 239
33.31252 243
33.33263 246
33.35274 245
33.37286 256
33.39297 225
33.41308 243
33.4332 246
33.45331 248
33.47343 223
33.49354 259
33.51365 259
33.53377 257
33.55388 246
33.57399 240
33.59411 201
33.61422 242
33.63434 227
33.65445 286
33.67456 248
33.69468 266
33.71479 252
33.7349 278
33.75502 272
33.77513 312
33.79524 331
33.81536 344
33.83547 350
33.85559 374
33.8757 371
33.89581 342
33.91593 296
33.93604 329
33.95615 291
33.97627 285
33.99638 297
34.0165 302
34.03661 279
34.05672 278
34.07684 321
34.09695 327
34.11706 322
34.13718 331
34.15729 375
34.17741 385
34.19752 400
34.21763 421
34.23775 407
34.25786 397
34.27797 426
34.29809 403
34.3182 420
34.33831 375
34.35843 392
34.37854 394
34.39866 367
34.41877 387
34.43888 368
34.459 370
34.47911 369
34.49922 369
34.51934 351
34.53945 357
34.55957 351
34.57968 385
34.59979 395
34.61991 369
34.64002 369
34.66013 366
34.68025 376
34.70036 337
34.72047 325
34.74059 389
34.7607 361
34.78082 309
34.80093 367
34.82104 376
34.84116 374
34.86127 404
34.88138 408
34.9015 392
34.92161 401
34.94173 420
34.96184 388
34.98195 415
35.00207 416
35.02218 419
35.04229 431
35.06241 421
35.08252 375
35.10264 459
35.12275 434
35.14286 419
35.16298 470
35.18309 475
35.2032 490
35.22332 489
35.24343 509
35.26354 527
35.28366 509
35.30377 541
35.32389 485
35.344 527
35.36411 521
35.38423 518
35.40434 513
35.42445 478
35.44457 480
35.46468 453
35.4848 469
35.50491 482
35.52502 498
35.54514 483
35.56525 481
35.58536 462
35.60548 455
35.62559 422
35.64571 421
35.66582 417
35.68593 380
35.70605 394
35.72616 360
35.74627 325
35.76639 371
35.7865 326
35.80661 356
35.82673 334
35.84684 274
35.86696 338
35.88707 331
35.90718 332
35.9273 310
35.94741 313
35.96752 304
35.98764 308
36.00775 308
36.02787 303
36.04798 361
36.06809 327
36.08821 371
36.10832 346
36.12843 386
36.14855 414
36.16866 343
36.18878 409
36.20889 395
36.229 364
36.24912 377
36.26923 400
36.28934 351
36.30946 369
36.32957 400
36.34968 402
36.3698 420
36.38991 430
36.41003 508
36.43014 605
36.45025 689
36.47037 820
36.49048 980
36.51059 1071
36.53071 1146
36.55082 1185
36.57094 1042
36.59105 866
36.61116 765
36.63128 718
36.65139 655
36.6715 556
36.69162 445
36.71173 372
36.73184 336
36.75196 326
36.77207 333
36.79219 311
36.8123 325
36.83241 370
36.85253 368
36.87264 389
36.89275 362
36.91287 369
36.93298 390
36.9531 392
36.97321 411
36.99332 400
37.01344 442
37.03355 407
37.05366 385
37.07378 386
37.09389 396
37.11401 351
37.13412 374
37.15423 354
37.17435 349
37.19446 324
37.21457 286
37.23469 307
37.2548 319
37.27491 316
37.29503 273
37.31514 291
37.33526 279
37.35537 307
37.37548 302
37.3956 328
37.41571 321
37.43582 318
37.45594 314
37.47605 354
37.49617 305
37.51628 348
37.53639 313
37.55651 320
37.57662 331
37.59673 367
37.61685 341
37.63696 334
37.65708 346
37.67719 322
37.6973 300
37.71742 320
37.73753 298
37.75764 318
37.77776 276
37.79787 302
37.81798 230
37.8381 266
37.85821 249
37.87833 270
37.89844 268
37.91855 283
37.93867 277
37.95878 242
37.97889 253
37.99901 251
38.01912 253
38.03924 242
38.05935 260
38.07946 226
38.09958 244
38.11969 232
38.1398 242
38.15992 277
38.18003 233
38.20015 261
38.22026 269
38.24037 271
38.26049 279
38.2806 275
38.30071 248
38.32083 281
38.34094 272
38.36105 259
38.38117 300
38.40128 277
38.4214 326
38.44151 343
38.46162 311
38.48174 303
38.50185 336
38.52196 316
38.54208 349
38.56219 363
38.58231 328
38.60242 344
38.62253 321
38.64265 323
38.66276 334
38.68287 299
38.70299 302
38.7231 265
38.74321 254
38.76333 250
38.78344 276
38.80356 222
38.82367 276
38.84378 266
38.8639 253
38.88401 241
38.90412 251
38.92424 258
38.94435 265
38.96447 278
38.98458 292
39.00469 281
39.02481 308
39.04492 264
39.06503 359
39.08515 305
39.10526 311
39.12538 348
39.14549 338
39.1656 332
39.18572 326
39.20583 298
39.22594 336
39.24606 302
39.26617 306
39.28628 395
39.3064 399
39.32651 468
39.34663 549
39.36674 592
39.38685 734
39.40697 844
39.42708 946
39.44719 1076
39.46731 1066
39.48742 977
39.50754 779
39.52765 680
39.54776 661
39.56788 650
39.58799 585
39.6081 464
39.62822 376
39.64833 339
39.66845 326
39.68856 321
39.70867 267
39.72879 274
39.7489 266
39.76901 283
39.78913 223
39.80924 241
39.82935 282
39.84947 247
39.86958 207
39.8897 241
39.90981 270
39.92992 232
39.95004 250
39.97015 256
39.99026 275
40.01038 241
40.03049 259
40.05061 288
40.07072 299
40.09083 293
40.11095 305
40.13106 327
40.15117 351
40.17129 395
40.1914 428
40.21152 513
40.23163 557
40.25174 588
40.27186 668
40.29197 634
40.31208 583
40.3322 521
40.35231 488
40.37242 445
40.39254 419
40.41265 375
40.43277 332
40.45288 298
40.47299 270
40.49311 276
40.51322 222
40.53333 263
40.55345 243
40.57356 254
40.59368 270
40.61379 268
40.6339 257
40.65402 233
40.67413 276
40.69424 232
40.71436 241
40.73447 264
40.75458 279
40.7747 268
40.79481 296
40.81493 290
40.83504 270
40.85515 269
40.87527 262
40.89538 274
40.91549 248
40.93561 261
40.95572 231
40.97584 267
40.99595 215
41.01606 248
41.03618 245
41.05629 267
41.0764 227
41.09652 239
41.11663 224
41.13675 251
41.15686 248
41.17697 269
41.19709 262
41.2172 251
41.23731 232
41.25743 278
41.27754 236
41.29765 253
41.31777 276
41.33788 254
41.358 250
41.37811 274
41.39822 280
41.41834 263
41.43845 259
41.45856 247
41.47868 278
41.49879 318
41.51891 273
41.53902 270
41.55913 281
41.57925 282
41.59936 336
41.61947 342
41.63959 362
41.6597 382
41.67982 382
41.69993 422
41.72004 482
41.74016 512
41.76027 523
41.78038 537
41.8005 486
41.82061 476
41.84072 420
41.86084 444
41.88095 472
41.90107 359
41.92118 381
41.94129 313
41.96141 314
41.98152 287
42.00163 280
42.02175 283
42.04186 297
42.06198 278
42.08209 297
42.1022 287
42.12232 279
42.14243 273
42.16254 298
42.18266 299
42.20277 327
42.22289 333
42.243 368
42.26311 343
42.28323 410
42.30334 439
42.32345 492
42.34357 547
42.36368 620
42.38379 728
42.40391 794
42.42402 740
42.44414 836
42.46425 781
42.48436 682
42.50448 569
42.52459 525
42.5447 549
42.56482 542
42.58493 472
42.60505 373
42.62516 375
42.64527 316
42.66539 327
42.6855 303
42.70561 287
42.72573 349
42.74584 350
42.76595 369
42.78607 376
42.80618 337
42.8263 359
42.84641 354
42.86652 343
42.88664 315
42.90675 332
42.92686 329
42.94698 315
42.96709 329
42.98721 312
43.00732 305
43.02743 337
43.04755 276
43.06766 317
43.08777 252
43.10789 235
43.128 301
43.14812 265
43.16823 280
43.18834 253
43.20846 258
43.22857 239
43.24868 239
43.2688 256
43.28891 247
43.30902 227
43.32914 231
43.34925 229
43.36937 218
43.38948 227
43.40959 216
43.42971 226
43.44982 252
43.46993 262
43.49005 237
43.51016 231
43.53028 237
43.55039 249
43.5705 245
43.59062 260
43.61073 242
43.63084 262
43.65096 273
43.67107 238
43.69119 228
43.7113 240
43.73141 286
43.75153 254
43.77164 227
43.79175 211
43.81187 244
43.83198 229
43.85209 247
43.87221 232
43.89232 220
43.91244 233
43.93255 217
43.95266 215
43.97278 227
43.99289 218
44.013 206
44.03312 242
44.05323 238
44.07335 231
44.09346 214
44.11357 232
44.13369 204
44.1538 215
44.17391 248
44.19403 242
44.21414 255
44.23426 235
44.25437 245
44.27448 208
44.2946 236
44.31471 214
44.33482 234
44.35494 207
44.37505 208
44.39516 236
44.41528 214
44.43539 207
44.45551 207
44.47562 204
44.49573 239
44.51585 210
44.53596 211
44.55607 206
44.57619 235
44.5963 222
44.61642 232
44.63653 233
44.65664 216
44.67676 248
44.69687 231
44.71698 219
44.7371 260
44.75721 224
44.77732 262
44.79744 257
44.81755 273
44.83767 228
44.85778 234
44.87789 259
44.89801 234
44.91812 259
44.93823 221
44.95835 252
44.97846 279
44.99858 258
45.01869 219
45.0388 245
45.05892 256
45.07903 255
45.09914 260
45.11926 261
45.13937 249
45.15949 275
45.1796 238
45.19971 242
45.21983 243
45.23994 267
45.26005 272
45.28017 257
45.30028 246
45.32039 270
45.34051 259
45.36062 250
45.38074 279
45.40085 283
45.42096 281
45.44108 288
45.46119 302
45.4813 347
45.50142 320
45.52153 302
45.54165 348
45.56176 318
45.58187 358
45.60199 383
45.6221 404
45.64221 445
45.66233 402
45.68244 512
45.70256 515
45.72267 595
45.74278 635
45.7629 645
45.78301 627
45.80312 635
45.82324 530
45.84335 462
45.86346 474
45.88358 504
45.90369 471
45.92381 407
45.94392 393
45.96403 324
45.98415 296
46.00426 248
46.02437 275
46.04449 260
46.0646 248
46.08472 246
46.10483 241
46.12494 228
46.14506 257
46.16517 234
46.18528 254
46.2054 230
46.22551 254
46.24563 265
46.26574 252
46.28585 230
46.30597 229
46.32608 268
46.34619 242
46.36631 229
46.38642 221
46.40653 212
46.42665 210
46.44676 221
46.46688 221
46.48699 211
46.5071 215
46.52722 196
46.54733 212
46.56744 203
46.58756 231
46.60767 193
46.62779 210
46.6479 216
46.66801 201
46.68813 218
46.70824 228
46.72835 226
46.74847 259
46.76858 264
46.78869 261
46.80881 211
46.82892 231
46.84904 258
46.86915 255
46.88926 242
46.90938 267
46.92949 254
46.9496 267
46.96972 263
46.98983 267
47.00995 259
47.03006 271
47.05017 283
47.07029 280
47.0904 294
47.11051 255
47.13063 293
47.15074 297
47.17086 269
47.19097 297
47.21108 298
47.2312 263
47.25131 261
47.27142 309
47.29154 260
47.31165 273
47.33176 278
47.35188 261
47.37199 284
47.39211 270
47.41222 318
47.43233 313
47.45245 285
47.47256 297
47.49267 322
47.51279 316
47.5329 297
47.55302 291
47.57313 286
47.59324 308
47.61336 292
47.63347 259
47.65358 292
47.6737 269
47.69381 253
47.71393 267
47.73404 228
47.75415 249
47.77427 210
47.79438 228
47.81449 208
47.83461 207
47.85472 227
47.87483 217
47.89495 178
47.91506 232
47.93518 208
47.95529 257
47.9754 209
47.99552 227
48.01563 219
48.03574 205
48.05586 244
48.07597 243
48.09609 228
48.1162 232
48.13631 222
48.15643 238
48.17654 231
48.19665 246
48.21677 236
48.23688 242
48.257 274
48.27711 300
48.29722 242
48.31734 281
48.33745 295
48.35756 266
48.37768 247
48.39779 230
48.4179 269
48.43802 245
48.45813 236
48.47825 240
48.49836 219
48.51847 225
48.53859 220
48.5587 225
48.57881 252
48.59893 228
48.61904 219
48.63916 242
48.65927 242
48.67938 208
48.6995 236
48.71961 229
48.73972 260
48.75984 262
48.77995 274
48.80006 268
48.82018 288
48.84029 270
48.86041 285
48.88052 287
48.90063 280
48.92075 285
48.94086 306
48.96097 313
48.98109 318
49.0012 290
49.02132 341
49.04143 320
49.06154 337
49.08166 327
49.10177 339
49.12188 319
49.142 321
49.16211 367
49.18223 380
49.20234 333
49.22245 356
49.24257 278
49.26268 331
49.28279 289
49.30291 296
49.32302 289
49.34313 294
49.36325 272
49.38336 242
49.40348 249
49.42359 236
49.4437 260
49.46382 245
49.48393 238
49.50404 270
49.52416 279
49.54427 261
49.56439 288
49.5845 300
49.60461 267
49.62473 290
49.64484 305
49.66495 324
49.68507 333
49.70518 369
49.7253 370
49.74541 402
49.76552 393
49.78564 409
49.80575 417
49.82586 429
49.84598 474
49.86609 478
49.8862 505
49.90632 499
49.92643 559
49.94655 524
49.96666 595
49.98677 741
50.00689 787
50.027 883
50.04711 1082
50.06723 1261
50.08734 1452
50.10746 1491
50.12757 1549
50.14768 1366
50.1678 1136
50.18791 919
50.20802 837
50.22814 932
50.24825 916
50.26837 846
50.28848 726
50.30859 580
50.32871 420
50.34882 385
50.36893 377
50.38905 367
50.40916 433
50.42927 372
50.44939 429
50.4695 465
50.48962 481
50.50973 529
50.52984 500
50.54996 501
50.57007 520
50.59018 513
50.6103 515
50.63041 529
50.65053 530
50.67064 501
50.69075 506
50.71087 444
50.73098 479
50.75109 480
50.77121 400
50.79132 370
50.81143 366
50.83155 357
50.85166 334
50.87178 331
50.89189 321
50.912 316
50.93212 314
50.95223 311
50.97234 255
50.99246 253
51.01257 235
51.03269 308
51.0528 283
51.07291 308
51.09303 272
51.11314 292
51.13325 280
51.15337 304
51.17348 262
51.1936 291
51.21371 301
51.23382 321
51.25394 380
51.27405 365
51.29416 368
51.31428 399
51.33439 373
51.3545 340
51.37462 309
51.39473 309
51.41485 311
51.43496 302
51.45507 296
51.47519 260
51.4953 252
51.51541 245
51.53553 242
51.55564 210
51.57576 215
51.59587 223
51.61598 210
51.6361 203
51.65621 219
51.67632 208
51.69644 219
51.71655 224
51.73667 197
51.75678 216
51.77689 225
51.79701 222
51.81712 201
51.83723 218
51.85735 228
51.87746 230
51.89757 218
51.91769 180
51.9378 202
51.95792 200
51.97803 210
51.99814 201
52.01826 222
52.03837 203
52.05848 193
52.0786 201
52.09871 237
52.11883 239
52.13894 201
52.15905 248
52.17917 221
52.19928 218
52.21939 235
52.23951 220
52.25962 211
52.27974 214
52.29985 231
52.31996 242
52.34008 237
52.36019 245
52.3803 251
52.40042 284
52.42053 237
52.44064 195
52.46076 224
52.48087 253
52.50099 235
52.5211 254
52.54121 239
52.56133 229
52.58144 234
52.60155 266
52.62167 244
52.64178 247
52.6619 260
52.68201 267
52.70212 253
52.72224 277
52.74235 266
52.76246 237
52.78258 239
52.80269 249
52.8228 267
52.84292 246
52.86303 259
52.88315 253
52.90326 239
52.92337 244
52.94349 274
52.9636 274
52.98371 252
53.00383 242
53.02394 250
53.04406 229
53.06417 284
53.08428 251
53.1044 266
53.12451 276
53.14462 253
53.16474 249
53.18485 239
53.20497 251
53.22508 260
53.24519 245
53.26531 273
53.28542 253
53.30553 274
53.32565 271
53.34576 257
53.36587 237
53.38599 273
53.4061 257
53.42622 225
53.44633 224
53.46644 242
53.48656 225
53.50667 198
53.52678 240
53.5469 248
53.56701 254
53.58713 243
53.60724 227
53.62735 249
53.64747 258
53.66758 263
53.68769 213
53.70781 228
53.72792 242
53.74804 263
53.76815 262
53.78826 217
53.80838 223
53.82849 239
53.8486 251
53.86872 234
53.88883 228
53.90894 232
53.92906 244
53.94917 245
53.96929 290
53.9894 284
54.00951 250
54.02963 264
54.04974 262
54.06985 261
54.08997 263
54.11008 282
54.1302 240
54.15031 230
54.17042 247
54.19054 255
54.21065 258
54.23076 263
54.25088 247
54.27099 257
54.29111 257
54.31122 265
54.33133 259
54.35145 251
54.37156 289
54.39167 259
54.41179 267
54.4319 255
54.45201 255
54.47213 262
54.49224 272
54.51236 219
54.53247 262
54.55258 247
54.5727 294
54.59281 262
54.61292 265
54.63304 261
54.65315 310
54.67327 303
54.69338 320
54.71349 335
54.73361 338
54.75372 418
54.77383 444
54.79395 481
54.81406 529
54.83417 549
54.85429 588
54.8744 611
54.89452 490
54.91463 449
54.93474 399
54.95486 387
54.97497 416
54.99508 450
55.0152 388
55.03531 357
55.05543 347
55.07554 307
55.09565 273
55.11577 261
55.13588 290
55.15599 258
55.17611 318
55.19622 326
55.21634 346
55.23645 336
55.25656 396
55.27668 380
55.29679 369
55.3169 399
55.33702 404
55.35713 381
55.37724 295
55.39736 292
55.41747 309
55.43759 334
55.4577 309
55.47781 306
55.49793 302
55.51804 279
55.53815 273
55.55827 244
55.57838 212
55.5985 253
55.61861 276
55.63872 256
55.65884 229
55.67895 245
55.69906 238
55.71918 239
55.73929 231
55.75941 232
55.77952 213
55.79963 215
55.81975 224
55.83986 218
55.85997 221
55.88009 201
55.9002 235
55.92031 208
55.94043 227
55.96054 230
55.98066 216
56.00077 210
56.02088 226
56.041 229
56.06111 239
56.08122 228
56.10134 217
56.12145 238
56.14157 209
56.16168 195
56.18179 193
56.20191 217
56.22202 204
56.24213 200
56.26225 226
56.28236 218
56.30248 204
56.32259 198
56.3427 204
56.36282 185
56.38293 204
56.40304 219
56.42316 208
56.44327 183
56.46338 204
56.4835 205
56.50361 214
56.52373 192
56.54384 214
56.56395 209
56.58407 204
56.60418 198
56.62429 200
56.64441 227
56.66452 240
56.68464 209
56.70475 209
56.72486 229
56.74498 231
56.76509 236
56.7852 238
56.80532 206
56.82543 217
56.84554 208
56.86566 205
56.88577 220
56.90589 187
56.926 236
56.94611 198
56.96623 206
56.98634 210
57.00645 212
57.02657 198
57.04668 212
57.0668 208
57.08691 209
57.10702 197
57.12714 195
57.14725 211
57.16736 224
57.18748 234
57.20759 264
57.22771 216
57.24782 228
57.26793 253
57.28805 241
57.30816 220
57.32827 227
57.34839 226
57.3685 245
57.38861 239
57.40873 256
57.42884 222
57.44896 252
57.46907 242
57.48918 228
57.5093 248
57.52941 247
57.54952 229
57.56964 220
57.58975 225
57.60987 240
57.62998 215
57.65009 232
57.67021 231
57.69032 215
57.71043 220
57.73055 210
57.75066 215
57.77078 203
57.79089 183
57.811 203
57.83112 197
57.85123 197
57.87134 210
57.89146 222
57.91157 199
57.93168 196
57.9518 224
57.97191 179
57.99203 214
58.01214 215
58.03225 213
58.05237 228
58.07248 212
58.09259 213
58.11271 174
58.13282 185
58.15294 202
58.17305 202
58.19316 195
58.21328 196
58.23339 215
58.2535 205
58.27362 196
58.29373 195
58.31385 234
58.33396 218
58.35407 205
58.37419 227
58.3943 208
58.41441 244
58.43453 237
58.45464 256
58.47475 261
58.49487 274
58.51498 261
58.5351 243
58.55521 260
58.57532 236
58.59544 279
58.61555 258
58.63566 279
58.65578 240
58.67589 280
58.69601 288
58.71612 257
58.73623 256
58.75635 251
58.77646 256
58.79657 244
58.81669 242
58.8368 197
58.85691 219
58.87703 212
58.89714 195
58.91726 210
58.93737 202
58.95748 201
58.9776 204
58.99771 192
59.01782 190
59.03794 177
59.05805 186
59.07817 194
59.09828 223
59.11839 237
59.13851 218
59.15862 207
59.17873 201
59.19885 192
59.21896 215
59.23908 207
59.25919 208
59.2793 207
59.29942 230
59.31953 198
59.33964 242
59.35976 250
59.37987 217
59.39998 230
59.4201 241
59.44021 244
59.46033 227
59.48044 206
59.50055 214
59.52067 217
59.54078 255
59.56089 256
59.58101 267
59.60112 266
59.62124 271
59.64135 298
59.66146 290
59.68158 291
59.70169 278
59.7218 334
59.74192 372
59.76203 391
59.78215 438
59.80226 493
59.82237 576
59.84249 679
59.8626 759
59.88271 865
59.90283 942
59.92294 994
59.94305 933
59.96317 905
59.98328 784
60.0034 668
60.02351 604
60.04362 566
60.06374 604
60.08385 618
60.10396 627
60.12408 541
60.14419 480
60.16431 366
60.18442 336
60.20453 274
60.22465 280
60.24476 296
60.26487 265
60.28499 245
60.3051 266
60.32522 275
60.34533 247
60.36544 234
60.38556 257
60.40567 234
60.42578 234
60.4459 225
60.46601 251
60.48612 262
60.50624 225
60.52635 259
60.54647 260
60.56658 204
60.58669 230
60.60681 239
60.62692 208
60.64703 215
60.66715 227
60.68726 258
60.70738 221
60.72749 233
60.7476 224
60.76772 236
60.78783 225
60.80794 209
60.82806 226
60.84817 229
60.86828 212
60.8884 219
60.90851 248
60.92863 239
60.94874 215
60.96885 225
60.98897 245
61.00908 214
61.02919 219
61.04931 251
61.06942 255
61.08954 235
61.10965 242
61.12976 285
61.14988 242
61.16999 286
61.1901 234
61.21022 253
61.23033 250
61.25045 256
61.27056 270
61.29067 282
61.31079 251
61.3309 238
61.35101 242
61.37113 226
61.39124 229
61.41135 239
61.43147 260
61.45158 226
61.4717 221
61.49181 246
61.51192 244
61.53204 229
61.55215 242
61.57226 229
61.59238 250
61.61249 229
61.63261 214
61.65272 241
61.67283 232
61.69295 271
61.71306 257
61.73317 253
61.75329 240
61.7734 231
61.79352 241
61.81363 248
61.83374 233
61.85386 259
61.87397 234
61.89408 238
61.9142 241
61.93431 251
61.95442 274
61.97454 269
61.99465 264
62.01477 254
62.03488 254
62.05499 253
62.07511 274
62.09522 254
62.11533 276
62.13545 290
62.15556 262
62.17568 221
62.19579 271
62.2159 292
62.23602 230
62.25613 246
62.27624 212
62.29636 228
62.31647 213
62.33659 238
62.3567 252
62.37681 268
62.39693 236
62.41704 231
62.43715 237
62.45727 246
62.47738 235
62.49749 236
62.51761 243
62.53772 214
62.55784 225
62.57795 246
62.59806 231
62.61818 254
62.63829 249
62.6584 240
62.67852 240
62.69863 239
62.71875 245
62.73886 253
62.75897 235
62.77909 234
62.7992 260
62.81931 262
62.83943 238
62.85954 248
62.87965 228
62.89977 253
62.91988 265
62.94 236
62.96011 239
62.98022 262
63.00034 258
63.02045 266
63.04056 260
63.06068 234
63.08079 290
63.10091 249
63.12102 237
63.14113 249
63.16125 256
63.18136 245
63.20147 234
63.22159 278
63.2417 247
63.26182 256
63.28193 264
63.30204 214
63.32216 205
63.34227 229
63.36238 207
63.3825 193
63.40261 245
63.42272 256
63.44284 257
63.46295 233
63.48307 232
63.50318 263
63.52329 259
63.54341 246
63.56352 274
63.58363 263
63.60375 280
63.62386 286
63.64398 293
63.66409 283
63.6842 307
63.70432 315
63.72443 336
63.74454 318
63.76466 325
63.78477 313
63.80489 315
63.825 311
63.84511 329
63.86523 310
63.88534 330
63.90545 385
63.92557 365
63.94568 380
63.96579 441
63.98591 411
64.00602 426
64.02614 382
64.04625 422
64.06636 356
64.08648 310
64.10659 326
64.1267 308
64.14682 288
64.16693 300
64.18705 294
64.20716 284
64.22727 303
64.24739 265
64.2675 238
64.28761 217
64.30773 233
64.32784 222
64.34796 232
64.36807 224
64.38818 206
64.4083 226
64.42841 200
64.44852 191
64.46864 209
64.48875 174
64.50886 198
64.52898 204
64.54909 193
64.56921 207
64.58932 191
64.60943 190
64.62955 182
64.64966 187
64.66977 202
64.68989 210
64.71 204
64.73012 190
64.75023 202
64.77034 216
64.79046 210
64.81057 211
64.83068 197
64.8508 216
64.87091 217
64.89102 201
64.91114 212
64.93125 243
64.95137 208
64.97148 240
64.99159 228
65.01171 201
65.03182 240
65.05193 250
65.07205 235
65.09216 240
65.11228 238
65.13239 255
65.1525 243
65.17262 254
65.19273 252
65.21284 233
65.23296 245
65.25307 248
65.27319 270
65.2933 248
65.31341 261
65.33353 238
65.35364 265
65.37375 249
65.39387 231
65.41398 258
65.43409 267
65.45421 248
65.47432 247
65.49444 218
65.51455 199
65.53466 213
65.55478 208
65.57489 212
65.595 218
65.61512 225
65.63523 237
65.65535 196
65.67546 233
65.69557 217
65.71569 234
65.7358 221
65.75591 234
65.77603 212
65.79614 218
65.81626 190
65.83637 195
65.85648 206
65.8766 173
65.89671 202
65.91682 201
65.93694 207
65.95705 193
65.97716 232
65.99728 206
66.01739 226
66.03751 195
66.05762 206
66.07773 196
66.09785 190
66.11796 225
66.13807 213
66.15819 222
66.1783 235
66.19842 219
66.21853 218
66.23864 217
66.25876 240
66.27887 217
66.29898 238
66.3191 209
66.33921 232
66.35933 230
66.37944 233
66.39955 196
66.41967 227
66.43978 242
66.45989 217
66.48001 199
66.50012 209
66.52023 211
66.54035 195
66.56046 195
66.58058 207
66.60069 225
66.6208 182
66.64092 206
66.66103 197
66.68114 185
66.70126 234
66.72137 200
66.74149 229
66.7616 195
66.78171 187
66.80183 202
66.82194 197
66.84205 193
66.86217 223
66.88228 200
66.90239 223
66.92251 190
66.94262 223
66.96274 210
66.98285 235
67.00296 218
67.02308 214
67.04319 229
67.0633 226
67.08342 240
67.10353 235
67.12365 222
67.14376 228
67.16387 219
67.18399 225
67.2041 195
67.22421 218
67.24433 237
67.26444 190
67.28456 218
67.30467 243
67.32478 238
67.3449 217
67.36501 232
67.38512 234
67.40524 236
67.42535 249
67.44546 281
67.46558 297
67.48569 281
67.50581 281
67.52592 302
67.54603 333
67.56615 329
67.58626 390
67.60637 435
67.62649 489
67.6466 525
67.66672 585
67.68683 617
67.70694 688
67.72706 647
67.74717 671
67.76728 607
67.7874 496
67.80751 496
67.82763 472
67.84774 484
67.86785 496
67.88797 479
67.90808 488
67.92819 523
67.94831 549
67.96842 524
67.98853 525
68.00865 559
68.02876 637
68.04888 669
68.06899 707
68.0891 763
68.10922 764
68.12933 814
68.14944 801
68.16956 765
68.18967 656
68.20979 658
68.2299 702
68.25001 744
68.27013 742
68.29024 769
68.31035 778
68.33047 718
68.35058 595
68.3707 483
68.39081 438
68.41092 397
68.43104 387
68.45115 442
68.47126 439
68.49138 400
68.51149 385
68.5316 319
68.55172 293
68.57183 254
68.59195 238
68.61206 228
68.63217 248
68.65229 216
68.6724 257
68.69251 224
68.71263 250
68.73274 225
68.75286 226
68.77297 221
68.79308 199
68.8132 222
68.83331 205
68.85342 226
68.87354 201
68.89365 214
68.91376 217
68.93388 229
68.95399 207
68.97411 193
68.99422 223
69.01433 225
69.03445 221
69.05456 229
69.07467 202
69.09479 228
69.1149 227
69.13502 233
69.15513 221
69.17524 220
69.19536 197
69.21547 241
69.23558 201
69.2557 234
69.27581 222
69.29593 224
69.31604 236
69.33615 215
69.35627 230
69.37638 235
69.39649 243
69.41661 236
69.43672 256
69.45683 227
69.47695 199
69.49706 193
69.51718 221
69.53729 214
69.5574 222
69.57752 202
69.59763 209
69.61774 192
69.63786 221
69.65797 217
69.67809 218
69.6982 214
69.71831 226
69.73843 228
69.75854 221
69.77865 248
69.79877 228
69.81888 205
69.839 204
69.85911 196
69.87922 223
69.89934 175
69.91945 196
69.93956 196
69.95968 216
69.97979 216
69.9999 221
70.02002 200
70.04013 202
70.06025 188
70.08036 204
70.10047 163
70.12059 196
70.1407 185
70.16081 175
70.18093 183
70.20104 190
70.22116 178
70.24127 182
70.26138 191
70.2815 186
70.30161 203
70.32172 210
70.34184 198
70.36195 184
70.38207 194
70.40218 188
70.42229 176
70.44241 168
70.46252 195
70.48263 176
70.50275 192
70.52286 188
70.54297 193
70.56309 185
70.5832 174
70.60332 166
70.62343 180
70.64354 189
70.66366 212
70.68377 192
70.70388 190
70.724 187
70.74411 203
70.76423 193
70.78434 194
70.80445 214
70.82457 180
70.84468 202
70.86479 205
70.88491 201
70.90502 219
70.92513 191
70.94525 200
70.96536 192
70.98548 179
71.00559 205
71.0257 204
71.04582 189
71.06593 188
71.08604 198
71.10616 197
71.12627 201
71.14639 177
71.1665 197
71.18661 221
71.20673 202
71.22684 201
71.24695 213
71.26707 202
71.28718 226
71.3073 197
71.32741 225
71.34752 222
71.36764 194
71.38775 215
71.40786 220
71.42798 241
71.44809 235
71.4682 202
71.48832 199
71.50843 225
71.52855 197
71.54866 240
71.56877 212
71.58889 230
71.609 197
71.62911 236
71.64923 185
71.66934 185
71.68946 200
71.70957 201
71.72968 178
71.7498 219
71.76991 207
71.79002 197
71.81014 195
71.83025 181
71.85037 203
71.87048 188
71.89059 173
71.91071 201
71.93082 185
71.95093 215
71.97105 211
71.99116 214
72.01127 215
72.03139 202
72.0515 214
72.07162 180
72.09173 186
72.11184 191
72.13196 180
72.15207 189
72.17218 186
72.1923 208
72.21241 185
72.23253 188
72.25264 210
72.27275 191
72.29287 183
72.31298 192
72.33309 196
72.35321 200
72.37332 196
72.39344 171
72.41355 184
72.43366 189
72.45378 181
72.47389 188
72.494 188
72.51412 186
72.53423 188
72.55434 184
72.57446 186
72.59457 211
72.61469 186
72.6348 180
72.65491 189
72.67503 185
72.69514 180
72.71525 203
72.73537 202
72.75548 171
72.7756 213
72.79571 181
72.81582 187
72.83594 199
72.85605 191
72.87616 194
72.89628 215
72.91639 190
72.9365 185
72.95662 188
72.97673 231
72.99685 191
73.01696 208
73.03707 193
73.05719 230
73.0773 208
73.09741 207
73.11753 233
73.13764 246
73.15776 231
73.17787 230
73.19798 203
73.2181 225
73.23821 209
73.25832 265
73.27844 248
73.29855 244
73.31867 284
73.33878 281
73.35889 288
73.37901 290
73.39912 347
73.41923 356
73.43935 321
73.45946 350
73.47957 314
73.49969 274
73.5198 246
73.53992 262
73.56003 230
73.58014 245
73.60026 243
73.62037 266
73.64048 273
73.6606 275
73.68071 257
73.70083 259
73.72094 243
73.74105 254
73.76117 222
73.78128 214
73.80139 212
73.82151 217
73.84162 203
73.86174 235
73.88185 207
73.90196 225
73.92208 225
73.94219 214
73.9623 220
73.98242 200
74.00253 233
74.02264 225
74.04276 200
74.06287 216
74.08299 213
74.1031 212
74.12321 206
74.14333 200
74.16344 181
74.18355 178
74.20367 210
74.22378 211
74.2439 183
74.26401 174
74.28412 181
74.30424 192
74.32435 187
74.34446 160
74.36458 210
74.38469 197
74.40481 199
74.42492 206
74.44503 233
74.46515 209
74.48526 212
74.50537 228
74.52549 222
74.5456 204
74.56571 229
74.58583 206
74.60594 233
74.62606 208
74.64617 180
74.66628 203
74.6864 216
74.70651 242
74.72662 230
74.74674 204
74.76685 210
74.78697 223
74.80708 216
74.82719 210
74.84731 220
74.86742 223
74.88753 186
74.90765 223
74.92776 185
74.94787 183
74.96799 216
74.9881 205
75.00822 229
