3.00117 20140
3.02128 18968
3.0414 18878
3.06151 18193
3.08162 17900
3.10174 17348
3.12185 16824
3.14197 16820
3.16208 15896
3.18219 16122
3.20231 15411
3.22242 14364
3.24253 14511
3.26265 13964
3.28276 13602
3.30288 13008
3.32299 12566
3.3431 12436
3.36322 12051
3.38333 11923
3.40344 11264
3.42356 10694
3.44367 10626
3.46379 10222
3.4839 9888
3.50401 9657
3.52413 9106
3.54424 8969
3.56435 8508
3.58447 8601
3.60458 7972
3.62469 7703
3.64481 7728
3.66492 7217
3.68504 7063
3.70515 6694
3.72526 6483
3.74538 6297
3.76549 6097
3.7856 5931
3.80572 5606
3.82583 5319
3.84595 5302
3.86606 4980
3.88617 4954
3.90629 4465
3.9264 4310
3.94651 4191
3.96663 4090
3.98674 3999
4.00686 3832
4.02697 3522
4.04708 3678
4.0672 3394
4.08731 3321
4.10742 2993
4.12754 3042
4.14765 2894
4.16776 2891
4.18788 2753
4.20799 2560
4.22811 2523
4.24822 2626
4.26833 2385
4.28845 2264
4.30856 2275
4.32867 2228
4.34879 2144
4.3689 2171
4.38902 2062
4.40913 1970
4.42924 2002
4.44936 1955
4.46947 1945
4.48958 1909
4.5097 1848
4.52981 1662
4.54992 1692
4.57004 1756
4.59015 1561
4.61027 1585
4.63038 1574
4.65049 1554
4.67061 1604
4.69072 1542
4.71083 1542
4.73095 1484
4.75106 1466
4.77118 1441
4.79129 1362
4.8114 1427
4.83152 1332
4.85163 1369
4.87174 1362
4.89186 1281
4.91197 1270
4.93209 1232
4.9522 1292
4.97231 1328
4.99243 1242
5.01254 1179
5.03265 1164
5.05277 1206
5.07288 1088
5.09299 1095
5.11311 1112
5.13322 1099
5.15334 1053
5.17345 1150
5.19356 988
5.21368 1000
5.23379 965
5.2539 1037
5.27402 1059
5.29413 970
5.31425 999
5.33436 1009
5.35447 982
5.37459 918
5.3947 910
5.41481 893
5.43493 884
5.45504 951
5.47516 917
5.49527 884
5.51538 856
5.5355 926
5.55561 850
5.57572 848
5.59584 797
5.61595 809
5.63606 770
5.65618 768
5.67629 786
5.69641 826
5.71652 791
5.73663 813
5.75675 772
5.77686 799
5.79697 745
5.81709 737
5.8372 742
5.85732 715
5.87743 753
5.89754 676
5.91766 711
5.93777 717
5.95788 712
5.978 741
5.99811 732
6.01823 715
6.03834 730
6.05845 703
6.07857 670
6.09868 651
6.11879 712
6.13891 732
6.15902 662
6.17913 668
6.19925 665
6.21936 672
6.23948 664
6.25959 656
6.2797 662
6.29982 687
6.31993 675
6.34004 642
6.36016 695
6.38027 617
6.40039 685
6.4205 642
6.44061 647
6.46073 633
6.48084 637
6.50095 672
6.52107 617
6.54118 708
6.56129 638
6.58141 639
6.60152 621
6.62164 619
6.64175 646
6.66186 632
6.68198 634
6.70209 600
6.7222 628
6.74232 629
6.76243 629
6.78255 616
6.80266 641
6.82277 579
6.84289 638
6.863 631
6.88311 595
6.90323 623
6.92334 634
6.94346 618
6.96357 598
6.98368 591
7.0038 583
7.02391 635
7.04402 592
7.06414 611
7.08425 564
7.10436 579
7.12448 572
7.14459 560
7.16471 591
7.18482 634
7.20493 590
7.22505 589
7.24516 565
7.26527 699
7.28539 594
7.3055 587
7.32562 586
7.34573 612
7.36584 590
7.38596 560
7.40607 581
7.42618 552
7.4463 572
7.46641 596
7.48653 597
7.50664 625
7.52675 611
7.54687 579
7.56698 601
7.58709 640
7.60721 569
7.62732 636
7.64743 621
7.66755 569
7.68766 545
7.70778 598
7.72789 601
7.748 577
7.76812 557
7.78823 563
7.80834 585
7.82846 559
7.84857 581
7.86869 564
7.8888 586
7.90891 573
7.92903 543
7.94914 605
7.96925 557
7.98937 568
8.00948 545
8.0296 583
8.04971 592
8.06982 556
8.08994 584
8.11005 521
8.13016 541
8.15028 600
8.17039 535
8.1905 609
8.21062 541
8.23073 565
8.25085 596
8.27096 594
8.29107 623
8.31119 565
8.3313 531
8.35141 562
8.37153 548
8.39164 608
8.41176 543
8.43187 614
8.45198 582
8.4721 601
8.49221 515
8.51232 589
8.53244 575
8.55255 588
8.57266 582
8.59278 555
8.61289 574
8.63301 562
8.65312 537
8.67323 532
8.69335 571
8.71346 534
8.73357 557
8.75369 591
8.7738 577
8.79392 544
8.81403 584
8.83414 569
8.85426 538
8.87437 537
8.89448 520
8.9146 564
8.93471 570
8.95483 571
8.97494 535
8.99505 542
9.01517 513
9.03528 617
9.05539 532
9.07551 534
9.09562 591
9.11573 565
9.13585 584
9.15596 545
9.17608 543
9.19619 561
9.2163 536
9.23642 536
9.25653 574
9.27664 534
9.29676 538
9.31687 557
9.33699 557
9.3571 599
9.37721 534
9.39733 583
9.41744 535
9.43755 529
9.45767 544
9.47778 572
9.4979 524
9.51801 550
9.53812 546
9.55824 488
9.57835 522
9.59846 528
9.61858 560
9.63869 574
9.6588 534
9.67892 548
9.69903 567
9.71915 601
9.73926 554
9.75937 549
9.77949 579
9.7996 569
9.81971 538
9.83983 516
9.85994 533
9.88006 535
9.90017 551
9.92028 518
9.9404 613
9.96051 597
9.98062 521
10.00074 536
10.02085 536
10.04097 558
10.06108 536
10.08119 557
10.10131 517
10.12142 524
10.14153 538
10.16165 538
10.18176 569
10.20187 579
10.22199 540
10.2421 554
10.26222 538
10.28233 516
10.30244 618
10.32256 577
10.34267 607
10.36278 561
10.3829 542
10.40301 518
10.42313 570
10.44324 577
10.46335 620
10.48347 582
10.50358 565
10.52369 562
10.54381 562
10.56392 590
10.58403 551
10.60415 528
10.62426 560
10.64438 562
10.66449 511
10.6846 584
10.70472 546
10.72483 588
10.74494 583
10.76506 583
10.78517 582
10.80529 551
10.8254 568
10.84551 594
10.86563 574
10.88574 602
10.90585 622
10.92597 570
10.94608 540
10.9662 544
10.98631 573
11.00642 565
11.02654 606
11.04665 568
11.06676 539
11.08688 621
11.10699 539
11.1271 588
11.14722 549
11.16733 573
11.18745 531
11.20756 569
11.22767 591
11.24779 572
11.2679 602
11.28801 575
11.30813 600
11.32824 617
11.34836 632
11.36847 596
11.38858 557
11.4087 599
11.42881 613
11.44892 586
11.46904 649
11.48915 603
11.50927 640
11.52938 574
11.54949 641
11.56961 656
11.58972 631
11.60983 659
11.62995 664
11.65006 668
11.67017 638
11.69029 644
11.7104 707
11.73052 652
11.75063 666
11.77074 691
11.79086 697
11.81097 673
11.83108 712
11.8512 724
11.87131 649
11.89143 738
11.91154 704
11.93165 692
11.95177 703
11.97188 718
11.99199 717
12.01211 694
12.03222 650
12.05234 701
12.07245 720
12.09256 712
12.11268 680
12.13279 745
12.1529 744
12.17302 737
12.19313 737
12.21324 642
12.23336 696
12.25347 679
12.27359 733
12.2937 729
12.31381 694
12.33393 729
12.35404 672
12.37415 692
12.39427 685
12.41438 697
12.4345 708
12.45461 648
12.47472 648
12.49484 633
12.51495 654
12.53506 669
12.55518 605
12.57529 614
12.5954 621
12.61552 597
12.63563 638
12.65575 600
12.67586 567
12.69597 597
12.71609 599
12.7362 557
12.75631 589
12.77643 494
12.79654 595
12.81666 570
12.83677 577
12.85688 548
12.877 495
12.89711 519
12.91722 545
12.93734 541
12.95745 523
12.97757 543
12.99768 475
13.01779 545
13.03791 529
13.05802 505
13.07813 507
13.09825 595
13.11836 480
13.13847 524
13.15859 527
13.1787 559
13.19882 510
13.21893 527
13.23904 495
13.25916 564
13.27927 517
13.29938 573
13.3195 547
13.33961 535
13.35973 536
13.37984 538
13.39995 547
13.42007 539
13.44018 537
13.46029 510
13.48041 534
13.50052 545
13.52064 499
13.54075 524
13.56086 551
13.58098 525
13.60109 506
13.6212 542
13.64132 542
13.66143 501
13.68154 481
13.70166 538
13.72177 553
13.74189 578
13.762 495
13.78211 561
13.80223 531
13.82234 537
13.84245 520
13.86257 567
13.88268 507
13.9028 514
13.92291 492
13.94302 493
13.96314 528
13.98325 514
14.00336 524
14.02348 598
14.04359 492
14.06371 557
14.08382 509
14.10393 525
14.12405 497
14.14416 513
14.16427 544
14.18439 465
14.2045 533
14.22461 486
14.24473 498
14.26484 510
14.28496 500
14.30507 472
14.32518 525
14.3453 473
14.36541 475
14.38552 465
14.40564 536
14.42575 520
14.44587 586
14.46598 491
14.48609 515
14.50621 504
14.52632 505
14.54643 491
14.56655 517
14.58666 523
14.60677 505
14.62689 491
14.647 445
14.66712 500
14.68723 539
14.70734 484
14.72746 523
14.74757 494
14.76768 548
14.7878 493
14.80791 465
14.82803 488
14.84814 480
14.86825 492
14.88837 467
14.90848 486
14.92859 492
14.94871 470
14.96882 488
14.98894 540
15.00905 560
15.02916 549
15.04928 552
15.06939 514
15.0895 539
15.10962 450
15.12973 511
15.14984 540
15.16996 536
15.19007 535
15.21019 525
15.2303 507
15.25041 519
15.27053 513
15.29064 500
15.31075 490
15.33087 457
15.35098 509
15.3711 495
15.39121 499
15.41132 514
15.43144 465
15.45155 470
15.47166 490
15.49178 469
15.51189 525
15.53201 469
15.55212 466
15.57223 456
15.59235 489
15.61246 498
15.63257 539
15.65269 531
15.6728 537
15.69291 473
15.71303 515
15.73314 520
15.75326 506
15.77337 499
15.79348 485
15.8136 465
15.83371 505
15.85382 480
15.87394 487
15.89405 519
15.91417 528
15.93428 477
15.95439 507
15.97451 485
15.99462 488
16.01473 495
16.03485 485
16.05496 482
16.07508 488
16.09519 499
16.1153 521
16.13542 493
16.15553 495
16.17564 498
16.19576 480
16.21587 492
16.23598 467
16.2561 509
16.27621 530
16.29633 500
16.31644 487
16.33655 519
16.35667 474
16.37678 482
16.39689 486
16.41701 495
16.43712 503
16.45724 476
16.47735 537
16.49746 484
16.51758 458
16.53769 503
16.5578 495
16.57792 526
16.59803 502
16.61814 545
16.63826 495
16.65837 537
16.67849 506
16.6986 495
16.71871 529
16.73883 501
16.75894 522
16.77905 509
16.79917 518
16.81928 500
16.8394 520
16.85951 474
16.87962 490
16.89974 492
16.91985 500
16.93996 453
16.96008 477
16.98019 464
17.00031 493
17.02042 518
17.04053 503
17.06065 539
17.08076 463
17.10087 508
17.12099 516
17.1411 507
17.16121 496
17.18133 519
17.20144 524
17.22156 536
17.24167 470
17.26178 476
17.2819 487
17.30201 470
17.32212 507
17.34224 531
17.36235 466
17.38247 522
17.40258 548
17.42269 473
17.44281 512
17.46292 547
17.48303 507
17.50315 498
17.52326 442
17.54338 530
17.56349 535
17.5836 522
17.60372 534
17.62383 485
17.64394 525
17.66406 476
17.68417 565
17.70428 460
17.7244 491
17.74451 486
17.76463 459
17.78474 517
17.80485 517
17.82497 489
17.84508 535
17.86519 527
17.88531 533
17.90542 521
17.92554 522
17.94565 531
17.96576 527
17.98588 499
18.00599 534
18.0261 512
18.04622 489
18.06633 565
18.08645 541
18.10656 595
18.12667 583
18.14679 592
18.1669 619
18.18701 573
18.20713 529
18.22724 655
18.24735 610
18.26747 570
18.28758 604
18.3077 541
18.32781 528
18.34792 549
18.36804 541
18.38815 529
18.40826 517
18.42838 501
18.44849 529
18.46861 509
18.48872 565
18.50883 485
18.52895 517
18.54906 508
18.56917 535
18.58929 524
18.6094 505
18.62951 515
18.64963 448
18.66974 509
18.68986 548
18.70997 493
18.73008 482
18.7502 542
18.77031 499
18.79042 517
18.81054 519
18.83065 508
18.85077 500
18.87088 478
18.89099 504
18.91111 549
18.93122 522
18.95133 540
18.97145 523
18.99156 533
19.01168 540
19.03179 500
19.0519 507
19.07202 586
19.09213 548
19.11224 518
19.13236 588
19.15247 560
19.17258 537
19.1927 536
19.21281 558
19.23293 565
19.25304 550
19.27315 599
19.29327 553
19.31338 579
19.33349 552
19.35361 583
19.37372 573
19.39384 576
19.41395 553
19.43406 625
19.45418 580
19.47429 627
19.4944 622
19.51452 647
19.53463 679
19.55475 574
19.57486 640
19.59497 677
19.61509 695
19.6352 669
19.65531 666
19.67543 671
19.69554 743
19.71565 726
19.73577 746
19.75588 743
19.776 776
19.79611 860
19.81622 822
19.83634 869
19.85645 867
19.87656 816
19.89668 862
19.91679 899
19.93691 892
19.95702 923
19.97713 925
19.99725 885
20.01736 851
20.03747 964
20.05759 890
20.0777 900
20.09782 863
20.11793 944
20.13804 880
20.15816 903
20.17827 860
20.19838 867
20.2185 831
20.23861 807
20.25872 776
20.27884 838
20.29895 824
20.31907 785
20.33918 808
20.35929 806
20.37941 851
20.39952 849
20.41963 788
20.43975 789
20.45986 814
20.47998 772
20.50009 762
20.5202 782
20.54032 826
20.56043 745
20.58054 774
20.60066 769
20.62077 801
20.64088 750
20.661 754
20.68111 799
20.70123 777
20.72134 857
20.74145 869
20.76157 983
20.78168 1018
20.80179 1092
20.82191 1074
20.84202 1101
20.86214 1082
20.88225 1023
20.90236 979
20.92248 913
20.94259 901
20.9627 827
20.98282 899
21.00293 882
21.02305 801
21.04316 867
21.06327 766
21.08339 774
21.1035 784
21.12361 724
21.14373 699
21.16384 762
21.18395 729
21.20407 744
21.22418 692
21.2443 710
21.26441 739
21.28452 697
21.30464 752
21.32475 734
21.34486 692
21.36498 717
21.38509 699
21.40521 696
21.42532 721
21.44543 761
21.46555 755
21.48566 749
21.50577 740
21.52589 732
21.546 755
21.56612 691
21.58623 743
21.60634 696
21.62646 729
21.64657 751
21.66668 820
21.6868 677
21.70691 694
21.72702 683
21.74714 742
21.76725 761
21.78737 727
21.80748 705
21.82759 760
21.84771 719
21.86782 726
21.88793 726
21.90805 851
21.92816 789
21.94828 878
21.96839 813
21.9885 825
22.00862 851
22.02873 772
22.04884 769
22.06896 714
22.08907 683
22.10919 646
22.1293 675
22.14941 651
22.16953 640
22.18964 658
22.20975 691
22.22987 678
22.24998 630
22.27009 699
22.29021 664
22.31032 678
22.33044 666
22.35055 658
22.37066 657
22.39078 638
22.41089 708
22.431 656
22.45112 694
22.47123 684
22.49135 656
22.51146 690
22.53157 632
22.55169 605
22.5718 704
22.59191 635
22.61203 662
22.63214 637
22.65225 671
22.67237 667
22.69248 675
22.7126 660
22.73271 633
22.75282 629
22.77294 614
22.79305 698
22.81316 643
22.83328 673
22.85339 742
22.87351 715
22.89362 713
22.91373 672
22.93385 656
22.95396 621
22.97407 632
22.99419 653
23.0143 634
23.03442 674
23.05453 622
23.07464 642
23.09476 648
23.11487 655
23.13498 640
23.1551 699
23.17521 631
23.19532 675
23.21544 670
23.23555 650
23.25567 643
23.27578 632
23.29589 671
23.31601 663
23.33612 720
23.35623 646
23.37635 696
23.39646 660
23.41658 705
23.43669 710
23.4568 727
23.47692 768
23.49703 759
23.51714 749
23.53726 756
23.55737 819
23.57749 839
23.5976 794
23.61771 764
23.63783 756
23.65794 744
23.67805 754
23.69817 750
23.71828 698
23.73839 691
23.75851 735
23.77862 721
23.79874 743
23.81885 776
23.83896 709
23.85908 738
23.87919 763
23.8993 711
23.91942 719
23.93953 758
23.95965 774
23.97976 749
23.99987 729
24.01999 728
24.0401 718
24.06021 744
24.08033 731
24.10044 715
24.12056 729
24.14067 739
24.16078 720
24.1809 741
24.20101 801
24.22112 800
24.24124 773
24.26135 779
24.28146 755
24.30158 788
24.32169 782
24.34181 772
24.36192 745
24.38203 744
24.40215 808
24.42226 766
24.44237 773
24.46249 768
24.4826 711
24.50272 715
24.52283 715
24.54294 754
24.56306 758
24.58317 700
24.60328 742
24.6234 728
24.64351 786
24.66362 780
24.68374 743
24.70385 736
24.72397 697
24.74408 728
24.76419 791
24.78431 754
24.80442 814
24.82453 728
24.84465 722
24.86476 801
24.88488 757
24.90499 744
24.9251 735
24.94522 724
24.96533 736
24.98544 738
25.00556 716
25.02567 731
25.04579 657
25.0659 674
25.08601 726
25.10613 726
25.12624 755
25.14635 734
25.16647 673
25.18658 714
25.20669 679
25.22681 699
25.24692 665
25.26704 678
25.28715 730
25.30726 736
25.32738 714
25.34749 696
25.3676 674
25.38772 677
25.40783 660
25.42795 706
25.44806 690
25.46817 669
25.48829 721
25.5084 737
25.52851 702
25.54863 715
25.56874 711
25.58886 690
25.60897 707
25.62908 688
25.6492 714
25.66931 702
25.68942 702
25.70954 680
25.72965 723
25.74976 716
25.76988 678
25.78999 699
25.81011 671
25.83022 685
25.85033 633
25.87045 644
25.89056 665
25.91067 647
25.93079 637
25.9509 638
25.97102 615
25.99113 596
26.01124 613
26.03136 651
26.05147 617
26.07158 631
26.0917 624
26.11181 637
26.13193 664
26.15204 692
26.17215 662
26.19227 640
26.21238 671
26.23249 672
26.25261 671
26.27272 700
26.29283 669
26.31295 669
26.33306 716
26.35318 671
26.37329 723
26.3934 760
26.41352 732
26.43363 826
26.45374 822
26.47386 983
26.49397 1141
26.51409 1336
26.5342 1602
26.55431 1994
26.57443 2270
26.59454 2342
26.61465 2286
26.63477 2119
26.65488 1878
26.67499 1644
26.69511 1370
26.71522 1095
26.73534 921
26.75545 836
26.77556 782
26.79568 773
26.81579 758
26.8359 748
26.85602 709
26.87613 784
26.89625 725
26.91636 708
26.93647 776
26.95659 813
26.9767 719
26.99681 766
27.01693 717
27.03704 761
27.05716 747
27.07727 715
27.09738 715
27.1175 709
27.13761 681
27.15772 671
27.17784 649
27.19795 674
27.21806 639
27.23818 664
27.25829 688
27.27841 660
27.29852 664
27.31863 723
27.33875 732
27.35886 760
27.37897 813
27.39909 807
27.4192 856
27.43932 834
27.45943 928
27.47954 903
27.49966 862
27.51977 843
27.53988 772
27.56 779
27.58011 742
27.60023 751
27.62034 750
27.64045 799
27.66057 767
27.68068 868
27.70079 789
27.72091 926
27.74102 895
27.76113 986
27.78125 948
27.80136 862
27.82148 909
27.84159 937
27.8617 898
27.88182 870
27.90193 881
27.92204 859
27.94216 833
27.96227 805
27.98239 802
28.0025 745
28.02261 748
28.04273 697
28.06284 703
28.08295 649
28.10307 633
28.12318 694
28.1433 645
28.16341 694
28.18352 631
28.20364 641
28.22375 707
28.24386 664
28.26398 700
28.28409 637
28.3042 656
28.32432 618
28.34443 609
28.36455 645
28.38466 591
28.40477 600
28.42489 586
28.445 662
28.46511 603
28.48523 578
28.50534 595
28.52546 598
28.54557 579
28.56568 601
28.5858 597
28.60591 554
28.62602 591
28.64614 554
28.66625 555
28.68636 567
28.70648 531
28.72659 553
28.74671 659
28.76682 572
28.78693 576
28.80705 597
28.82716 583
28.84727 549
28.86739 591
28.8875 579
28.90762 543
28.92773 604
28.94784 615
28.96796 559
28.98807 574
29.00818 611
29.0283 545
29.04841 575
29.06853 550
29.08864 546
29.10875 588
29.12887 601
29.14898 574
29.16909 570
29.18921 585
29.20932 596
29.22943 574
29.24955 596
29.26966 546
29.28978 544
29.30989 565
29.33 601
29.35012 610
29.37023 577
29.39034 586
29.41046 605
29.43057 599
29.45069 559
29.4708 548
29.49091 579
29.51103 575
29.53114 585
29.55125 617
29.57137 552
29.59148 577
29.6116 582
29.63171 669
29.65182 594
29.67194 658
29.69205 658
29.71216 686
29.73228 681
29.75239 667
29.7725 759
29.79262 764
29.81273 730
29.83285 762
29.85296 831
29.87307 888
29.89319 903
29.9133 915
29.93341 894
29.95353 877
29.97364 816
29.99376 770
30.01387 797
30.03398 747
30.0541 757
30.07421 712
30.09432 700
30.11444 640
30.13455 645
30.15467 695
30.17478 650
30.19489 651
30.21501 660
30.23512 645
30.25523 697
30.27535 664
30.29546 672
30.31557 622
30.33569 659
30.3558 629
30.37592 672
30.39603 652
30.41614 659
30.43626 691
30.45637 676
30.47648 626
30.4966 608
30.51671 621
30.53683 628
30.55694 626
30.57705 589
30.59717 572
30.61728 590
30.63739 608
30.65751 612
30.67762 603
30.69773 631
30.71785 638
30.73796 585
30.75808 623
30.77819 639
30.7983 648
30.81842 605
30.83853 581
30.85864 643
30.87876 606
30.89887 604
30.91899 633
30.9391 597
30.95921 608
30.97933 585
30.99944 589
31.01955 527
31.03967 578
31.05978 545
31.0799 629
31.10001 536
31.12012 522
31.14024 545
31.16035 599
31.18046 567
31.20058 555
31.22069 605
31.2408 558
31.26092 616
31.28103 527
31.30115 570
31.32126 611
31.34137 566
31.36149 578
31.3816 583
31.40171 599
31.42183 576
31.44194 580
31.46206 576
31.48217 557
31.50228 586
31.5224 622
31.54251 561
31.56262 584
31.58274 627
31.60285 594
31.62297 580
31.64308 621
31.66319 532
31.68331 588
31.70342 596
31.72353 643
31.74365 521
31.76376 573
31.78387 584
31.80399 575
31.8241 593
31.84422 521
31.86433 569
31.88444 551
31.90456 575
31.92467 595
31.94478 605
31.9649 574
31.98501 543
32.00513 551
32.02524 563
32.04535 581
32.06547 588
32.08558 559
32.10569 547
32.12581 611
32.14592 615
32.16604 601
32.18615 615
32.20626 593
32.22638 565
32.24649 583
32.2666 602
32.28672 632
32.30683 578
32.32694 651
32.34706 567
32.36717 562
32.38729 614
32.4074 570
32.42751 583
32.44763 593
32.46774 628
32.48785 577
32.50797 576
32.52808 552
32.5482 631
32.56831 609
32.58842 565
32.60854 602
32.62865 571
32.64876 592
32.66888 555
32.68899 551
32.7091 537
32.72922 600
32.74933 574
32.76945 564
32.78956 559
32.80967 545
32.82979 538
32.8499 564
32.87001 566
32.89013 600
32.91024 599
32.93036 579
32.95047 640
32.97058 585
32.9907 623
33.01081 626
33.03092 610
33.05104 634
33.07115 585
33.09127 562
33.11138 621
33.13149 585
33.15161 624
33.17172 588
33.19183 587
33.21195 600
33.23206 550
33.25217 577
33.27229 570
33.2924 578
33.31252 568
33.33263 551
33.35274 587
33.37286 567
33.39297 538
33.41308 592
33.4332 558
33.45331 549
33.47343 532
33.49354 530
33.51365 589
33.53377 581
33.55388 559
33.57399 554
33.59411 550
33.61422 565
33.63434 635
33.65445 576
33.67456 561
33.69468 578
33.71479 598
33.7349 586
33.75502 563
33.77513 573
33.79524 578
33.81536 572
33.83547 581
33.85559 569
33.8757 566
33.89581 579
33.91593 583
33.93604 572
33.95615 572
33.97627 537
33.99638 554
34.0165 619
34.03661 591
34.05672 588
34.07684 556
34.09695 600
34.11706 589
34.13718 595
34.15729 590
34.17741 572
34.19752 556
34.21763 629
34.23775 571
34.25786 586
34.27797 650
34.29809 630
34.3182 646
34.33831 608
34.35843 618
34.37854 653
34.39866 627
34.41877 630
34.43888 668
34.459 644
34.47911 681
34.49922 692
34.51934 624
34.53945 658
34.55957 655
34.57968 676
34.59979 651
34.61991 669
34.64002 684
34.66013 683
34.68025 657
34.70036 686
34.72047 722
34.74059 717
34.7607 676
34.78082 657
34.80093 753
34.82104 749
34.84116 767
34.86127 787
34.88138 786
34.9015 787
34.92161 718
34.94173 764
34.96184 770
34.98195 839
35.00207 825
35.02218 868
35.04229 891
35.06241 959
35.08252 1009
35.10264 1075
35.12275 1100
35.14286 1164
35.16298 1285
35.18309 1372
35.2032 1478
35.22332 1423
35.24343 1445
35.26354 1417
35.28366 1385
35.30377 1403
35.32389 1322
35.344 1302
35.36411 1268
35.38423 1192
35.40434 1020
35.42445 1082
35.44457 1010
35.46468 1027
35.4848 965
35.50491 961
35.52502 867
35.54514 917
35.56525 891
35.58536 861
35.60548 833
35.62559 823
35.64571 822
35.66582 773
35.68593 780
35.70605 782
35.72616 798
35.74627 758
35.76639 720
35.7865 705
35.80661 693
35.82673 794
35.84684 695
35.86696 721
35.88707 690
35.90718 671
35.9273 729
35.94741 684
35.96752 655
35.98764 685
36.00775 686
36.02787 751
36.04798 742
36.06809 698
36.08821 720
36.10832 720
36.12843 718
36.14855 672
36.16866 700
36.18878 667
36.20889 672
36.229 702
36.24912 690
36.26923 634
36.28934 731
36.30946 673
36.32957 679
36.34968 674
36.3698 702
36.38991 730
36.41003 724
36.43014 738
36.45025 783
36.47037 751
36.49048 793
36.51059 773
36.53071 758
36.55082 714
36.57094 765
36.59105 750
36.61116 702
36.63128 713
36.65139 716
36.6715 662
36.69162 666
36.71173 672
36.73184 667
36.75196 674
36.77207 657
36.79219 668
36.8123 642
36.83241 686
36.85253 672
36.87264 683
36.89275 668
36.91287 678
36.93298 695
36.9531 673
36.97321 706
36.99332 603
37.01344 678
37.03355 620
37.05366 621
37.07378 629
37.09389 655
37.11401 644
37.13412 634
37.15423 694
37.17435 615
37.19446 698
37.21457 633
37.23469 660
37.2548 607
37.27491 629
37.29503 711
37.31514 665
37.33526 655
37.35537 678
37.37548 650
37.3956 621
37.41571 675
37.43582 616
37.45594 620
37.47605 673
37.49617 687
37.51628 632
37.53639 672
37.55651 650
37.57662 629
37.59673 678
37.61685 644
37.63696 632
37.65708 601
37.67719 647
37.6973 652
37.71742 654
37.73753 675
37.75764 664
37.77776 634
37.79787 653
37.81798 650
37.8381 651
37.85821 654
37.87833 620
37.89844 652
37.91855 701
37.93867 652
37.95878 631
37.97889 627
37.99901 637
38.01912 637
38.03924 676
38.05935 639
38.07946 647
38.09958 709
38.11969 639
38.1398 662
38.15992 662
38.18003 680
38.20015 625
38.22026 662
38.24037 671
38.26049 661
38.2806 684
38.30071 640
38.32083 664
38.34094 646
38.36105 637
38.38117 615
38.40128 617
38.4214 646
38.44151 685
38.46162 649
38.48174 655
38.50185 687
38.52196 654
38.54208 640
38.56219 664
38.58231 624
38.60242 635
38.62253 628
38.64265 616
38.66276 622
38.68287 611
38.70299 625
38.7231 637
38.74321 644
38.76333 628
38.78344 630
38.80356 586
38.82367 627
38.84378 616
38.8639 604
38.88401 652
38.90412 609
38.92424 606
38.94435 641
38.96447 615
38.98458 648
39.00469 626
39.02481 603
39.04492 600
39.06503 623
39.08515 626
39.10526 589
39.12538 609
39.14549 596
39.1656 611
39.18572 640
39.20583 629
39.22594 615
39.24606 580
39.26617 576
39.28628 638
39.3064 639
39.32651 625
39.34663 666
39.36674 619
39.38685 671
39.40697 728
39.42708 702
39.44719 707
39.46731 664
39.48742 683
39.50754 630
39.52765 641
39.54776 629
39.56788 601
39.58799 638
39.6081 612
39.62822 581
39.64833 620
39.66845 614
39.68856 604
39.70867 577
39.72879 557
39.7489 600
39.76901 577
39.78913 613
39.80924 599
39.82935 567
39.84947 584
39.86958 622
39.8897 585
39.90981 616
39.92992 546
39.95004 529
39.97015 602
39.99026 616
40.01038 559
40.03049 621
40.05061 579
40.07072 561
40.09083 629
40.11095 577
40.13106 590
40.15117 589
40.17129 674
40.1914 617
40.21152 643
40.23163 647
40.25174 645
40.27186 627
40.29197 655
40.31208 647
40.3322 608
40.35231 543
40.37242 578
40.39254 559
40.41265 641
40.43277 582
40.45288 547
40.47299 595
40.49311 569
40.51322 579
40.53333 555
40.55345 585
40.57356 600
40.59368 587
40.61379 584
40.6339 587
40.65402 639
40.67413 623
40.69424 570
40.71436 615
40.73447 598
40.75458 612
40.7747 633
40.79481 594
40.81493 610
40.83504 571
40.85515 580
40.87527 623
40.89538 593
40.91549 597
40.93561 560
40.95572 588
40.97584 587
40.99595 548
41.01606 528
41.03618 627
41.05629 575
41.0764 585
41.09652 569
41.11663 587
41.13675 586
41.15686 590
41.17697 580
41.19709 542
41.2172 572
41.23731 589
41.25743 591
41.27754 540
41.29765 585
41.31777 585
41.33788 550
41.358 609
41.37811 576
41.39822 552
41.41834 553
41.43845 564
41.45856 553
41.47868 573
41.49879 556
41.51891 597
41.53902 561
41.55913 581
41.57925 564
41.59936 588
41.61947 631
41.63959 601
41.6597 535
41.67982 633
41.69993 542
41.72004 570
41.74016 597
41.76027 633
41.78038 593
41.8005 560
41.82061 588
41.84072 582
41.86084 563
41.88095 504
41.90107 541
41.92118 559
41.94129 566
41.96141 549
41.98152 519
42.00163 542
42.02175 582
42.04186 553
42.06198 583
42.08209 604
42.1022 584
42.12232 589
42.14243 561
42.16254 577
42.18266 606
42.20277 571
42.22289 547
42.243 547
42.26311 575
42.28323 580
42.30334 630
42.32345 646
42.34357 633
42.36368 641
42.38379 649
42.40391 667
42.42402 599
42.44414 653
42.46425 604
42.48436 651
42.50448 586
42.52459 611
42.5447 599
42.56482 608
42.58493 623
42.60505 611
42.62516 633
42.64527 610
42.66539 605
42.6855 632
42.70561 658
42.72573 651
42.74584 635
42.76595 701
42.78607 720
42.80618 682
42.8263 717
42.84641 706
42.86652 691
42.88664 729
42.90675 673
42.92686 689
42.94698 717
42.96709 627
42.98721 617
43.00732 600
43.02743 604
43.04755 603
43.06766 628
43.08777 589
43.10789 593
43.128 599
43.14812 556
43.16823 583
43.18834 589
43.20846 553
43.22857 545
43.24868 555
43.2688 582
43.28891 554
43.30902 539
43.32914 544
43.34925 543
43.36937 571
43.38948 578
43.40959 519
43.42971 529
43.44982 547
43.46993 544
43.49005 557
43.51016 559
43.53028 562
43.55039 553
43.5705 535
43.59062 546
43.61073 538
43.63084 529
43.65096 505
43.67107 560
43.69119 564
43.7113 579
43.73141 529
43.75153 511
43.77164 564
43.79175 529
43.81187 555
43.83198 510
43.85209 576
43.87221 497
43.89232 503
43.91244 552
43.93255 562
43.95266 525
43.97278 536
43.99289 571
44.013 552
44.03312 609
44.05323 570
44.07335 569
44.09346 512
44.11357 498
44.13369 525
44.1538 553
44.17391 501
44.19403 553
44.21414 526
44.23426 556
44.25437 505
44.27448 492
44.2946 540
44.31471 481
44.33482 550
44.35494 507
44.37505 510
44.39516 539
44.41528 550
44.43539 528
44.45551 547
44.47562 541
44.49573 560
44.51585 519
44.53596 533
44.55607 522
44.57619 533
44.5963 539
44.61642 521
44.63653 484
44.65664 580
44.67676 558
44.69687 517
44.71698 523
44.7371 534
44.75721 549
44.77732 540
44.79744 503
44.81755 556
44.83767 542
44.85778 528
44.87789 539
44.89801 547
44.91812 544
44.93823 577
44.95835 540
44.97846 514
44.99858 514
45.01869 534
45.0388 543
45.05892 512
45.07903 557
45.09914 535
45.11926 500
45.13937 524
45.15949 558
45.1796 496
45.19971 525
45.21983 536
45.23994 528
45.26005 547
45.28017 520
45.30028 557
45.32039 546
45.34051 585
45.36062 537
45.38074 551
45.40085 528
45.42096 536
45.44108 545
45.46119 553
45.4813 530
45.50142 588
45.52153 538
45.54165 514
45.56176 540
45.58187 556
45.60199 537
45.6221 562
45.64221 545
45.66233 520
45.68244 594
45.70256 575
45.72267 577
45.74278 651
45.7629 557
45.78301 576
45.80312 573
45.82324 555
45.84335 563
45.86346 570
45.88358 565
45.90369 596
45.92381 526
45.94392 528
45.96403 592
45.98415 503
46.00426 525
46.02437 550
46.04449 516
46.0646 539
46.08472 521
46.10483 573
46.12494 544
46.14506 490
46.16517 526
46.18528 551
46.2054 542
46.22551 557
46.24563 567
46.26574 541
46.28585 510
46.30597 521
46.32608 535
46.34619 526
46.36631 504
46.38642 522
46.40653 535
46.42665 524
46.44676 552
46.46688 543
46.48699 517
46.5071 525
46.52722 537
46.54733 518
46.56744 460
46.58756 560
46.60767 519
46.62779 503
46.6479 517
46.66801 552
46.68813 512
46.70824 516
46.72835 546
46.74847 534
46.76858 503
46.78869 524
46.80881 517
46.82892 508
46.84904 518
46.86915 518
46.88926 523
46.90938 541
46.92949 513
46.9496 524
46.96972 533
46.98983 537
47.00995 519
47.03006 521
47.05017 558
47.07029 506
47.0904 532
47.11051 559
47.13063 505
47.15074 501
47.17086 534
47.19097 539
47.21108 527
47.2312 517
47.25131 515
47.27142 551
47.29154 547
47.31165 567
47.33176 534
47.35188 532
47.37199 542
47.39211 530
47.41222 543
47.43233 498
47.45245 566
47.47256 578
47.49267 522
47.51279 554
47.5329 591
47.55302 530
47.57313 534
47.59324 503
47.61336 520
47.63347 556
47.65358 521
47.6737 480
47.69381 518
47.71393 478
47.73404 547
47.75415 499
47.77427 528
47.79438 561
47.81449 538
47.83461 497
47.85472 471
47.87483 514
47.89495 512
47.91506 502
47.93518 536
47.95529 511
47.9754 507
47.99552 513
48.01563 547
48.03574 526
48.05586 557
48.07597 505
48.09609 539
48.1162 534
48.13631 521
48.15643 555
48.17654 520
48.19665 533
48.21677 527
48.23688 523
48.257 563
48.27711 563
48.29722 522
48.31734 519
48.33745 532
48.35756 583
48.37768 542
48.39779 502
48.4179 521
48.43802 513
48.45813 594
48.47825 464
48.49836 545
48.51847 540
48.53859 514
48.5587 529
48.57881 536
48.59893 515
48.61904 536
48.63916 514
48.65927 508
48.67938 559
48.6995 546
48.71961 520
48.73972 495
48.75984 475
48.77995 493
48.80006 522
48.82018 507
48.84029 511
48.86041 488
48.88052 553
48.90063 531
48.92075 528
48.94086 566
48.96097 545
48.98109 489
49.0012 545
49.02132 552
49.04143 521
49.06154 540
49.08166 524
49.10177 529
49.12188 586
49.142 530
49.16211 533
49.18223 542
49.20234 541
49.22245 539
49.24257 509
49.26268 541
49.28279 550
49.30291 533
49.32302 524
49.34313 540
49.36325 528
49.38336 530
49.40348 500
49.42359 525
49.4437 504
49.46382 520
49.48393 502
49.50404 573
49.52416 517
49.54427 502
49.56439 525
49.5845 540
49.60461 508
49.62473 543
49.64484 568
49.66495 510
49.68507 518
49.70518 550
49.7253 535
49.74541 576
49.76552 531
49.78564 539
49.80575 488
49.82586 566
49.84598 549
49.86609 562
49.8862 542
49.90632 572
49.92643 591
49.94655 588
49.96666 604
49.98677 623
50.00689 613
50.027 713
50.04711 693
50.06723 711
50.08734 694
50.10746 654
50.12757 649
50.14768 643
50.1678 648
50.18791 651
50.20802 605
50.22814 608
50.24825 576
50.26837 586
50.28848 563
50.30859 526
50.32871 547
50.34882 522
50.36893 532
50.38905 513
50.40916 531
50.42927 508
50.44939 548
50.4695 522
50.48962 538
50.50973 543
50.52984 558
50.54996 596
50.57007 569
50.59018 548
50.6103 577
50.63041 538
50.65053 563
50.67064 550
50.69075 531
50.71087 565
50.73098 577
50.75109 545
50.77121 554
50.79132 560
50.81143 516
50.83155 585
50.85166 551
50.87178 524
50.89189 568
50.912 576
50.93212 525
50.95223 543
50.97234 543
50.99246 535
51.01257 525
51.03269 494
51.0528 570
51.07291 547
51.09303 510
51.11314 524
51.13325 534
51.15337 570
51.17348 553
51.1936 528
51.21371 532
51.23382 542
51.25394 511
51.27405 543
51.29416 470
51.31428 552
51.33439 522
51.3545 536
51.37462 558
51.39473 530
51.41485 490
51.43496 532
51.45507 546
51.47519 533
51.4953 520
51.51541 490
51.53553 503
51.55564 543
51.57576 500
51.59587 530
51.61598 478
51.6361 472
51.65621 488
51.67632 523
51.69644 495
51.71655 515
51.73667 544
51.75678 550
51.77689 536
51.79701 461
51.81712 517
51.83723 520
51.85735 485
51.87746 491
51.89757 519
51.91769 487
51.9378 474
51.95792 516
51.97803 531
51.99814 490
52.01826 522
52.03837 489
52.05848 514
52.0786 478
52.09871 524
52.11883 506
52.13894 526
52.15905 504
52.17917 508
52.19928 516
52.21939 491
52.23951 511
52.25962 541
52.27974 525
52.29985 538
52.31996 522
52.34008 495
52.36019 548
52.3803 545
52.40042 519
52.42053 497
52.44064 496
52.46076 526
52.48087 535
52.50099 523
52.5211 508
52.54121 513
52.56133 535
52.58144 540
52.60155 532
52.62167 550
52.64178 551
52.6619 529
52.68201 535
52.70212 504
52.72224 547
52.74235 526
52.76246 528
52.78258 502
52.80269 560
52.8228 554
52.84292 565
52.86303 584
52.88315 531
52.90326 571
52.92337 551
52.94349 518
52.9636 583
52.98371 579
53.00383 559
53.02394 565
53.04406 565
53.06417 571
53.08428 569
53.1044 608
53.12451 606
53.14462 611
53.16474 599
53.18485 632
53.20497 629
53.22508 611
53.24519 579
53.26531 587
53.28542 561
53.30553 552
53.32565 606
53.34576 541
53.36587 574
53.38599 618
53.4061 550
53.42622 519
53.44633 530
53.46644 587
53.48656 555
53.50667 577
53.52678 589
53.5469 584
53.56701 540
53.58713 586
53.60724 534
53.62735 565
53.64747 601
53.66758 546
53.68769 590
53.70781 566
53.72792 599
53.74804 543
53.76815 590
53.78826 561
53.80838 550
53.82849 563
53.8486 556
53.86872 564
53.88883 563
53.90894 605
53.92906 592
53.94917 570
53.96929 560
53.9894 570
54.00951 576
54.02963 568
54.04974 576
54.06985 529
54.08997 590
54.11008 593
54.1302 583
54.15031 601
54.17042 555
54.19054 570
54.21065 613
54.23076 623
54.25088 587
54.27099 588
54.29111 596
54.31122 600
54.33133 627
54.35145 538
54.37156 594
54.39167 573
54.41179 580
54.4319 618
54.45201 579
54.47213 560
54.49224 593
54.51236 569
54.53247 556
54.55258 569
54.5727 563
54.59281 567
54.61292 614
54.63304 547
54.65315 591
54.67327 581
54.69338 605
54.71349 596
54.73361 570
54.75372 624
54.77383 606
54.79395 611
54.81406 615
54.83417 624
54.85429 593
54.8744 647
54.89452 587
54.91463 618
54.93474 563
54.95486 631
54.97497 652
54.99508 598
55.0152 557
55.03531 572
55.05543 545
55.07554 551
55.09565 555
55.11577 565
55.13588 509
55.15599 602
55.17611 613
55.19622 599
55.21634 562
55.23645 601
55.25656 538
55.27668 566
55.29679 546
55.3169 562
55.33702 592
55.35713 530
55.37724 550
55.39736 575
55.41747 584
55.43759 586
55.4577 558
55.47781 537
55.49793 495
55.51804 571
55.53815 518
55.55827 541
55.57838 535
55.5985 548
55.61861 583
55.63872 535
55.65884 551
55.67895 551
55.69906 591
55.71918 555
55.73929 543
55.75941 569
55.77952 562
55.79963 563
55.81975 558
55.83986 589
55.85997 512
55.88009 529
55.9002 518
55.92031 556
55.94043 523
55.96054 554
55.98066 525
56.00077 565
56.02088 538
56.041 498
56.06111 582
56.08122 522
56.10134 527
56.12145 565
56.14157 555
56.16168 552
56.18179 561
56.20191 545
56.22202 562
56.24213 550
56.26225 573
56.28236 527
56.30248 565
56.32259 547
56.3427 545
56.36282 572
56.38293 530
56.40304 597
56.42316 567
56.44327 609
56.46338 582
56.4835 644
56.50361 623
56.52373 700
56.54384 646
56.56395 661
56.58407 664
56.60418 697
56.62429 713
56.64441 706
56.66452 694
56.68464 696
56.70475 651
56.72486 658
56.74498 675
56.76509 671
56.7852 659
56.80532 636
56.82543 631
56.84554 625
56.86566 612
56.88577 628
56.90589 634
56.926 548
56.94611 583
56.96623 639
56.98634 527
57.00645 628
57.02657 616
57.04668 561
57.0668 534
57.08691 587
57.10702 535
57.12714 594
57.14725 557
57.16736 545
57.18748 550
57.20759 540
57.22771 573
57.24782 528
57.26793 562
57.28805 577
57.30816 514
57.32827 562
57.34839 545
57.3685 548
57.38861 545
57.40873 511
57.42884 567
57.44896 536
57.46907 537
57.48918 509
57.5093 551
57.52941 488
57.54952 535
57.56964 519
57.58975 537
57.60987 526
57.62998 525
57.65009 559
57.67021 497
57.69032 526
57.71043 504
57.73055 537
57.75066 509
57.77078 519
57.79089 495
57.811 513
57.83112 502
57.85123 537
57.87134 514
57.89146 512
57.91157 540
57.93168 511
57.9518 522
57.97191 521
57.99203 483
58.01214 525
58.03225 506
58.05237 483
58.07248 541
58.09259 493
58.11271 517
58.13282 506
58.15294 515
58.17305 501
58.19316 511
58.21328 489
58.23339 549
58.2535 485
58.27362 565
58.29373 509
58.31385 513
58.33396 504
58.35407 505
58.37419 483
58.3943 530
58.41441 500
58.43453 523
58.45464 494
58.47475 491
58.49487 508
58.51498 558
58.5351 507
58.55521 543
58.57532 501
58.59544 524
58.61555 477
58.63566 544
58.65578 507
58.67589 486
58.69601 463
58.71612 488
58.73623 515
58.75635 502
58.77646 526
58.79657 505
58.81669 526
58.8368 452
58.85691 519
58.87703 541
58.89714 513
58.91726 507
58.93737 546
58.95748 499
58.9776 565
58.99771 488
59.01782 480
59.03794 486
59.05805 496
59.07817 512
59.09828 502
59.11839 481
59.13851 496
59.15862 519
59.17873 507
59.19885 511
59.21896 504
59.23908 489
59.25919 527
59.2793 498
59.29942 529
59.31953 486
59.33964 490
59.35976 545
59.37987 512
59.39998 464
59.4201 524
59.44021 514
59.46033 499
59.48044 480
59.50055 492
59.52067 516
59.54078 492
59.56089 517
59.58101 512
59.60112 504
59.62124 509
59.64135 496
59.66146 500
59.68158 464
59.70169 535
59.7218 515
59.74192 549
59.76203 513
59.78215 533
59.80226 564
59.82237 581
59.84249 602
59.8626 578
59.88271 572
59.90283 638
59.92294 586
59.94305 557
59.96317 563
59.98328 597
60.0034 573
60.02351 561
60.04362 538
60.06374 564
60.08385 539
60.10396 564
60.12408 538
60.14419 535
60.16431 555
60.18442 568
60.20453 542
60.22465 541
60.24476 477
60.26487 537
60.28499 522
60.3051 518
60.32522 549
60.34533 534
60.36544 527
60.38556 520
60.40567 534
60.42578 533
60.4459 513
60.46601 507
60.48612 480
60.50624 555
60.52635 507
60.54647 486
60.56658 509
60.58669 507
60.60681 516
60.62692 506
60.64703 542
60.66715 504
60.68726 519
60.70738 525
60.72749 584
60.7476 516
60.76772 548
60.78783 527
60.80794 520
60.82806 514
60.84817 536
60.86828 547
60.8884 482
60.90851 529
60.92863 477
60.94874 524
60.96885 524
60.98897 514
61.00908 537
61.02919 500
61.04931 471
61.06942 580
61.08954 522
61.10965 499
61.12976 486
61.14988 550
61.16999 516
61.1901 484
61.21022 527
61.23033 512
61.25045 543
61.27056 523
61.29067 556
61.31079 539
61.3309 486
61.35101 532
61.37113 492
61.39124 525
61.41135 532
61.43147 515
61.45158 521
61.4717 512
61.49181 536
61.51192 474
61.53204 526
61.55215 548
61.57226 547
61.59238 518
61.61249 513
61.63261 567
61.65272 561
61.67283 556
61.69295 546
61.71306 534
61.73317 537
61.75329 561
61.7734 564
61.79352 594
61.81363 573
61.83374 603
61.85386 557
61.87397 588
61.89408 593
61.9142 555
61.93431 661
61.95442 631
61.97454 684
61.99465 639
62.01477 707
62.03488 697
62.05499 720
62.07511 731
62.09522 727
62.11533 761
62.13545 737
62.15556 781
62.17568 738
62.19579 773
62.2159 794
62.23602 770
62.25613 771
62.27624 722
62.29636 804
62.31647 736
62.33659 763
62.3567 779
62.37681 672
62.39693 708
62.41704 728
62.43715 677
62.45727 695
62.47738 672
62.49749 589
62.51761 671
62.53772 698
62.55784 631
62.57795 653
62.59806 632
62.61818 596
62.63829 624
62.6584 559
62.67852 665
62.69863 591
62.71875 629
62.73886 575
62.75897 545
62.77909 583
62.7992 596
62.81931 596
62.83943 559
62.85954 560
62.87965 552
62.89977 532
62.91988 580
62.94 556
62.96011 549
62.98022 583
63.00034 570
63.02045 559
63.04056 548
63.06068 568
63.08079 559
63.10091 539
63.12102 508
63.14113 517
63.16125 552
63.18136 536
63.20147 532
63.22159 549
63.2417 534
63.26182 566
63.28193 556
63.30204 516
63.32216 529
63.34227 528
63.36238 564
63.3825 531
63.40261 526
63.42272 535
63.44284 519
63.46295 478
63.48307 500
63.50318 517
63.52329 528
63.54341 529
63.56352 505
63.58363 570
63.60375 500
63.62386 533
63.64398 567
63.66409 535
63.6842 555
63.70432 513
63.72443 577
63.74454 528
63.76466 559
63.78477 589
63.80489 582
63.825 547
63.84511 560
63.86523 529
63.88534 503
63.90545 556
63.92557 552
63.94568 559
63.96579 531
63.98591 532
64.00602 535
64.02614 537
64.04625 556
64.06636 517
64.08648 512
64.10659 590
64.1267 533
64.14682 537
64.16693 530
64.18705 513
64.20716 512
64.22727 514
64.24739 552
64.2675 492
64.28761 507
64.30773 498
64.32784 499
64.34796 496
64.36807 525
64.38818 569
64.4083 504
64.42841 531
64.44852 524
64.46864 532
64.48875 509
64.50886 504
64.52898 508
64.54909 548
64.56921 524
64.58932 464
64.60943 478
64.62955 464
64.64966 494
64.66977 472
64.68989 492
64.71 498
64.73012 532
64.75023 515
64.77034 511
64.79046 490
64.81057 510
64.83068 469
64.8508 473
64.87091 511
64.89102 507
64.91114 500
64.93125 518
64.95137 509
64.97148 490
64.99159 496
65.01171 505
65.03182 468
65.05193 516
65.07205 520
65.09216 466
65.11228 527
65.13239 529
65.1525 492
65.17262 480
65.19273 511
65.21284 465
65.23296 483
65.25307 533
65.27319 463
65.2933 532
65.31341 497
65.33353 493
65.35364 461
65.37375 502
65.39387 508
65.41398 515
65.43409 481
65.45421 481
65.47432 501
65.49444 450
65.51455 514
65.53466 541
65.55478 469
65.57489 494
65.595 518
65.61512 493
65.63523 505
65.65535 512
65.67546 494
65.69557 478
65.71569 490
65.7358 498
65.75591 487
65.77603 507
65.79614 457
65.81626 476
65.83637 470
65.85648 530
65.8766 522
65.89671 485
65.91682 472
65.93694 460
65.95705 501
65.97716 437
65.99728 438
66.01739 529
66.03751 492
66.05762 473
66.07773 500
66.09785 476
66.11796 487
66.13807 513
66.15819 518
66.1783 526
66.19842 456
66.21853 497
66.23864 494
66.25876 462
66.27887 492
66.29898 482
66.3191 454
66.33921 441
66.35933 466
66.37944 496
66.39955 466
66.41967 485
66.43978 477
66.45989 490
66.48001 461
66.50012 454
66.52023 470
66.54035 461
66.56046 496
66.58058 472
66.60069 433
66.6208 457
66.64092 481
66.66103 476
66.68114 459
66.70126 481
66.72137 506
66.74149 494
66.7616 441
66.78171 490
66.80183 469
66.82194 484
66.84205 474
66.86217 495
66.88228 469
66.90239 485
66.92251 492
66.94262 476
66.96274 484
66.98285 486
67.00296 466
67.02308 470
67.04319 466
67.0633 472
67.08342 494
67.10353 495
67.12365 512
67.14376 458
67.16387 440
67.18399 472
67.2041 468
67.22421 492
67.24433 475
67.26444 474
67.28456 491
67.30467 471
67.32478 459
67.3449 495
67.36501 470
67.38512 491
67.40524 486
67.42535 458
67.44546 454
67.46558 461
67.48569 505
67.50581 499
67.52592 481
67.54603 492
67.56615 488
67.58626 501
67.60637 503
67.62649 560
67.6466 522
67.66672 545
67.68683 558
67.70694 520
67.72706 544
67.74717 516
67.76728 555
67.7874 538
67.80751 508
67.82763 519
67.84774 544
67.86785 553
67.88797 511
67.90808 532
67.92819 508
67.94831 542
67.96842 497
67.98853 540
68.00865 545
68.02876 546
68.04888 524
68.06899 531
68.0891 588
68.10922 559
68.12933 533
68.14944 582
68.16956 532
68.18967 540
68.20979 527
68.2299 524
68.25001 549
68.27013 581
68.29024 572
68.31035 528
68.33047 521
68.35058 520
68.3707 505
68.39081 484
68.41092 494
68.43104 485
68.45115 478
68.47126 476
68.49138 473
68.51149 495
68.5316 512
68.55172 459
68.57183 465
68.59195 490
68.61206 480
68.63217 420
68.65229 468
68.6724 479
68.69251 481
68.71263 480
68.73274 437
68.75286 497
68.77297 479
68.79308 459
68.8132 453
68.83331 442
68.85342 459
68.87354 469
68.89365 474
68.91376 464
68.93388 460
68.95399 476
68.97411 473
68.99422 457
69.01433 471
69.03445 454
69.05456 474
69.07467 516
69.09479 456
69.1149 449
69.13502 503
69.15513 466
69.17524 478
69.19536 461
69.21547 474
69.23558 471
69.2557 482
69.27581 496
69.29593 449
69.31604 486
69.33615 462
69.35627 482
69.37638 485
69.39649 466
69.41661 448
69.43672 462
69.45683 441
69.47695 421
69.49706 459
69.51718 483
69.53729 438
69.5574 458
69.57752 465
69.59763 460
69.61774 467
69.63786 428
69.65797 479
69.67809 485
69.6982 438
69.71831 472
69.73843 484
69.75854 482
69.77865 460
69.79877 439
69.81888 436
69.839 469
69.85911 451
69.87922 443
69.89934 511
69.91945 448
69.93956 444
69.95968 492
69.97979 446
69.9999 436
70.02002 451
70.04013 435
70.06025 464
70.08036 454
70.10047 478
70.12059 431
70.1407 469
70.16081 464
70.18093 435
70.20104 434
70.22116 453
70.24127 454
70.26138 495
70.2815 453
70.30161 474
70.32172 480
70.34184 483
70.36195 450
70.38207 456
70.40218 463
70.42229 486
70.44241 466
70.46252 443
70.48263 457
70.50275 491
70.52286 456
70.54297 466
70.56309 487
70.5832 506
70.60332 470
70.62343 464
70.64354 472
70.66366 474
70.68377 469
70.70388 487
70.724 456
70.74411 458
70.76423 467
70.78434 452
70.80445 475
70.82457 480
70.84468 474
70.86479 458
70.88491 441
70.90502 482
70.92513 504
70.94525 475
70.96536 424
70.98548 445
71.00559 459
71.0257 469
71.04582 464
71.06593 491
71.08604 453
71.10616 432
71.12627 450
71.14639 430
71.1665 453
71.18661 465
71.20673 454
71.22684 452
71.24695 425
71.26707 451
71.28718 463
71.3073 448
71.32741 429
71.34752 469
71.36764 445
71.38775 454
71.40786 472
71.42798 459
71.44809 461
71.4682 474
71.48832 448
71.50843 443
71.52855 461
71.54866 440
71.56877 429
71.58889 460
71.609 442
71.62911 419
71.64923 402
71.66934 491
71.68946 475
71.70957 498
71.72968 463
71.7498 457
71.76991 484
71.79002 434
71.81014 432
71.83025 476
71.85037 423
71.87048 478
71.89059 466
71.91071 469
71.93082 454
71.95093 473
71.97105 450
71.99116 469
72.01127 466
72.03139 414
72.0515 444
72.07162 467
72.09173 453
72.11184 454
72.13196 461
72.15207 439
72.17218 442
72.1923 445
72.21241 466
72.23253 458
72.25264 451
72.27275 444
72.29287 429
72.31298 472
72.33309 476
72.35321 449
72.37332 432
72.39344 446
72.41355 474
72.43366 472
72.45378 421
72.47389 441
72.494 461
72.51412 448
72.53423 478
72.55434 448
72.57446 454
72.59457 437
72.61469 406
72.6348 471
72.65491 431
72.67503 475
72.69514 456
72.71525 438
72.73537 473
72.75548 483
72.7756 460
72.79571 450
72.81582 456
72.83594 453
72.85605 456
72.87616 446
72.89628 461
72.91639 467
72.9365 465
72.95662 466
72.97673 426
72.99685 443
73.01696 471
73.03707 478
73.05719 417
73.0773 460
73.09741 481
73.11753 464
73.13764 435
73.15776 443
73.17787 478
73.19798 479
73.2181 464
73.23821 460
73.25832 493
73.27844 480
73.29855 452
73.31867 480
73.33878 476
73.35889 517
73.37901 488
73.39912 491
73.41923 519
73.43935 483
73.45946 534
73.47957 502
73.49969 489
73.5198 504
73.53992 447
73.56003 450
73.58014 516
73.60026 488
73.62037 495
73.64048 495
73.6606 467
73.68071 494
73.70083 489
73.72094 533
73.74105 479
73.76117 472
73.78128 459
73.80139 493
73.82151 451
73.84162 487
73.86174 507
73.88185 446
73.90196 521
73.92208 484
73.94219 459
73.9623 445
73.98242 443
74.00253 479
74.02264 423
74.04276 452
74.06287 483
74.08299 477
74.1031 473
74.12321 484
74.14333 467
74.16344 490
74.18355 446
74.20367 446
74.22378 477
74.2439 478
74.26401 457
74.28412 469
74.30424 470
74.32435 490
74.34446 424
74.36458 453
74.38469 494
74.40481 506
74.42492 443
74.44503 436
74.46515 446
74.48526 487
74.50537 464
74.52549 477
74.5456 453
74.56571 444
74.58583 451
74.60594 466
74.62606 512
74.64617 445
74.66628 449
74.6864 442
74.70651 457
74.72662 444
74.74674 432
74.76685 459
74.78697 455
74.80708 465
74.82719 442
74.84731 428
74.86742 436
74.88753 461
74.90765 446
74.92776 428
74.94787 463
74.96799 493
74.9881 441
75.00822 445
