3.00117 16423
3.02128 15551
3.0414 15648
3.06151 14848
3.08162 14131
3.10174 13997
3.12185 13406
3.14197 13238
3.16208 12708
3.18219 12371
3.20231 12165
3.22242 11437
3.24253 11338
3.26265 10803
3.28276 10414
3.30288 10018
3.32299 9698
3.3431 9422
3.36322 9034
3.38333 8647
3.40344 8550
3.42356 7978
3.44367 7968
3.46379 7438
3.4839 7309
3.50401 7229
3.52413 6645
3.54424 6664
3.56435 6188
3.58447 6086
3.60458 5742
3.62469 5371
3.64481 5375
3.66492 5136
3.68504 4839
3.70515 4736
3.72526 4354
3.74538 4405
3.76549 4176
3.7856 3863
3.80572 3878
3.82583 3459
3.84595 3395
3.86606 3276
3.88617 3263
3.90629 3258
3.9264 2679
3.94651 2695
3.96663 2580
3.98674 2469
4.00686 2568
4.02697 2234
4.04708 2234
4.0672 2190
4.08731 2039
4.10742 2073
4.12754 1778
4.14765 1849
4.16776 1801
4.18788 1717
4.20799 1784
4.22811 1672
4.24822 1581
4.26833 1680
4.28845 1586
4.30856 1611
4.32867 1341
4.34879 1488
4.3689 1518
4.38902 1384
4.40913 1374
4.42924 1313
4.44936 1280
4.46947 1201
4.48958 1165
4.5097 1204
4.52981 1110
4.54992 1109
4.57004 1081
4.59015 1057
4.61027 1130
4.63038 883
4.65049 939
4.67061 952
4.69072 893
4.71083 981
4.73095 935
4.75106 886
4.77118 901
4.79129 885
4.8114 893
4.83152 844
4.85163 867
4.87174 816
4.89186 780
4.91197 795
4.93209 697
4.9522 664
4.97231 703
4.99243 700
5.01254 644
5.03265 686
5.05277 649
5.07288 685
5.09299 579
5.11311 600
5.13322 556
5.15334 565
5.17345 592
5.19356 558
5.21368 520
5.23379 545
5.2539 496
5.27402 522
5.29413 508
5.31425 464
5.33436 532
5.35447 487
5.37459 482
5.3947 465
5.41481 461
5.43493 479
5.45504 397
5.47516 430
5.49527 409
5.51538 361
5.5355 405
5.55561 408
5.57572 413
5.59584 416
5.61595 353
5.63606 371
5.65618 379
5.67629 361
5.69641 336
5.71652 320
5.73663 342
5.75675 361
5.77686 367
5.79697 321
5.81709 336
5.8372 310
5.85732 377
5.87743 316
5.89754 348
5.91766 324
5.93777 334
5.95788 349
5.978 323
5.99811 326
6.01823 300
6.03834 308
6.05845 354
6.07857 306
6.09868 303
6.11879 326
6.13891 327
6.15902 317
6.17913 281
6.19925 307
6.21936 297
6.23948 290
6.25959 266
6.2797 305
6.29982 279
6.31993 321
6.34004 305
6.36016 264
6.38027 300
6.40039 282
6.4205 309
6.44061 290
6.46073 265
6.48084 284
6.50095 307
6.52107 255
6.54118 274
6.56129 264
6.58141 313
6.60152 272
6.62164 259
6.64175 272
6.66186 254
6.68198 284
6.70209 300
6.7222 290
6.74232 262
6.76243 268
6.78255 264
6.80266 240
6.82277 278
6.84289 264
6.863 285
6.88311 254
6.90323 263
6.92334 240
6.94346 292
6.96357 269
6.98368 275
7.0038 241
7.02391 275
7.04402 244
7.06414 287
7.08425 290
7.10436 287
7.12448 252
7.14459 251
7.16471 230
7.18482 255
7.20493 285
7.22505 257
7.24516 236
7.26527 286
7.28539 270
7.3055 240
7.32562 259
7.34573 272
7.36584 272
7.38596 256
7.40607 266
7.42618 213
7.4463 257
7.46641 248
7.48653 253
7.50664 228
7.52675 234
7.54687 302
7.56698 283
7.58709 256
7.60721 257
7.62732 295
7.64743 248
7.66755 235
7.68766 258
7.70778 253
7.72789 289
7.748 246
7.76812 278
7.78823 262
7.80834 275
7.82846 246
7.84857 281
7.86869 237
7.8888 278
7.90891 256
7.92903 303
7.94914 244
7.96925 249
7.98937 246
8.00948 258
8.0296 253
8.04971 267
8.06982 230
8.08994 289
8.11005 281
8.13016 301
8.15028 277
8.17039 289
8.1905 243
8.21062 254
8.23073 251
8.25085 258
8.27096 241
8.29107 276
8.31119 280
8.3313 266
8.35141 261
8.37153 323
8.39164 288
8.41176 259
8.43187 284
8.45198 293
8.4721 266
8.49221 285
8.51232 269
8.53244 298
8.55255 271
8.57266 275
8.59278 294
8.61289 282
8.63301 290
8.65312 274
8.67323 285
8.69335 289
8.71346 278
8.73357 281
8.75369 292
8.7738 292
8.79392 320
8.81403 291
8.83414 272
8.85426 289
8.87437 256
8.89448 329
8.9146 303
8.93471 277
8.95483 272
8.97494 315
8.99505 289
9.01517 254
9.03528 269
9.05539 283
9.07551 254
9.09562 286
9.11573 285
9.13585 245
9.15596 291
9.17608 256
9.19619 272
9.2163 242
9.23642 266
9.25653 265
9.27664 286
9.29676 272
9.31687 301
9.33699 287
9.3571 286
9.37721 286
9.39733 295
9.41744 280
9.43755 254
9.45767 285
9.47778 225
9.4979 311
9.51801 254
9.53812 283
9.55824 287
9.57835 266
9.59846 266
9.61858 265
9.63869 249
9.6588 274
9.67892 263
9.69903 255
9.71915 275
9.73926 244
9.75937 260
9.77949 286
9.7996 273
9.81971 283
9.83983 256
9.85994 278
9.88006 255
9.90017 267
9.92028 289
9.9404 268
9.96051 289
9.98062 297
10.00074 281
10.02085 282
10.04097 283
10.06108 250
10.08119 280
10.10131 276
10.12142 266
10.14153 278
10.16165 275
10.18176 264
10.20187 283
10.22199 248
10.2421 242
10.26222 275
10.28233 281
10.30244 306
10.32256 296
10.34267 292
10.36278 288
10.3829 265
10.40301 269
10.42313 284
10.44324 287
10.46335 307
10.48347 294
10.50358 272
10.52369 272
10.54381 294
10.56392 286
10.58403 246
10.60415 262
10.62426 269
10.64438 292
10.66449 297
10.6846 277
10.70472 253
10.72483 259
10.74494 288
10.76506 267
10.78517 282
10.80529 257
10.8254 299
10.84551 294
10.86563 287
10.88574 284
10.90585 280
10.92597 287
10.94608 297
10.9662 285
10.98631 293
11.00642 274
11.02654 295
11.04665 306
11.06676 295
11.08688 280
11.10699 310
11.1271 318
11.14722 298
11.16733 255
11.18745 273
11.20756 308
11.22767 308
11.24779 300
11.2679 325
11.28801 318
11.30813 281
11.32824 336
11.34836 313
11.36847 331
11.38858 306
11.4087 303
11.42881 313
11.44892 322
11.46904 325
11.48915 333
11.50927 326
11.52938 360
11.54949 350
11.56961 385
11.58972 344
11.60983 397
11.62995 376
11.65006 350
11.67017 360
11.69029 354
11.7104 356
11.73052 347
11.75063 363
11.77074 393
11.79086 367
11.81097 358
11.83108 416
11.8512 443
11.87131 367
11.89143 390
11.91154 404
11.93165 389
11.95177 420
11.97188 420
11.99199 444
12.01211 369
12.03222 434
12.05234 422
12.07245 413
12.09256 477
12.11268 414
12.13279 451
12.1529 430
12.17302 398
12.19313 436
12.21324 392
12.23336 434
12.25347 407
12.27359 427
12.2937 399
12.31381 393
12.33393 419
12.35404 397
12.37415 436
12.39427 358
12.41438 343
12.4345 386
12.45461 364
12.47472 357
12.49484 352
12.51495 356
12.53506 349
12.55518 314
12.57529 307
12.5954 335
12.61552 320
12.63563 340
12.65575 337
12.67586 331
12.69597 303
12.71609 341
12.7362 293
12.75631 298
12.77643 301
12.79654 306
12.81666 308
12.83677 280
12.85688 305
12.877 306
12.89711 282
12.91722 250
12.93734 269
12.95745 274
12.97757 267
12.99768 292
13.01779 267
13.03791 262
13.05802 234
13.07813 282
13.09825 255
13.11836 253
13.13847 267
13.15859 257
13.1787 248
13.19882 271
13.21893 274
13.23904 234
13.25916 259
13.27927 256
13.29938 244
13.3195 302
13.33961 248
13.35973 276
13.37984 274
13.39995 233
13.42007 235
13.44018 256
13.46029 280
13.48041 229
13.50052 245
13.52064 251
13.54075 266
13.56086 247
13.58098 259
13.60109 295
13.6212 291
13.64132 279
13.66143 276
13.68154 243
13.70166 270
13.72177 217
13.74189 270
13.762 220
13.78211 242
13.80223 264
13.82234 222
13.84245 258
13.86257 262
13.88268 248
13.9028 238
13.92291 239
13.94302 244
13.96314 225
13.98325 227
14.00336 227
14.02348 246
14.04359 190
14.06371 241
14.08382 246
14.10393 224
14.12405 224
14.14416 221
14.16427 211
14.18439 207
14.2045 244
14.22461 212
14.24473 217
14.26484 227
14.28496 239
14.30507 198
14.32518 204
14.3453 212
14.36541 220
14.38552 212
14.40564 213
14.42575 192
14.44587 234
14.46598 206
14.48609 230
14.50621 223
14.52632 195
14.54643 222
14.56655 200
14.58666 220
14.60677 236
14.62689 190
14.647 212
14.66712 237
14.68723 185
14.70734 193
14.72746 214
14.74757 210
14.76768 224
14.7878 234
14.80791 228
14.82803 237
14.84814 217
14.86825 224
14.88837 210
14.90848 239
14.92859 218
14.94871 228
14.96882 212
14.98894 235
15.00905 259
15.02916 213
15.04928 255
15.06939 222
15.0895 244
15.10962 212
15.12973 242
15.14984 230
15.16996 234
15.19007 205
15.21019 223
15.2303 211
15.25041 205
15.27053 215
15.29064 184
15.31075 208
15.33087 188
15.35098 231
15.3711 206
15.39121 209
15.41132 223
15.43144 214
15.45155 183
15.47166 195
15.49178 199
15.51189 201
15.53201 213
15.55212 173
15.57223 187
15.59235 190
15.61246 230
15.63257 208
15.65269 191
15.6728 201
15.69291 199
15.71303 207
15.73314 210
15.75326 191
15.77337 213
15.79348 225
15.8136 231
15.83371 228
15.85382 194
15.87394 210
15.89405 191
15.91417 170
15.93428 213
15.95439 204
15.97451 200
15.99462 212
16.01473 223
16.03485 201
16.05496 209
16.07508 179
16.09519 213
16.1153 207
16.13542 198
16.15553 192
16.17564 192
16.19576 206
16.21587 202
16.23598 195
16.2561 230
16.27621 192
16.29633 182
16.31644 194
16.33655 192
16.35667 209
16.37678 186
16.39689 179
16.41701 188
16.43712 217
16.45724 172
16.47735 199
16.49746 201
16.51758 187
16.53769 175
16.5578 203
16.57792 201
16.59803 197
16.61814 168
16.63826 199
16.65837 191
16.67849 232
16.6986 179
16.71871 209
16.73883 212
16.75894 205
16.77905 207
16.79917 210
16.81928 225
16.8394 208
16.85951 173
16.87962 212
16.89974 191
16.91985 226
16.93996 213
16.96008 210
16.98019 227
17.00031 189
17.02042 224
17.04053 195
17.06065 207
17.08076 180
17.10087 204
17.12099 229
17.1411 198
17.16121 206
17.18133 205
17.20144 216
17.22156 193
17.24167 182
17.26178 186
17.2819 200
17.30201 211
17.32212 204
17.34224 209
17.36235 219
17.38247 196
17.40258 202
17.42269 191
17.44281 199
17.46292 222
17.48303 244
17.50315 195
17.52326 198
17.54338 167
17.56349 221
17.5836 199
17.60372 219
17.62383 182
17.64394 201
17.66406 201
17.68417 196
17.70428 186
17.7244 205
17.74451 193
17.76463 222
17.78474 173
17.80485 213
17.82497 211
17.84508 212
17.86519 204
17.88531 210
17.90542 220
17.92554 219
17.94565 203
17.96576 212
17.98588 212
18.00599 229
18.0261 200
18.04622 199
18.06633 221
18.08645 214
18.10656 194
18.12667 180
18.14679 224
18.1669 209
18.18701 202
18.20713 205
18.22724 198
18.24735 184
18.26747 216
18.28758 200
18.3077 191
18.32781 193
18.34792 194
18.36804 213
18.38815 217
18.40826 204
18.42838 226
18.44849 211
18.46861 175
18.48872 189
18.50883 205
18.52895 206
18.54906 198
18.56917 194
18.58929 241
18.6094 196
18.62951 194
18.64963 200
18.66974 226
18.68986 232
18.70997 215
18.73008 240
18.7502 218
18.77031 215
18.79042 222
18.81054 234
18.83065 224
18.85077 193
18.87088 233
18.89099 235
18.91111 237
18.93122 202
18.95133 211
18.97145 227
18.99156 198
19.01168 202
19.03179 211
19.0519 220
19.07202 242
19.09213 233
19.11224 232
19.13236 234
19.15247 210
19.17258 230
19.1927 222
19.21281 234
19.23293 264
19.25304 235
19.27315 251
19.29327 222
19.31338 254
19.33349 258
19.35361 245
19.37372 220
19.39384 254
19.41395 258
19.43406 275
19.45418 258
19.47429 252
19.4944 264
19.51452 273
19.53463 288
19.55475 293
19.57486 309
19.59497 320
19.61509 315
19.6352 344
19.65531 371
19.67543 418
19.69554 483
19.71565 480
19.73577 501
19.75588 490
19.776 557
19.79611 553
19.81622 555
19.83634 565
19.85645 576
19.87656 559
19.89668 579
19.91679 593
19.93691 548
19.95702 586
19.97713 597
19.99725 539
20.01736 570
20.03747 575
20.05759 504
20.0777 552
20.09782 579
20.11793 491
20.13804 554
20.15816 525
20.17827 534
20.19838 545
20.2185 554
20.23861 498
20.25872 545
20.27884 495
20.29895 526
20.31907 504
20.33918 550
20.35929 536
20.37941 535
20.39952 554
20.41963 542
20.43975 557
20.45986 544
20.47998 578
20.50009 598
20.5202 546
20.54032 560
20.56043 671
20.58054 769
20.60066 755
20.62077 911
20.64088 1026
20.661 1398
20.68111 1706
20.70123 2201
20.72134 2705
20.74145 3450
20.76157 4296
20.78168 4530
20.80179 4991
20.82191 4971
20.84202 4498
20.86214 3581
20.88225 2806
20.90236 1973
20.92248 1468
20.94259 1124
20.9627 852
20.98282 815
21.00293 728
21.02305 721
21.04316 671
21.06327 594
21.08339 566
21.1035 520
21.12361 492
21.14373 525
21.16384 487
21.18395 528
21.20407 451
21.22418 451
21.2443 428
21.26441 417
21.28452 429
21.30464 441
21.32475 413
21.34486 444
21.36498 436
21.38509 437
21.40521 413
21.42532 446
21.44543 390
21.46555 411
21.48566 354
21.50577 386
21.52589 417
21.546 358
21.56612 377
21.58623 398
21.60634 375
21.62646 377
21.64657 361
21.66668 357
21.6868 381
21.70691 353
21.72702 367
21.74714 364
21.76725 367
21.78737 359
21.80748 362
21.82759 410
21.84771 420
21.86782 382
21.88793 445
21.90805 455
21.92816 442
21.94828 420
21.96839 424
21.9885 402
22.00862 427
22.02873 399
22.04884 363
22.06896 375
22.08907 327
22.10919 351
22.1293 355
22.14941 356
22.16953 348
22.18964 340
22.20975 351
22.22987 348
22.24998 373
22.27009 355
22.29021 357
22.31032 310
22.33044 344
22.35055 353
22.37066 349
22.39078 336
22.41089 345
22.431 339
22.45112 334
22.47123 334
22.49135 331
22.51146 357
22.53157 318
22.55169 343
22.5718 326
22.59191 301
22.61203 331
22.63214 345
22.65225 292
22.67237 323
22.69248 295
22.7126 314
22.73271 320
22.75282 317
22.77294 306
22.79305 316
22.81316 290
22.83328 282
22.85339 298
22.87351 324
22.89362 311
22.91373 318
22.93385 325
22.95396 326
22.97407 308
22.99419 309
23.0143 303
23.03442 330
23.05453 353
23.07464 311
23.09476 350
23.11487 350
23.13498 350
23.1551 377
23.17521 365
23.19532 380
23.21544 323
23.23555 343
23.25567 353
23.27578 326
23.29589 328
23.31601 344
23.33612 347
23.35623 333
23.37635 340
23.39646 335
23.41658 324
23.43669 325
23.4568 352
23.47692 325
23.49703 366
23.51714 355
23.53726 351
23.55737 396
23.57749 367
23.5976 360
23.61771 363
23.63783 352
23.65794 343
23.67805 318
23.69817 358
23.71828 394
23.73839 357
23.75851 352
23.77862 376
23.79874 338
23.81885 381
23.83896 394
23.85908 419
23.87919 394
23.8993 399
23.91942 420
23.93953 425
23.95965 425
23.97976 456
23.99987 390
24.01999 423
24.0401 381
24.06021 352
24.08033 394
24.10044 351
24.12056 347
24.14067 372
24.16078 362
24.1809 351
24.20101 374
24.22112 386
24.24124 385
24.26135 397
24.28146 411
24.30158 393
24.32169 394
24.34181 349
24.36192 376
24.38203 370
24.40215 370
24.42226 358
24.44237 412
24.46249 387
24.4826 399
24.50272 387
24.52283 366
24.54294 383
24.56306 385
24.58317 391
24.60328 371
24.6234 428
24.64351 421
24.66362 419
24.68374 410
24.70385 425
24.72397 409
24.74408 427
24.76419 444
24.78431 407
24.80442 470
24.82453 405
24.84465 462
24.86476 467
24.88488 428
24.90499 454
24.9251 468
24.94522 430
24.96533 452
24.98544 501
25.00556 447
25.02567 451
25.04579 421
25.0659 423
25.08601 461
25.10613 426
25.12624 505
25.14635 453
25.16647 407
25.18658 446
25.20669 450
25.22681 424
25.24692 461
25.26704 448
25.28715 442
25.30726 388
25.32738 415
25.34749 432
25.3676 437
25.38772 449
25.40783 452
25.42795 442
25.44806 428
25.46817 538
25.48829 455
25.5084 488
25.52851 460
25.54863 469
25.56874 494
25.58886 469
25.60897 470
25.62908 513
25.6492 452
25.66931 488
25.68942 466
25.70954 481
25.72965 464
25.74976 468
25.76988 475
25.78999 445
25.81011 491
25.83022 517
25.85033 489
25.87045 511
25.89056 485
25.91067 524
25.93079 462
25.9509 483
25.97102 517
25.99113 540
26.01124 490
26.03136 586
26.05147 605
26.07158 557
26.0917 621
26.11181 699
26.13193 674
26.15204 682
26.17215 779
26.19227 826
26.21238 889
26.23249 970
26.25261 1127
26.27272 1156
26.29283 1414
26.31295 1497
26.33306 1767
26.35318 2168
26.37329 2598
26.3934 3234
26.41352 4242
26.43363 5268
26.45374 7101
26.47386 9245
26.49397 11841
26.51409 14873
26.5342 17903
26.55431 20423
26.57443 21523
26.59454 21287
26.61465 19385
26.63477 16738
26.65488 12547
26.67499 9445
26.69511 6681
26.71522 4487
26.73534 2963
26.75545 2042
26.77556 1596
26.79568 1338
26.81579 1130
26.8359 1112
26.85602 975
26.87613 925
26.89625 876
26.91636 840
26.93647 812
26.95659 778
26.9767 728
26.99681 722
27.01693 729
27.03704 676
27.05716 639
27.07727 599
27.09738 598
27.1175 584
27.13761 560
27.15772 529
27.17784 521
27.19795 536
27.21806 462
27.23818 548
27.25829 495
27.27841 525
27.29852 537
27.31863 602
27.33875 612
27.35886 635
27.37897 693
27.39909 662
27.4192 659
27.43932 684
27.45943 616
27.47954 610
27.49966 570
27.51977 551
27.53988 507
27.56 449
27.58011 437
27.60023 456
27.62034 436
27.64045 492
27.66057 467
27.68068 446
27.70079 468
27.72091 456
27.74102 472
27.76113 514
27.78125 509
27.80136 485
27.82148 461
27.84159 484
27.8617 455
27.88182 500
27.90193 465
27.92204 441
27.94216 466
27.96227 427
27.98239 417
28.0025 410
28.02261 348
28.04273 355
28.06284 380
28.08295 319
28.10307 308
28.12318 278
28.1433 305
28.16341 352
28.18352 346
28.20364 324
28.22375 349
28.24386 339
28.26398 314
28.28409 351
28.3042 302
28.32432 334
28.34443 324
28.36455 331
28.38466 310
28.40477 279
28.42489 296
28.445 271
28.46511 295
28.48523 276
28.50534 256
28.52546 290
28.54557 277
28.56568 260
28.5858 299
28.60591 264
28.62602 280
28.64614 301
28.66625 251
28.68636 253
28.70648 281
28.72659 270
28.74671 251
28.76682 280
28.78693 293
28.80705 252
28.82716 248
28.84727 269
28.86739 275
28.8875 273
28.90762 294
28.92773 267
28.94784 251
28.96796 283
28.98807 237
29.00818 278
29.0283 251
29.04841 249
29.06853 265
29.08864 259
29.10875 265
29.12887 271
29.14898 265
29.16909 279
29.18921 280
29.20932 278
29.22943 239
29.24955 255
29.26966 253
29.28978 294
29.30989 303
29.33 305
29.35012 297
29.37023 295
29.39034 286
29.41046 289
29.43057 282
29.45069 323
29.4708 293
29.49091 290
29.51103 310
29.53114 286
29.55125 310
29.57137 301
29.59148 264
29.6116 267
29.63171 287
29.65182 277
29.67194 293
29.69205 307
29.71216 273
29.73228 265
29.75239 288
29.7725 276
29.79262 311
29.81273 315
29.83285 299
29.85296 258
29.87307 307
29.89319 283
29.9133 281
29.93341 285
29.95353 295
29.97364 303
29.99376 280
30.01387 297
30.03398 277
30.0541 313
30.07421 290
30.09432 295
30.11444 302
30.13455 281
30.15467 316
30.17478 311
30.19489 313
30.21501 303
30.23512 313
30.25523 325
30.27535 289
30.29546 278
30.31557 277
30.33569 303
30.3558 289
30.37592 284
30.39603 285
30.41614 275
30.43626 303
30.45637 268
30.47648 265
30.4966 280
30.51671 256
30.53683 267
30.55694 281
30.57705 288
30.59717 305
30.61728 285
30.63739 290
30.65751 317
30.67762 277
30.69773 297
30.71785 284
30.73796 309
30.75808 304
30.77819 281
30.7983 299
30.81842 296
30.83853 280
30.85864 270
30.87876 265
30.89887 247
30.91899 281
30.9391 243
30.95921 212
30.97933 239
30.99944 262
31.01955 234
31.03967 230
31.05978 235
31.0799 238
31.10001 250
31.12012 247
31.14024 261
31.16035 246
31.18046 229
31.20058 251
31.22069 231
31.2408 245
31.26092 227
31.28103 248
31.30115 237
31.32126 213
31.34137 220
31.36149 265
31.3816 250
31.40171 225
31.42183 236
31.44194 243
31.46206 237
31.48217 255
31.50228 246
31.5224 245
31.54251 230
31.56262 204
31.58274 252
31.60285 213
31.62297 217
31.64308 219
31.66319 210
31.68331 234
31.70342 235
31.72353 243
31.74365 218
31.76376 219
31.78387 233
31.80399 218
31.8241 210
31.84422 212
31.86433 201
31.88444 237
31.90456 217
31.92467 246
31.94478 221
31.9649 204
31.98501 236
32.00513 249
32.02524 253
32.04535 238
32.06547 242
32.08558 208
32.10569 248
32.12581 261
32.14592 233
32.16604 239
32.18615 243
32.20626 253
32.22638 252
32.24649 247
32.2666 249
32.28672 243
32.30683 252
32.32694 222
32.34706 221
32.36717 247
32.38729 213
32.4074 224
32.42751 225
32.44763 206
32.46774 234
32.48785 222
32.50797 239
32.52808 255
32.5482 230
32.56831 209
32.58842 246
32.60854 227
32.62865 207
32.64876 220
32.66888 215
32.68899 239
32.7091 231
32.72922 196
32.74933 237
32.76945 214
32.78956 222
32.80967 225
32.82979 205
32.8499 211
32.87001 216
32.89013 217
32.91024 209
32.93036 233
32.95047 246
32.97058 223
32.9907 213
33.01081 212
33.03092 201
33.05104 237
33.07115 206
33.09127 244
33.11138 218
33.13149 227
33.15161 223
33.17172 245
33.19183 253
33.21195 223
33.23206 228
33.25217 215
33.27229 227
33.2924 239
33.31252 204
33.33263 193
33.35274 220
33.37286 217
33.39297 210
33.41308 252
33.4332 223
33.45331 222
33.47343 233
33.49354 223
33.51365 214
33.53377 219
33.55388 203
33.57399 234
33.59411 226
33.61422 199
33.63434 246
33.65445 223
33.67456 231
33.69468 210
33.71479 213
33.7349 242
33.75502 220
33.77513 242
33.79524 228
33.81536 202
33.83547 200
33.85559 240
33.8757 221
33.89581 210
33.91593 202
33.93604 251
33.95615 188
33.97627 251
33.99638 226
34.0165 257
34.03661 240
34.05672 254
34.07684 229
34.09695 246
34.11706 238
34.13718 233
34.15729 260
34.17741 241
34.19752 270
34.21763 260
34.23775 271
34.25786 295
34.27797 269
34.29809 265
34.3182 243
34.33831 245
34.35843 265
34.37854 249
34.39866 257
34.41877 268
34.43888 234
34.459 232
34.47911 274
34.49922 281
34.51934 256
34.53945 300
34.55957 283
34.57968 330
34.59979 296
34.61991 308
34.64002 309
34.66013 312
34.68025 346
34.70036 308
34.72047 344
34.74059 352
34.7607 350
34.78082 359
34.80093 380
34.82104 339
34.84116 420
34.86127 364
34.88138 362
34.9015 326
34.92161 348
34.94173 370
34.96184 373
34.98195 352
35.00207 343
35.02218 369
35.04229 359
35.06241 383
35.08252 349
35.10264 372
35.12275 325
35.14286 334
35.16298 336
35.18309 325
35.2032 352
35.22332 339
35.24343 308
35.26354 333
35.28366 353
35.30377 376
35.32389 342
35.344 352
35.36411 346
35.38423 344
35.40434 349
35.42445 354
35.44457 369
35.46468 380
35.4848 363
35.50491 305
35.52502 346
35.54514 344
35.56525 346
35.58536 364
35.60548 295
35.62559 331
35.64571 306
35.66582 351
35.68593 350
35.70605 320
35.72616 339
35.74627 367
35.76639 333
35.7865 338
35.80661 303
35.82673 336
35.84684 323
35.86696 357
35.88707 361
35.90718 336
35.9273 367
35.94741 331
35.96752 307
35.98764 338
36.00775 341
36.02787 323
36.04798 328
36.06809 337
36.08821 345
36.10832 389
36.12843 350
36.14855 380
36.16866 404
36.18878 361
36.20889 407
36.229 455
36.24912 468
36.26923 503
36.28934 560
36.30946 655
36.32957 710
36.34968 821
36.3698 919
36.38991 1061
36.41003 1333
36.43014 1420
36.45025 1565
36.47037 1541
36.49048 1604
36.51059 1527
36.53071 1351
36.55082 1179
36.57094 1020
36.59105 883
36.61116 711
36.63128 648
36.65139 517
36.6715 427
36.69162 429
36.71173 415
36.73184 352
36.75196 366
36.77207 376
36.79219 380
36.8123 366
36.83241 386
36.85253 384
36.87264 355
36.89275 393
36.91287 338
36.93298 313
36.9531 308
36.97321 303
36.99332 311
37.01344 349
37.03355 330
37.05366 325
37.07378 359
37.09389 309
37.11401 317
37.13412 324
37.15423 318
37.17435 333
37.19446 286
37.21457 292
37.23469 304
37.2548 304
37.27491 318
37.29503 324
37.31514 300
37.33526 288
37.35537 314
37.37548 268
37.3956 312
37.41571 293
37.43582 316
37.45594 316
37.47605 328
37.49617 301
37.51628 340
37.53639 342
37.55651 331
37.57662 291
37.59673 293
37.61685 279
37.63696 326
37.65708 306
37.67719 300
37.6973 333
37.71742 336
37.73753 313
37.75764 304
37.77776 266
37.79787 320
37.81798 321
37.8381 309
37.85821 287
37.87833 354
37.89844 335
37.91855 346
37.93867 289
37.95878 295
37.97889 314
37.99901 308
38.01912 288
38.03924 304
38.05935 331
38.07946 315
38.09958 311
38.11969 309
38.1398 307
38.15992 320
38.18003 289
38.20015 314
38.22026 287
38.24037 307
38.26049 305
38.2806 294
38.30071 315
38.32083 300
38.34094 341
38.36105 303
38.38117 310
38.40128 349
38.4214 336
38.44151 307
38.46162 323
38.48174 329
38.50185 304
38.52196 326
38.54208 347
38.56219 355
38.58231 321
38.60242 295
38.62253 290
38.64265 312
38.66276 299
38.68287 311
38.70299 276
38.7231 292
38.74321 299
38.76333 309
38.78344 306
38.80356 291
38.82367 293
38.84378 278
38.8639 283
38.88401 295
38.90412 300
38.92424 310
38.94435 298
38.96447 330
38.98458 339
39.00469 320
39.02481 334
39.04492 339
39.06503 318
39.08515 335
39.10526 344
39.12538 391
39.14549 414
39.1656 421
39.18572 436
39.20583 493
39.22594 517
39.24606 620
39.26617 701
39.28628 808
39.3064 991
39.32651 1146
39.34663 1220
39.36674 1387
39.38685 1463
39.40697 1480
39.42708 1448
39.44719 1292
39.46731 1183
39.48742 947
39.50754 825
39.52765 751
39.54776 623
39.56788 469
39.58799 411
39.6081 328
39.62822 319
39.64833 300
39.66845 275
39.68856 319
39.70867 287
39.72879 256
39.7489 272
39.76901 272
39.78913 286
39.80924 259
39.82935 269
39.84947 267
39.86958 272
39.8897 275
39.90981 316
39.92992 293
39.95004 272
39.97015 296
39.99026 326
40.01038 326
40.03049 376
40.05061 345
40.07072 432
40.09083 459
40.11095 513
40.13106 626
40.15117 668
40.17129 746
40.1914 761
40.21152 803
40.23163 853
40.25174 754
40.27186 718
40.29197 653
40.31208 593
40.3322 518
40.35231 468
40.37242 401
40.39254 357
40.41265 287
40.43277 272
40.45288 291
40.47299 260
40.49311 256
40.51322 244
40.53333 277
40.55345 263
40.57356 241
40.59368 256
40.61379 247
40.6339 248
40.65402 246
40.67413 248
40.69424 258
40.71436 244
40.73447 215
40.75458 232
40.7747 229
40.79481 244
40.81493 249
40.83504 229
40.85515 264
40.87527 226
40.89538 256
40.91549 250
40.93561 234
40.95572 236
40.97584 255
40.99595 235
41.01606 234
41.03618 219
41.05629 240
41.0764 248
41.09652 228
41.11663 255
41.13675 273
41.15686 250
41.17697 228
41.19709 214
41.2172 257
41.23731 210
41.25743 234
41.27754 250
41.29765 237
41.31777 253
41.33788 240
41.358 215
41.37811 232
41.39822 268
41.41834 233
41.43845 231
41.45856 233
41.47868 257
41.49879 218
41.51891 252
41.53902 232
41.55913 242
41.57925 255
41.59936 241
41.61947 264
41.63959 299
41.6597 321
41.67982 299
41.69993 292
41.72004 305
41.74016 276
41.76027 273
41.78038 292
41.8005 261
41.82061 291
41.84072 274
41.86084 247
41.88095 282
41.90107 240
41.92118 232
41.94129 253
41.96141 264
41.98152 245
42.00163 242
42.02175 254
42.04186 277
42.06198 278
42.08209 290
42.1022 297
42.12232 322
42.14243 318
42.16254 376
42.18266 426
42.20277 422
42.22289 541
42.243 566
42.26311 674
42.28323 765
42.30334 857
42.32345 970
42.34357 959
42.36368 1070
42.38379 1077
42.40391 1090
42.42402 961
42.44414 863
42.46425 796
42.48436 668
42.50448 559
42.52459 519
42.5447 507
42.56482 377
42.58493 388
42.60505 299
42.62516 264
42.64527 241
42.66539 264
42.6855 268
42.70561 251
42.72573 233
42.74584 276
42.76595 253
42.78607 263
42.80618 232
42.8263 224
42.84641 214
42.86652 238
42.88664 258
42.90675 229
42.92686 262
42.94698 205
42.96709 222
42.98721 235
43.00732 214
43.02743 223
43.04755 222
43.06766 218
43.08777 224
43.10789 210
43.128 190
43.14812 231
43.16823 212
43.18834 185
43.20846 216
43.22857 203
43.24868 205
43.2688 214
43.28891 189
43.30902 211
43.32914 207
43.34925 200
43.36937 209
43.38948 189
43.40959 192
43.42971 206
43.44982 201
43.46993 199
43.49005 207
43.51016 192
43.53028 197
43.55039 224
43.5705 212
43.59062 193
43.61073 196
43.63084 221
43.65096 211
43.67107 201
43.69119 223
43.7113 217
43.73141 203
43.75153 206
43.77164 200
43.79175 205
43.81187 183
43.83198 206
43.85209 208
43.87221 204
43.89232 224
43.91244 202
43.93255 218
43.95266 218
43.97278 223
43.99289 198
44.013 197
44.03312 188
44.05323 220
44.07335 210
44.09346 221
44.11357 210
44.13369 213
44.1538 241
44.17391 206
44.19403 213
44.21414 246
44.23426 208
44.25437 178
44.27448 239
44.2946 186
44.31471 212
44.33482 206
44.35494 191
44.37505 206
44.39516 199
44.41528 182
44.43539 245
44.45551 201
44.47562 211
44.49573 190
44.51585 191
44.53596 206
44.55607 183
44.57619 191
44.5963 224
44.61642 194
44.63653 194
44.65664 208
44.67676 209
44.69687 215
44.71698 200
44.7371 193
44.75721 219
44.77732 215
44.79744 228
44.81755 243
44.83767 241
44.85778 213
44.87789 189
44.89801 237
44.91812 240
44.93823 214
44.95835 204
44.97846 212
44.99858 211
45.01869 218
45.0388 207
45.05892 211
45.07903 230
45.09914 228
45.11926 227
45.13937 208
45.15949 220
45.1796 235
45.19971 214
45.21983 207
45.23994 220
45.26005 221
45.28017 223
45.30028 228
45.32039 224
45.34051 244
45.36062 247
45.38074 276
45.40085 251
45.42096 256
45.44108 272
45.46119 315
45.4813 345
45.50142 330
45.52153 321
45.54165 379
45.56176 431
45.58187 449
45.60199 494
45.6221 605
45.64221 658
45.66233 677
45.68244 764
45.70256 808
45.72267 773
45.74278 775
45.7629 608
45.78301 666
45.80312 602
45.82324 577
45.84335 506
45.86346 479
45.88358 410
45.90369 384
45.92381 334
45.94392 287
45.96403 279
45.98415 235
46.00426 267
46.02437 240
46.04449 259
46.0646 250
46.08472 222
46.10483 226
46.12494 223
46.14506 217
46.16517 234
46.18528 231
46.2054 237
46.22551 227
46.24563 236
46.26574 234
46.28585 221
46.30597 227
46.32608 216
46.34619 177
46.36631 211
46.38642 226
46.40653 180
46.42665 200
46.44676 192
46.46688 212
46.48699 207
46.5071 222
46.52722 208
46.54733 192
46.56744 217
46.58756 236
46.60767 199
46.62779 209
46.6479 241
46.66801 186
46.68813 245
46.70824 209
46.72835 208
46.74847 211
46.76858 201
46.78869 213
46.80881 196
46.82892 219
46.84904 186
46.86915 221
46.88926 213
46.90938 237
46.92949 219
46.9496 241
46.96972 202
46.98983 203
47.00995 231
47.03006 213
47.05017 210
47.07029 216
47.0904 216
47.11051 238
47.13063 207
47.15074 234
47.17086 238
47.19097 197
47.21108 219
47.2312 216
47.25131 205
47.27142 219
47.29154 203
47.31165 209
47.33176 224
47.35188 198
47.37199 234
47.39211 224
47.41222 240
47.43233 262
47.45245 238
47.47256 225
47.49267 237
47.51279 223
47.5329 182
47.55302 220
47.57313 215
47.59324 196
47.61336 242
47.63347 188
47.65358 217
47.6737 204
47.69381 199
47.71393 203
47.73404 229
47.75415 219
47.77427 228
47.79438 222
47.81449 205
47.83461 191
47.85472 214
47.87483 191
47.89495 206
47.91506 230
47.93518 202
47.95529 199
47.9754 217
47.99552 183
48.01563 217
48.03574 197
48.05586 174
48.07597 211
48.09609 184
48.1162 226
48.13631 228
48.15643 217
48.17654 208
48.19665 236
48.21677 227
48.23688 207
48.257 218
48.27711 232
48.29722 198
48.31734 208
48.33745 211
48.35756 192
48.37768 193
48.39779 200
48.4179 184
48.43802 221
48.45813 202
48.47825 207
48.49836 212
48.51847 205
48.53859 217
48.5587 202
48.57881 183
48.59893 194
48.61904 185
48.63916 204
48.65927 198
48.67938 192
48.6995 225
48.71961 225
48.73972 212
48.75984 228
48.77995 206
48.80006 233
48.82018 224
48.84029 193
48.86041 201
48.88052 247
48.90063 207
48.92075 222
48.94086 217
48.96097 219
48.98109 209
49.0012 213
49.02132 234
49.04143 235
49.06154 256
49.08166 218
49.10177 241
49.12188 206
49.142 207
49.16211 215
49.18223 243
49.20234 219
49.22245 193
49.24257 239
49.26268 222
49.28279 213
49.30291 195
49.32302 221
49.34313 217
49.36325 239
49.38336 201
49.40348 215
49.42359 238
49.4437 261
49.46382 232
49.48393 233
49.50404 250
49.52416 237
49.54427 234
49.56439 250
49.5845 241
49.60461 277
49.62473 301
49.64484 299
49.66495 294
49.68507 318
49.70518 349
49.7253 352
49.74541 393
49.76552 377
49.78564 436
49.80575 538
49.82586 581
49.84598 600
49.86609 670
49.8862 773
49.90632 944
49.92643 1060
49.94655 1290
49.96666 1377
49.98677 1640
50.00689 1927
50.027 2136
50.04711 2294
50.06723 2280
50.08734 2209
50.10746 2005
50.12757 1748
50.14768 1524
50.1678 1405
50.18791 1278
50.20802 1132
50.22814 1023
50.24825 846
50.26837 693
50.28848 549
50.30859 414
50.32871 388
50.34882 351
50.36893 318
50.38905 333
50.40916 344
50.42927 319
50.44939 315
50.4695 317
50.48962 339
50.50973 342
50.52984 308
50.54996 326
50.57007 312
50.59018 321
50.6103 291
50.63041 288
50.65053 298
50.67064 298
50.69075 261
50.71087 274
50.73098 278
50.75109 224
50.77121 257
50.79132 241
50.81143 219
50.83155 230
50.85166 244
50.87178 223
50.89189 221
50.912 218
50.93212 206
50.95223 184
50.97234 211
50.99246 212
51.01257 188
51.03269 229
51.0528 209
51.07291 215
51.09303 204
51.11314 224
51.13325 190
51.15337 215
51.17348 206
51.1936 186
51.21371 197
51.23382 217
51.25394 186
51.27405 201
51.29416 207
51.31428 199
51.33439 208
51.3545 207
51.37462 196
51.39473 189
51.41485 182
51.43496 186
51.45507 182
51.47519 179
51.4953 187
51.51541 196
51.53553 181
51.55564 167
51.57576 211
51.59587 207
51.61598 164
51.6361 213
51.65621 175
51.67632 178
51.69644 199
51.71655 176
51.73667 168
51.75678 193
51.77689 189
51.79701 169
51.81712 196
51.83723 168
51.85735 154
51.87746 178
51.89757 188
51.91769 173
51.9378 169
51.95792 194
51.97803 180
51.99814 203
52.01826 171
52.03837 165
52.05848 192
52.0786 175
52.09871 195
52.11883 185
52.13894 186
52.15905 167
52.17917 197
52.19928 192
52.21939 175
52.23951 181
52.25962 182
52.27974 193
52.29985 194
52.31996 196
52.34008 180
52.36019 183
52.3803 162
52.40042 184
52.42053 182
52.44064 190
52.46076 172
52.48087 173
52.50099 185
52.5211 205
52.54121 195
52.56133 166
52.58144 215
52.60155 184
52.62167 165
52.64178 198
52.6619 204
52.68201 187
52.70212 185
52.72224 192
52.74235 183
52.76246 176
52.78258 189
52.80269 222
52.8228 193
52.84292 198
52.86303 207
52.88315 186
52.90326 167
52.92337 195
52.94349 198
52.9636 192
52.98371 199
53.00383 186
53.02394 203
53.04406 187
53.06417 210
53.08428 191
53.1044 206
53.12451 198
53.14462 201
53.16474 187
53.18485 215
53.20497 194
53.22508 189
53.24519 207
53.26531 210
53.28542 204
53.30553 193
53.32565 194
53.34576 196
53.36587 227
53.38599 204
53.4061 190
53.42622 188
53.44633 238
53.46644 212
53.48656 208
53.50667 231
53.52678 217
53.5469 207
53.56701 206
53.58713 219
53.60724 215
53.62735 225
53.64747 207
53.66758 225
53.68769 232
53.70781 205
53.72792 202
53.74804 206
53.76815 225
53.78826 235
53.80838 250
53.82849 208
53.8486 217
53.86872 241
53.88883 241
53.90894 249
53.92906 223
53.94917 243
53.96929 211
53.9894 235
54.00951 225
54.02963 247
54.04974 236
54.06985 248
54.08997 239
54.11008 223
54.1302 224
54.15031 231
54.17042 240
54.19054 263
54.21065 245
54.23076 253
54.25088 257
54.27099 277
54.29111 261
54.31122 266
54.33133 273
54.35145 275
54.37156 275
54.39167 267
54.41179 302
54.4319 255
54.45201 284
54.47213 283
54.49224 312
54.51236 336
54.53247 307
54.55258 328
54.5727 374
54.59281 406
54.61292 413
54.63304 396
54.65315 487
54.67327 551
54.69338 578
54.71349 673
54.73361 728
54.75372 780
54.77383 806
54.79395 838
54.81406 820
54.83417 769
54.85429 678
54.8744 604
54.89452 598
54.91463 558
54.93474 576
54.95486 499
54.97497 495
54.99508 481
55.0152 437
55.03531 354
55.05543 327
55.07554 382
55.09565 377
55.11577 391
55.13588 390
55.15599 441
55.17611 420
55.19622 506
55.21634 495
55.23645 495
55.25656 476
55.27668 475
55.29679 424
55.3169 417
55.33702 385
55.35713 368
55.37724 343
55.39736 373
55.41747 317
55.43759 310
55.4577 300
55.47781 283
55.49793 274
55.51804 262
55.53815 246
55.55827 252
55.57838 256
55.5985 239
55.61861 229
55.63872 231
55.65884 236
55.67895 230
55.69906 225
55.71918 238
55.73929 192
55.75941 213
55.77952 223
55.79963 227
55.81975 226
55.83986 224
55.85997 217
55.88009 198
55.9002 208
55.92031 235
55.94043 224
55.96054 207
55.98066 201
56.00077 235
56.02088 213
56.041 221
56.06111 193
56.08122 222
56.10134 225
56.12145 219
56.14157 228
56.16168 229
56.18179 201
56.20191 211
56.22202 222
56.24213 207
56.26225 204
56.28236 211
56.30248 198
56.32259 202
56.3427 188
56.36282 181
56.38293 226
56.40304 209
56.42316 222
56.44327 194
56.46338 204
56.4835 196
56.50361 211
56.52373 181
56.54384 208
56.56395 204
56.58407 216
56.60418 210
56.62429 194
56.64441 216
56.66452 215
56.68464 212
56.70475 207
56.72486 190
56.74498 215
56.76509 185
56.7852 211
56.80532 194
56.82543 205
56.84554 202
56.86566 218
56.88577 211
56.90589 203
56.926 189
56.94611 198
56.96623 200
56.98634 221
57.00645 196
57.02657 193
57.04668 210
57.0668 218
57.08691 254
57.10702 231
57.12714 190
57.14725 241
57.16736 269
57.18748 231
57.20759 215
57.22771 190
57.24782 208
57.26793 215
57.28805 219
57.30816 210
57.32827 211
57.34839 219
57.3685 230
57.38861 242
57.40873 221
57.42884 195
57.44896 218
57.46907 181
57.48918 202
57.5093 201
57.52941 189
57.54952 205
57.56964 179
57.58975 205
57.60987 213
57.62998 195
57.65009 194
57.67021 182
57.69032 188
57.71043 198
57.73055 186
57.75066 183
57.77078 217
57.79089 183
57.811 194
57.83112 192
57.85123 206
57.87134 200
57.89146 191
57.91157 187
57.93168 208
57.9518 185
57.97191 159
57.99203 191
58.01214 208
58.03225 189
58.05237 201
58.07248 180
58.09259 202
58.11271 170
58.13282 194
58.15294 197
58.17305 197
58.19316 187
58.21328 182
58.23339 169
58.2535 195
58.27362 189
58.29373 194
58.31385 181
58.33396 186
58.35407 190
58.37419 189
58.3943 169
58.41441 204
58.43453 178
58.45464 208
58.47475 190
58.49487 200
58.51498 189
58.5351 184
58.55521 186
58.57532 218
58.59544 189
58.61555 217
58.63566 213
58.65578 193
58.67589 218
58.69601 205
58.71612 198
58.73623 193
58.75635 220
58.77646 200
58.79657 205
58.81669 194
58.8368 189
58.85691 182
58.87703 188
58.89714 184
58.91726 186
58.93737 182
58.95748 177
58.9776 193
58.99771 203
59.01782 201
59.03794 204
59.05805 201
59.07817 210
59.09828 203
59.11839 198
59.13851 205
59.15862 198
59.17873 214
59.19885 229
59.21896 214
59.23908 209
59.25919 226
59.2793 214
59.29942 224
59.31953 206
59.33964 224
59.35976 211
59.37987 204
59.39998 240
59.4201 243
59.44021 261
59.46033 297
59.48044 260
59.50055 297
59.52067 302
59.54078 310
59.56089 309
59.58101 366
59.60112 383
59.62124 398
59.64135 433
59.66146 500
59.68158 513
59.70169 618
59.7218 653
59.74192 780
59.76203 897
59.78215 995
59.80226 1125
59.82237 1254
59.84249 1416
59.8626 1414
59.88271 1463
59.90283 1364
59.92294 1252
59.94305 1096
59.96317 997
59.98328 898
60.0034 904
60.02351 818
60.04362 780
60.06374 734
60.08385 670
60.10396 575
60.12408 478
60.14419 407
60.16431 323
60.18442 287
60.20453 284
60.22465 254
60.24476 226
60.26487 232
60.28499 259
60.3051 234
60.32522 233
60.34533 230
60.36544 211
60.38556 206
60.40567 220
60.42578 213
60.4459 208
60.46601 213
60.48612 221
60.50624 207
60.52635 205
60.54647 207
60.56658 228
60.58669 202
60.60681 208
60.62692 188
60.64703 203
60.66715 199
60.68726 222
60.70738 199
60.72749 172
60.7476 202
60.76772 178
60.78783 205
60.80794 204
60.82806 200
60.84817 223
60.86828 180
60.8884 210
60.90851 187
60.92863 203
60.94874 223
60.96885 182
60.98897 193
61.00908 219
61.02919 204
61.04931 210
61.06942 209
61.08954 215
61.10965 195
61.12976 198
61.14988 209
61.16999 197
61.1901 192
61.21022 211
61.23033 215
61.25045 186
61.27056 197
61.29067 210
61.31079 207
61.3309 235
61.35101 227
61.37113 218
61.39124 197
61.41135 206
61.43147 186
61.45158 206
61.4717 223
61.49181 209
61.51192 208
61.53204 202
61.55215 208
61.57226 223
61.59238 199
61.61249 192
61.63261 231
61.65272 230
61.67283 226
61.69295 220
61.71306 226
61.73317 237
61.75329 227
61.7734 212
61.79352 235
61.81363 263
61.83374 228
61.85386 242
61.87397 260
61.89408 279
61.9142 263
61.93431 254
61.95442 274
61.97454 279
61.99465 269
62.01477 303
62.03488 291
62.05499 293
62.07511 297
62.09522 295
62.11533 311
62.13545 350
62.15556 320
62.17568 311
62.19579 307
62.2159 286
62.23602 304
62.25613 310
62.27624 307
62.29636 276
62.31647 308
62.33659 280
62.3567 272
62.37681 249
62.39693 258
62.41704 245
62.43715 261
62.45727 233
62.47738 232
62.49749 244
62.51761 217
62.53772 238
62.55784 257
62.57795 215
62.59806 224
62.61818 225
62.63829 215
62.6584 217
62.67852 234
62.69863 224
62.71875 209
62.73886 216
62.75897 228
62.77909 254
62.7992 220
62.81931 224
62.83943 206
62.85954 212
62.87965 213
62.89977 210
62.91988 186
62.94 203
62.96011 207
62.98022 204
63.00034 224
63.02045 223
63.04056 211
63.06068 204
63.08079 213
63.10091 205
63.12102 177
63.14113 206
63.16125 200
63.18136 219
63.20147 234
63.22159 192
63.2417 198
63.26182 225
63.28193 219
63.30204 186
63.32216 207
63.34227 200
63.36238 211
63.3825 195
63.40261 217
63.42272 208
63.44284 205
63.46295 224
63.48307 216
63.50318 219
63.52329 218
63.54341 218
63.56352 187
63.58363 214
63.60375 219
63.62386 220
63.64398 232
63.66409 266
63.6842 247
63.70432 250
63.72443 284
63.74454 270
63.76466 263
63.78477 268
63.80489 317
63.825 338
63.84511 342
63.86523 366
63.88534 407
63.90545 408
63.92557 423
63.94568 436
63.96579 432
63.98591 395
64.00602 361
64.02614 355
64.04625 360
64.06636 341
64.08648 322
64.10659 296
64.1267 338
64.14682 299
64.16693 271
64.18705 247
64.20716 247
64.22727 234
64.24739 220
64.2675 218
64.28761 224
64.30773 202
64.32784 226
64.34796 200
64.36807 199
64.38818 190
64.4083 200
64.42841 178
64.44852 190
64.46864 166
64.48875 187
64.50886 174
64.52898 190
64.54909 214
64.56921 213
64.58932 201
64.60943 181
64.62955 169
64.64966 193
64.66977 180
64.68989 169
64.71 193
64.73012 199
64.75023 164
64.77034 169
64.79046 174
64.81057 176
64.83068 170
64.8508 184
64.87091 173
64.89102 162
64.91114 177
64.93125 205
64.95137 180
64.97148 175
64.99159 184
65.01171 193
65.03182 195
65.05193 177
65.07205 202
65.09216 194
65.11228 199
65.13239 183
65.1525 190
65.17262 178
65.19273 200
65.21284 186
65.23296 197
65.25307 185
65.27319 204
65.2933 201
65.31341 184
65.33353 175
65.35364 173
65.37375 205
65.39387 178
65.41398 211
65.43409 201
65.45421 199
65.47432 193
65.49444 221
65.51455 195
65.53466 196
65.55478 198
65.57489 245
65.595 199
65.61512 234
65.63523 213
65.65535 244
65.67546 244
65.69557 223
65.71569 231
65.7358 269
65.75591 217
65.77603 224
65.79614 205
65.81626 213
65.83637 205
65.85648 203
65.8766 208
65.89671 232
65.91682 189
65.93694 183
65.95705 191
65.97716 181
65.99728 195
66.01739 204
66.03751 198
66.05762 192
66.07773 210
66.09785 183
66.11796 193
66.13807 199
66.15819 186
66.1783 178
66.19842 210
66.21853 196
66.23864 184
66.25876 171
66.27887 162
66.29898 203
66.3191 204
66.33921 185
66.35933 187
66.37944 208
66.39955 186
66.41967 187
66.43978 176
66.45989 172
66.48001 192
66.50012 188
66.52023 196
66.54035 181
66.56046 198
66.58058 187
66.60069 181
66.6208 210
66.64092 171
66.66103 193
66.68114 194
66.70126 190
66.72137 166
66.74149 171
66.7616 171
66.78171 156
66.80183 178
66.82194 185
66.84205 174
66.86217 197
66.88228 192
66.90239 217
66.92251 174
66.94262 182
66.96274 196
66.98285 212
67.00296 209
67.02308 205
67.04319 200
67.0633 210
67.08342 196
67.10353 210
67.12365 216
67.14376 229
67.16387 209
67.18399 236
67.2041 241
67.22421 241
67.24433 257
67.26444 239
67.28456 256
67.30467 262
67.32478 280
67.3449 281
67.36501 299
67.38512 362
67.40524 359
67.42535 366
67.44546 390
67.46558 450
67.48569 466
67.50581 510
67.52592 567
67.54603 670
67.56615 709
67.58626 826
67.60637 872
67.62649 938
67.6466 913
67.66672 951
67.68683 929
67.70694 901
67.72706 809
67.74717 761
67.76728 725
67.7874 761
67.80751 746
67.82763 763
67.84774 820
67.86785 821
67.88797 851
67.90808 852
67.92819 849
67.94831 867
67.96842 964
67.98853 992
68.00865 1164
68.02876 1208
68.04888 1268
68.06899 1253
68.0891 1220
68.10922 1213
68.12933 1188
68.14944 1135
68.16956 1099
68.18967 1134
68.20979 1102
68.2299 1167
68.25001 1145
68.27013 1074
68.29024 915
68.31035 794
68.33047 641
68.35058 615
68.3707 547
68.39081 528
68.41092 532
68.43104 473
68.45115 460
68.47126 440
68.49138 350
68.51149 306
68.5316 304
68.55172 291
68.57183 232
68.59195 240
68.61206 202
68.63217 221
68.65229 217
68.6724 201
68.69251 215
68.71263 238
68.73274 181
68.75286 207
68.77297 206
68.79308 205
68.8132 199
68.83331 208
68.85342 193
68.87354 194
68.89365 190
68.91376 183
68.93388 196
68.95399 214
68.97411 171
68.99422 209
69.01433 218
69.03445 179
69.05456 195
69.07467 181
69.09479 189
69.1149 172
69.13502 223
69.15513 204
69.17524 171
69.19536 208
69.21547 207
69.23558 199
69.2557 179
69.27581 156
69.29593 219
69.31604 170
69.33615 179
69.35627 220
69.37638 178
69.39649 195
69.41661 202
69.43672 178
69.45683 189
69.47695 188
69.49706 203
69.51718 183
69.53729 190
69.5574 164
69.57752 228
69.59763 166
69.61774 185
69.63786 171
69.65797 170
69.67809 187
69.6982 187
69.71831 171
69.73843 184
69.75854 179
69.77865 165
69.79877 182
69.81888 197
69.839 179
69.85911 167
69.87922 162
69.89934 201
69.91945 177
69.93956 190
69.95968 165
69.97979 190
69.9999 182
70.02002 187
70.04013 155
70.06025 166
70.08036 172
70.10047 179
70.12059 145
70.1407 143
70.16081 189
70.18093 173
70.20104 190
70.22116 175
70.24127 186
70.26138 182
70.2815 177
70.30161 160
70.32172 158
70.34184 170
70.36195 163
70.38207 182
70.40218 135
70.42229 190
70.44241 184
70.46252 192
70.48263 155
70.50275 174
70.52286 167
70.54297 164
70.56309 183
70.5832 172
70.60332 181
70.62343 178
70.64354 171
70.66366 160
70.68377 192
70.70388 162
70.724 162
70.74411 194
70.76423 168
70.78434 163
70.80445 172
70.82457 179
70.84468 173
70.86479 173
70.88491 180
70.90502 159
70.92513 158
70.94525 158
70.96536 168
70.98548 166
71.00559 150
71.0257 174
71.04582 169
71.06593 178
71.08604 202
71.10616 173
71.12627 172
71.14639 153
71.1665 183
71.18661 161
71.20673 198
71.22684 199
71.24695 180
71.26707 189
71.28718 180
71.3073 159
71.32741 172
71.34752 179
71.36764 173
71.38775 174
71.40786 209
71.42798 153
71.44809 181
71.4682 198
71.48832 172
71.50843 181
71.52855 197
71.54866 183
71.56877 162
71.58889 189
71.609 180
71.62911 203
71.64923 175
71.66934 143
71.68946 187
71.70957 168
71.72968 171
71.7498 185
71.76991 162
71.79002 158
71.81014 159
71.83025 156
71.85037 179
71.87048 184
71.89059 217
71.91071 170
71.93082 175
71.95093 201
71.97105 161
71.99116 157
72.01127 182
72.03139 158
72.0515 160
72.07162 180
72.09173 184
72.11184 185
72.13196 163
72.15207 187
72.17218 188
72.1923 152
72.21241 157
72.23253 183
72.25264 168
72.27275 177
72.29287 202
72.31298 154
72.33309 167
72.35321 147
72.37332 175
72.39344 179
72.41355 183
72.43366 157
72.45378 194
72.47389 184
72.494 172
72.51412 170
72.53423 168
72.55434 181
72.57446 170
72.59457 204
72.61469 173
72.6348 176
72.65491 172
72.67503 181
72.69514 187
72.71525 195
72.73537 176
72.75548 182
72.7756 177
72.79571 186
72.81582 180
72.83594 186
72.85605 187
72.87616 197
72.89628 181
72.91639 203
72.9365 187
72.95662 206
72.97673 201
72.99685 203
73.01696 209
73.03707 222
73.05719 224
73.0773 214
73.09741 223
73.11753 233
73.13764 239
73.15776 234
73.17787 264
73.19798 268
73.2181 275
73.23821 317
73.25832 330
73.27844 336
73.29855 367
73.31867 417
73.33878 405
73.35889 441
73.37901 489
73.39912 421
73.41923 409
73.43935 411
73.45946 367
73.47957 323
73.49969 346
73.5198 307
73.53992 320
73.56003 321
73.58014 296
73.60026 348
73.62037 289
73.64048 284
73.6606 291
73.68071 230
73.70083 250
73.72094 222
73.74105 216
73.76117 191
73.78128 186
73.80139 194
73.82151 208
73.84162 194
73.86174 196
73.88185 192
73.90196 191
73.92208 171
73.94219 198
73.9623 172
73.98242 200
74.00253 197
74.02264 195
74.04276 167
74.06287 202
74.08299 199
74.1031 194
74.12321 196
74.14333 210
74.16344 176
74.18355 173
74.20367 166
74.22378 212
74.2439 204
74.26401 214
74.28412 172
74.30424 177
74.32435 164
74.34446 183
74.36458 180
74.38469 185
74.40481 193
74.42492 180
74.44503 174
74.46515 171
74.48526 180
74.50537 183
74.52549 187
74.5456 167
74.56571 184
74.58583 178
74.60594 199
74.62606 185
74.64617 171
74.66628 209
74.6864 192
74.70651 181
74.72662 186
74.74674 175
74.76685 214
74.78697 188
74.80708 163
74.82719 191
74.84731 190
74.86742 164
74.88753 189
74.90765 204
74.92776 185
74.94787 196
74.96799 187
74.9881 200
75.00822 188
