3.00117 21381
3.02128 21421
3.0414 20398
3.06151 20165
3.08162 19636
3.10174 18795
3.12185 18785
3.14197 17942
3.16208 17401
3.18219 17088
3.20231 16260
3.22242 15953
3.24253 15424
3.26265 14919
3.28276 14578
3.30288 14163
3.32299 13732
3.3431 13155
3.36322 12722
3.38333 12632
3.40344 11993
3.42356 11802
3.44367 11021
3.46379 10961
3.4839 10508
3.50401 9737
3.52413 9796
3.54424 9311
3.56435 9179
3.58447 8900
3.60458 8431
3.62469 8452
3.64481 7755
3.66492 7616
3.68504 7364
3.70515 7086
3.72526 6960
3.74538 6369
3.76549 6236
3.7856 6033
3.80572 5598
3.82583 5613
3.84595 5087
3.86606 4984
3.88617 4801
3.90629 4650
3.9264 4441
3.94651 4027
3.96663 3935
3.98674 3893
4.00686 3526
4.02697 3661
4.04708 3299
4.0672 3212
4.08731 3060
4.10742 2872
4.12754 2941
4.14765 2558
4.16776 2501
4.18788 2446
4.20799 2292
4.22811 2264
4.24822 1978
4.26833 2021
4.28845 1914
4.30856 1971
4.32867 1801
4.34879 1639
4.3689 1549
4.38902 1643
4.40913 1665
4.42924 1507
4.44936 1452
4.46947 1384
4.48958 1445
4.5097 1392
4.52981 1335
4.54992 1275
4.57004 1221
4.59015 1268
4.61027 1110
4.63038 1190
4.65049 1163
4.67061 1079
4.69072 1094
4.71083 1008
4.73095 981
4.75106 951
4.77118 876
4.79129 892
4.8114 889
4.83152 844
4.85163 804
4.87174 868
4.89186 758
4.91197 865
4.93209 757
4.9522 732
4.97231 665
4.99243 711
5.01254 709
5.03265 689
5.05277 640
5.07288 622
5.09299 652
5.11311 578
5.13322 564
5.15334 580
5.17345 535
5.19356 572
5.21368 534
5.23379 492
5.2539 481
5.27402 556
5.29413 460
5.31425 472
5.33436 438
5.35447 424
5.37459 446
5.3947 424
5.41481 446
5.43493 391
5.45504 393
5.47516 375
5.49527 334
5.51538 382
5.5355 339
5.55561 328
5.57572 313
5.59584 314
5.61595 319
5.63606 332
5.65618 289
5.67629 306
5.69641 306
5.71652 313
5.73663 258
5.75675 275
5.77686 276
5.79697 272
5.81709 272
5.8372 273
5.85732 291
5.87743 289
5.89754 254
5.91766 255
5.93777 214
5.95788 223
5.978 245
5.99811 235
6.01823 234
6.03834 215
6.05845 174
6.07857 228
6.09868 230
6.11879 205
6.13891 204
6.15902 188
6.17913 211
6.19925 191
6.21936 209
6.23948 199
6.25959 187
6.2797 193
6.29982 202
6.31993 175
6.34004 216
6.36016 235
6.38027 207
6.40039 203
6.4205 180
6.44061 192
6.46073 193
6.48084 164
6.50095 198
6.52107 172
6.54118 206
6.56129 181
6.58141 163
6.60152 213
6.62164 209
6.64175 174
6.66186 193
6.68198 186
6.70209 182
6.7222 219
6.74232 175
6.76243 174
6.78255 190
6.80266 181
6.82277 173
6.84289 181
6.863 207
6.88311 197
6.90323 190
6.92334 178
6.94346 184
6.96357 177
6.98368 180
7.0038 193
7.02391 195
7.04402 175
7.06414 161
7.08425 158
7.10436 177
7.12448 167
7.14459 166
7.16471 199
7.18482 189
7.20493 196
7.22505 188
7.24516 169
7.26527 164
7.28539 192
7.3055 193
7.32562 182
7.34573 180
7.36584 175
7.38596 170
7.40607 189
7.42618 183
7.4463 174
7.46641 185
7.48653 201
7.50664 197
7.52675 193
7.54687 205
7.56698 189
7.58709 213
7.60721 182
7.62732 177
7.64743 196
7.66755 208
7.68766 215
7.70778 181
7.72789 199
7.748 205
7.76812 169
7.78823 183
7.80834 184
7.82846 212
7.84857 191
7.86869 192
7.8888 227
7.90891 178
7.92903 196
7.94914 186
7.96925 206
7.98937 183
8.00948 183
8.0296 209
8.04971 208
8.06982 181
8.08994 210
8.11005 215
8.13016 215
8.15028 166
8.17039 212
8.1905 188
8.21062 196
8.23073 211
8.25085 219
8.27096 188
8.29107 200
8.31119 219
8.3313 191
8.35141 205
8.37153 187
8.39164 173
8.41176 209
8.43187 198
8.45198 213
8.4721 212
8.49221 207
8.51232 215
8.53244 186
8.55255 207
8.57266 214
8.59278 227
8.61289 289
8.63301 248
8.65312 259
8.67323 242
8.69335 228
8.71346 278
8.73357 269
8.75369 283
8.7738 277
8.79392 261
8.81403 294
8.83414 270
8.85426 273
8.87437 255
8.89448 266
8.9146 293
8.93471 250
8.95483 235
8.97494 229
8.99505 229
9.01517 222
9.03528 224
9.05539 208
9.07551 206
9.09562 249
9.11573 230
9.13585 217
9.15596 231
9.17608 218
9.19619 228
9.2163 210
9.23642 215
9.25653 221
9.27664 216
9.29676 204
9.31687 225
9.33699 200
9.3571 212
9.37721 196
9.39733 206
9.41744 211
9.43755 201
9.45767 223
9.47778 217
9.4979 220
9.51801 220
9.53812 221
9.55824 212
9.57835 209
9.59846 233
9.61858 202
9.63869 225
9.6588 216
9.67892 191
9.69903 193
9.71915 205
9.73926 234
9.75937 217
9.77949 218
9.7996 209
9.81971 192
9.83983 220
9.85994 214
9.88006 220
9.90017 198
9.92028 239
9.9404 227
9.96051 204
9.98062 226
10.00074 215
10.02085 184
10.04097 220
10.06108 243
10.08119 209
10.10131 230
10.12142 198
10.14153 212
10.16165 212
10.18176 198
10.20187 226
10.22199 214
10.2421 225
10.26222 200
10.28233 193
10.30244 191
10.32256 228
10.34267 206
10.36278 201
10.3829 230
10.40301 196
10.42313 197
10.44324 198
10.46335 176
10.48347 203
10.50358 186
10.52369 192
10.54381 203
10.56392 210
10.58403 205
10.60415 217
10.62426 211
10.64438 234
10.66449 211
10.6846 211
10.70472 191
10.72483 217
10.74494 199
10.76506 231
10.78517 192
10.80529 195
10.8254 202
10.84551 210
10.86563 212
10.88574 216
10.90585 227
10.92597 206
10.94608 202
10.9662 235
10.98631 208
11.00642 193
11.02654 196
11.04665 232
11.06676 217
11.08688 215
11.10699 248
11.1271 196
11.14722 201
11.16733 197
11.18745 233
11.20756 214
11.22767 230
11.24779 188
11.2679 203
11.28801 200
11.30813 231
11.32824 185
11.34836 204
11.36847 239
11.38858 214
11.4087 206
11.42881 207
11.44892 222
11.46904 195
11.48915 220
11.50927 221
11.52938 246
11.54949 231
11.56961 207
11.58972 237
11.60983 221
11.62995 230
11.65006 195
11.67017 215
11.69029 202
11.7104 209
11.73052 235
11.75063 227
11.77074 226
11.79086 213
11.81097 208
11.83108 231
11.8512 233
11.87131 239
11.89143 235
11.91154 237
11.93165 241
11.95177 227
11.97188 219
11.99199 231
12.01211 253
12.03222 256
12.05234 237
12.07245 247
12.09256 242
12.11268 246
12.13279 259
12.1529 259
12.17302 269
12.19313 255
12.21324 221
12.23336 272
12.25347 254
12.27359 290
12.2937 308
12.31381 299
12.33393 281
12.35404 285
12.37415 277
12.39427 296
12.41438 284
12.4345 251
12.45461 271
12.47472 292
12.49484 236
12.51495 293
12.53506 220
12.55518 208
12.57529 224
12.5954 226
12.61552 240
12.63563 235
12.65575 232
12.67586 238
12.69597 225
12.71609 239
12.7362 217
12.75631 202
12.77643 206
12.79654 219
12.81666 206
12.83677 218
12.85688 247
12.877 200
12.89711 240
12.91722 227
12.93734 185
12.95745 207
12.97757 200
12.99768 205
13.01779 213
13.03791 251
13.05802 223
13.07813 225
13.09825 271
13.11836 277
13.13847 261
13.15859 246
13.1787 293
13.19882 279
13.21893 263
13.23904 236
13.25916 236
13.27927 245
13.29938 207
13.3195 191
13.33961 206
13.35973 185
13.37984 241
13.39995 217
13.42007 215
13.44018 214
13.46029 222
13.48041 209
13.50052 237
13.52064 224
13.54075 236
13.56086 221
13.58098 293
13.60109 316
13.6212 350
13.64132 354
13.66143 415
13.68154 394
13.70166 376
13.72177 328
13.74189 267
13.762 262
13.78211 226
13.80223 238
13.82234 208
13.84245 232
13.86257 277
13.88268 254
13.9028 247
13.92291 237
13.94302 227
13.96314 206
13.98325 202
14.00336 205
14.02348 222
14.04359 214
14.06371 182
14.08382 186
14.10393 212
14.12405 204
14.14416 179
14.16427 200
14.18439 177
14.2045 171
14.22461 211
14.24473 168
14.26484 195
14.28496 172
14.30507 166
14.32518 182
14.3453 193
14.36541 189
14.38552 185
14.40564 203
14.42575 163
14.44587 193
14.46598 171
14.48609 176
14.50621 176
14.52632 172
14.54643 171
14.56655 181
14.58666 179
14.60677 217
14.62689 172
14.647 171
14.66712 187
14.68723 154
14.70734 212
14.72746 194
14.74757 197
14.76768 181
14.7878 212
14.80791 199
14.82803 221
14.84814 209
14.86825 233
14.88837 239
14.90848 272
14.92859 250
14.94871 276
14.96882 279
14.98894 249
15.00905 265
15.02916 255
15.04928 228
15.06939 249
15.0895 215
15.10962 241
15.12973 242
15.14984 205
15.16996 260
15.19007 225
15.21019 244
15.2303 231
15.25041 264
15.27053 230
15.29064 208
15.31075 225
15.33087 188
15.35098 203
15.3711 187
15.39121 187
15.41132 171
15.43144 182
15.45155 189
15.47166 203
15.49178 168
15.51189 174
15.53201 161
15.55212 186
15.57223 168
15.59235 161
15.61246 192
15.63257 167
15.65269 195
15.6728 185
15.69291 158
15.71303 158
15.73314 187
15.75326 212
15.77337 179
15.79348 198
15.8136 179
15.83371 202
15.85382 170
15.87394 181
15.89405 167
15.91417 161
15.93428 181
15.95439 171
15.97451 166
15.99462 171
16.01473 175
16.03485 179
16.05496 174
16.07508 172
16.09519 165
16.1153 146
16.13542 161
16.15553 182
16.17564 157
16.19576 189
16.21587 177
16.23598 153
16.2561 143
16.27621 158
16.29633 155
16.31644 180
16.33655 181
16.35667 181
16.37678 155
16.39689 161
16.41701 167
16.43712 155
16.45724 181
16.47735 157
16.49746 170
16.51758 149
16.53769 152
16.5578 138
16.57792 154
16.59803 168
16.61814 157
16.63826 165
16.65837 185
16.67849 164
16.6986 195
16.71871 156
16.73883 143
16.75894 179
16.77905 138
16.79917 173
16.81928 175
16.8394 181
16.85951 149
16.87962 159
16.89974 154
16.91985 172
16.93996 175
16.96008 168
16.98019 182
17.00031 150
17.02042 155
17.04053 142
17.06065 175
17.08076 170
17.10087 180
17.12099 168
17.1411 161
17.16121 177
17.18133 140
17.20144 152
17.22156 166
17.24167 175
17.26178 171
17.2819 174
17.30201 168
17.32212 157
17.34224 174
17.36235 146
17.38247 173
17.40258 175
17.42269 160
17.44281 168
17.46292 136
17.48303 166
17.50315 192
17.52326 146
17.54338 156
17.56349 162
17.5836 167
17.60372 188
17.62383 140
17.64394 174
17.66406 175
17.68417 172
17.70428 176
17.7244 164
17.74451 187
17.76463 180
17.78474 166
17.80485 165
17.82497 173
17.84508 161
17.86519 168
17.88531 180
17.90542 164
17.92554 166
17.94565 160
17.96576 184
17.98588 151
18.00599 166
18.0261 186
18.04622 151
18.06633 185
18.08645 143
18.10656 201
18.12667 182
18.14679 168
18.1669 175
18.18701 164
18.20713 154
18.22724 136
18.24735 176
18.26747 173
18.28758 145
18.3077 188
18.32781 189
18.34792 172
18.36804 148
18.38815 160
18.40826 164
18.42838 170
18.44849 199
18.46861 182
18.48872 175
18.50883 168
18.52895 163
18.54906 148
18.56917 164
18.58929 173
18.6094 186
18.62951 172
18.64963 150
18.66974 188
18.68986 143
18.70997 165
18.73008 176
18.7502 174
18.77031 188
18.79042 187
18.81054 182
18.83065 169
18.85077 153
18.87088 168
18.89099 184
18.91111 187
18.93122 193
18.95133 177
18.97145 173
18.99156 159
19.01168 160
19.03179 187
19.0519 183
19.07202 195
19.09213 160
19.11224 169
19.13236 180
19.15247 195
19.17258 192
19.1927 194
19.21281 200
19.23293 227
19.25304 228
19.27315 236
19.29327 222
19.31338 251
19.33349 248
19.35361 208
19.37372 222
19.39384 196
19.41395 226
19.43406 196
19.45418 180
19.47429 211
19.4944 191
19.51452 190
19.53463 198
19.55475 213
19.57486 196
19.59497 213
19.61509 186
19.6352 230
19.65531 216
19.67543 208
19.69554 222
19.71565 218
19.73577 239
19.75588 236
19.776 262
19.79611 256
19.81622 278
19.83634 260
19.85645 280
19.87656 270
19.89668 265
19.91679 285
19.93691 287
19.95702 283
19.97713 261
19.99725 276
20.01736 258
20.03747 261
20.05759 266
20.0777 235
20.09782 235
20.11793 229
20.13804 230
20.15816 258
20.17827 234
20.19838 282
20.2185 256
20.23861 264
20.25872 254
20.27884 303
20.29895 248
20.31907 286
20.33918 285
20.35929 286
20.37941 321
20.39952 293
20.41963 282
20.43975 304
20.45986 320
20.47998 318
20.50009 315
20.5202 310
20.54032 354
20.56043 291
20.58054 315
20.60066 357
20.62077 388
20.64088 409
20.661 434
20.68111 483
20.70123 581
20.72134 724
20.74145 847
20.76157 1200
20.78168 1689
20.80179 2342
20.82191 3098
20.84202 3987
20.86214 4559
20.88225 4698
20.90236 4102
20.92248 3201
20.94259 2606
20.9627 1896
20.98282 1512
21.00293 1427
21.02305 1477
21.04316 1532
21.06327 1448
21.08339 1365
21.1035 1050
21.12361 898
21.14373 704
21.16384 532
21.18395 502
21.20407 391
21.22418 385
21.2443 327
21.26441 335
21.28452 284
21.30464 299
21.32475 328
21.34486 290
21.36498 305
21.38509 283
21.40521 278
21.42532 280
21.44543 255
21.46555 287
21.48566 251
21.50577 255
21.52589 245
21.546 278
21.56612 277
21.58623 245
21.60634 248
21.62646 241
21.64657 274
21.66668 254
21.6868 250
21.70691 253
21.72702 232
21.74714 253
21.76725 249
21.78737 253
21.80748 248
21.82759 250
21.84771 275
21.86782 292
21.88793 330
21.90805 360
21.92816 417
21.94828 430
21.96839 515
21.9885 552
22.00862 558
22.02873 578
22.04884 545
22.06896 434
22.08907 421
22.10919 357
22.1293 314
22.14941 325
22.16953 322
22.18964 330
22.20975 335
22.22987 365
22.24998 366
22.27009 412
22.29021 475
22.31032 503
22.33044 486
22.35055 458
22.37066 417
22.39078 369
22.41089 380
22.431 339
22.45112 303
22.47123 294
22.49135 310
22.51146 331
22.53157 307
22.55169 308
22.5718 346
22.59191 320
22.61203 329
22.63214 377
22.65225 341
22.67237 320
22.69248 315
22.7126 344
22.73271 286
22.75282 260
22.77294 277
22.79305 253
22.81316 282
22.83328 286
22.85339 249
22.87351 351
22.89362 278
22.91373 343
22.93385 350
22.95396 367
22.97407 324
22.99419 405
23.0143 427
23.03442 392
23.05453 481
23.07464 459
23.09476 497
23.11487 508
23.13498 603
23.1551 620
23.17521 674
23.19532 690
23.21544 727
23.23555 688
23.25567 628
23.27578 518
23.29589 451
23.31601 485
23.33612 436
23.35623 436
23.37635 413
23.39646 381
23.41658 371
23.43669 382
23.4568 360
23.47692 375
23.49703 376
23.51714 396
23.53726 449
23.55737 447
23.57749 462
23.5976 497
23.61771 498
23.63783 484
23.65794 479
23.67805 414
23.69817 424
23.71828 418
23.73839 352
23.75851 352
23.77862 395
23.79874 442
23.81885 402
23.83896 436
23.85908 410
23.87919 459
23.8993 500
23.91942 613
23.93953 687
23.95965 734
23.97976 786
23.99987 893
24.01999 857
24.0401 785
24.06021 668
24.08033 593
24.10044 553
24.12056 440
24.14067 401
24.16078 416
24.1809 368
24.20101 400
24.22112 409
24.24124 448
24.26135 481
24.28146 517
24.30158 526
24.32169 533
24.34181 568
24.36192 531
24.38203 506
24.40215 422
24.42226 394
24.44237 405
24.46249 357
24.4826 348
24.50272 307
24.52283 333
24.54294 294
24.56306 356
24.58317 322
24.60328 336
24.6234 352
24.64351 355
24.66362 404
24.68374 402
24.70385 483
24.72397 437
24.74408 452
24.76419 386
24.78431 379
24.80442 381
24.82453 346
24.84465 351
24.86476 352
24.88488 364
24.90499 352
24.9251 350
24.94522 407
24.96533 376
24.98544 356
25.00556 336
25.02567 330
25.04579 323
25.0659 280
25.08601 304
25.10613 261
25.12624 316
25.14635 307
25.16647 298
25.18658 267
25.20669 300
25.22681 292
25.24692 265
25.26704 299
25.28715 287
25.30726 330
25.32738 291
25.34749 348
25.3676 351
25.38772 336
25.40783 464
25.42795 481
25.44806 560
25.46817 686
25.48829 743
25.5084 864
25.52851 986
25.54863 1137
25.56874 1005
25.58886 1009
25.60897 1063
25.62908 993
25.6492 987
25.66931 915
25.68942 836
25.70954 734
25.72965 684
25.74976 597
25.76988 533
25.78999 463
25.81011 409
25.83022 393
25.85033 403
25.87045 410
25.89056 366
25.91067 386
25.93079 373
25.9509 358
25.97102 383
25.99113 390
26.01124 377
26.03136 402
26.05147 465
26.07158 424
26.0917 439
26.11181 437
26.13193 438
26.15204 496
26.17215 525
26.19227 560
26.21238 619
26.23249 659
26.25261 706
26.27272 708
26.29283 831
26.31295 898
26.33306 1017
26.35318 1187
26.37329 1346
26.3934 1603
26.41352 1853
26.43363 2101
26.45374 2403
26.47386 2725
26.49397 3337
26.51409 4297
26.5342 5651
26.55431 7667
26.57443 10273
26.59454 13651
26.61465 17264
26.63477 19923
26.65488 19947
26.67499 16992
26.69511 13211
26.71522 10164
26.73534 7586
26.75545 4571
26.77556 2486
26.79568 1662
26.81579 1359
26.8359 1115
26.85602 1112
26.87613 1005
26.89625 957
26.91636 956
26.93647 998
26.95659 1062
26.9767 1098
26.99681 1214
27.01693 1295
27.03704 1472
27.05716 1596
27.07727 1701
27.09738 1492
27.1175 1412
27.13761 1215
27.15772 1084
27.17784 907
27.19795 817
27.21806 788
27.23818 772
27.25829 792
27.27841 918
27.29852 1006
27.31863 1108
27.33875 1320
27.35886 1508
27.37897 1882
27.39909 2304
27.4192 2577
27.43932 2698
27.45943 3065
27.47954 2723
27.49966 2531
27.51977 2253
27.53988 1970
27.56 1609
27.58011 1218
27.60023 994
27.62034 853
27.64045 741
27.66057 696
27.68068 691
27.70079 725
27.72091 774
27.74102 859
27.76113 891
27.78125 897
27.80136 918
27.82148 878
27.84159 913
27.8617 848
27.88182 924
27.90193 916
27.92204 892
27.94216 935
27.96227 948
27.98239 883
28.0025 854
28.02261 783
28.04273 658
28.06284 591
28.08295 517
28.10307 445
28.12318 386
28.1433 391
28.16341 357
28.18352 370
28.20364 397
28.22375 373
28.24386 376
28.26398 440
28.28409 418
28.3042 421
28.32432 373
28.34443 343
28.36455 329
28.38466 340
28.40477 304
28.42489 283
28.445 267
28.46511 243
28.48523 261
28.50534 227
28.52546 252
28.54557 255
28.56568 228
28.5858 236
28.60591 254
28.62602 259
28.64614 232
28.66625 248
28.68636 233
28.70648 239
28.72659 248
28.74671 227
28.76682 244
28.78693 243
28.80705 246
28.82716 247
28.84727 243
28.86739 236
28.8875 259
28.90762 252
28.92773 227
28.94784 237
28.96796 236
28.98807 233
29.00818 229
29.0283 261
29.04841 244
29.06853 260
29.08864 237
29.10875 225
29.12887 247
29.14898 239
29.16909 267
29.18921 243
29.20932 250
29.22943 271
29.24955 276
29.26966 280
29.28978 279
29.30989 302
29.33 355
29.35012 392
29.37023 432
29.39034 521
29.41046 466
29.43057 525
29.45069 572
29.4708 554
29.49091 477
29.51103 491
29.53114 438
29.55125 426
29.57137 380
29.59148 378
29.6116 324
29.63171 340
29.65182 346
29.67194 352
29.69205 322
29.71216 346
29.73228 331
29.75239 389
29.7725 377
29.79262 397
29.81273 371
29.83285 398
29.85296 396
29.87307 406
29.89319 372
29.9133 354
29.93341 307
29.95353 376
29.97364 379
29.99376 350
30.01387 388
30.03398 403
30.0541 405
30.07421 437
30.09432 475
30.11444 492
30.13455 506
30.15467 579
30.17478 609
30.19489 647
30.21501 684
30.23512 649
30.25523 649
30.27535 567
30.29546 583
30.31557 553
30.33569 540
30.3558 487
30.37592 508
30.39603 482
30.41614 445
30.43626 439
30.45637 441
30.47648 383
30.4966 393
30.51671 360
30.53683 372
30.55694 338
30.57705 338
30.59717 374
30.61728 365
30.63739 395
30.65751 426
30.67762 508
30.69773 542
30.71785 542
30.73796 617
30.75808 648
30.77819 709
30.7983 656
30.81842 647
30.83853 642
30.85864 600
30.87876 567
30.89887 490
30.91899 469
30.9391 463
30.95921 428
30.97933 357
30.99944 338
31.01955 270
31.03967 269
31.05978 244
31.0799 250
31.10001 211
31.12012 240
31.14024 218
31.16035 231
31.18046 236
31.20058 243
31.22069 252
31.2408 237
31.26092 224
31.28103 242
31.30115 269
31.32126 249
31.34137 279
31.36149 277
31.3816 251
31.40171 234
31.42183 275
31.44194 248
31.46206 224
31.48217 223
31.50228 222
31.5224 207
31.54251 192
31.56262 231
31.58274 234
31.60285 216
31.62297 197
31.64308 216
31.66319 212
31.68331 238
31.70342 242
31.72353 199
31.74365 196
31.76376 180
31.78387 196
31.80399 191
31.8241 196
31.84422 208
31.86433 194
31.88444 160
31.90456 221
31.92467 209
31.94478 230
31.9649 209
31.98501 223
32.00513 239
32.02524 227
32.04535 273
32.06547 252
32.08558 282
32.10569 317
32.12581 304
32.14592 318
32.16604 302
32.18615 286
32.20626 280
32.22638 307
32.24649 302
32.2666 270
32.28672 302
32.30683 307
32.32694 326
32.34706 307
32.36717 300
32.38729 309
32.4074 315
32.42751 317
32.44763 374
32.46774 337
32.48785 343
32.50797 351
32.52808 283
32.5482 286
32.56831 245
32.58842 227
32.60854 221
32.62865 232
32.64876 196
32.66888 188
32.68899 176
32.7091 207
32.72922 197
32.74933 204
32.76945 197
32.78956 174
32.80967 200
32.82979 156
32.8499 178
32.87001 192
32.89013 187
32.91024 181
32.93036 183
32.95047 170
32.97058 174
32.9907 171
33.01081 172
33.03092 181
33.05104 148
33.07115 179
33.09127 185
33.11138 180
33.13149 160
33.15161 181
33.17172 208
33.19183 177
33.21195 181
33.23206 180
33.25217 152
33.27229 184
33.2924 182
33.31252 183
33.33263 161
33.35274 148
33.37286 192
33.39297 153
33.41308 153
33.4332 180
33.45331 164
33.47343 176
33.49354 190
33.51365 167
33.53377 180
33.55388 154
33.57399 162
33.59411 153
33.61422 195
33.63434 160
33.65445 183
33.67456 192
33.69468 183
33.71479 186
33.7349 189
33.75502 208
33.77513 193
33.79524 214
33.81536 230
33.83547 218
33.85559 244
33.8757 237
33.89581 203
33.91593 233
33.93604 218
33.95615 214
33.97627 219
33.99638 227
34.0165 256
34.03661 238
34.05672 236
34.07684 294
34.09695 347
34.11706 355
34.13718 390
34.15729 442
34.17741 428
34.19752 447
34.21763 489
34.23775 462
34.25786 459
34.27797 447
34.29809 369
34.3182 358
34.33831 361
34.35843 336
34.37854 334
34.39866 326
34.41877 323
34.43888 297
34.459 307
34.47911 304
34.49922 303
34.51934 288
34.53945 280
34.55957 300
34.57968 279
34.59979 326
34.61991 328
34.64002 300
34.66013 334
34.68025 347
34.70036 362
34.72047 357
34.74059 338
34.7607 288
34.78082 344
34.80093 346
34.82104 334
34.84116 368
34.86127 349
34.88138 311
34.9015 391
34.92161 390
34.94173 377
34.96184 348
34.98195 362
35.00207 341
35.02218 330
35.04229 328
35.06241 309
35.08252 360
35.10264 354
35.12275 350
35.14286 313
35.16298 398
35.18309 358
35.2032 350
35.22332 394
35.24343 397
35.26354 437
35.28366 382
35.30377 384
35.32389 417
35.344 405
35.36411 412
35.38423 382
35.40434 410
35.42445 378
35.44457 423
35.46468 395
35.4848 392
35.50491 456
35.52502 436
35.54514 444
35.56525 497
35.58536 484
35.60548 479
35.62559 416
35.64571 367
35.66582 371
35.68593 350
35.70605 306
35.72616 295
35.74627 285
35.76639 266
35.7865 263
35.80661 278
35.82673 291
35.84684 277
35.86696 290
35.88707 310
35.90718 309
35.9273 267
35.94741 276
35.96752 260
35.98764 258
36.00775 241
36.02787 268
36.04798 228
36.06809 231
36.08821 215
36.10832 230
36.12843 274
36.14855 228
36.16866 232
36.18878 264
36.20889 233
36.229 273
36.24912 244
36.26923 307
36.28934 295
36.30946 275
36.32957 310
36.34968 376
36.3698 386
36.38991 397
36.41003 483
36.43014 597
36.45025 782
36.47037 879
36.49048 1155
36.51059 1265
36.53071 1405
36.55082 1383
36.57094 1266
36.59105 995
36.61116 848
36.63128 797
36.65139 681
36.6715 514
36.69162 401
36.71173 324
36.73184 274
36.75196 284
36.77207 272
36.79219 279
36.8123 287
36.83241 264
36.85253 282
36.87264 335
36.89275 332
36.91287 345
36.93298 379
36.9531 390
36.97321 368
36.99332 376
37.01344 350
37.03355 388
37.05366 371
37.07378 304
37.09389 290
37.11401 331
37.13412 253
37.15423 257
37.17435 256
37.19446 252
37.21457 232
37.23469 216
37.2548 244
37.27491 223
37.29503 229
37.31514 206
37.33526 223
37.35537 235
37.37548 247
37.3956 219
37.41571 210
37.43582 224
37.45594 209
37.47605 234
37.49617 249
37.51628 230
37.53639 231
37.55651 237
37.57662 239
37.59673 251
37.61685 235
37.63696 243
37.65708 238
37.67719 236
37.6973 205
37.71742 236
37.73753 198
37.75764 223
37.77776 182
37.79787 193
37.81798 196
37.8381 186
37.85821 179
37.87833 189
37.89844 172
37.91855 188
37.93867 168
37.95878 172
37.97889 195
37.99901 214
38.01912 217
38.03924 179
38.05935 179
38.07946 191
38.09958 176
38.11969 226
38.1398 199
38.15992 206
38.18003 205
38.20015 199
38.22026 203
38.24037 209
38.26049 197
38.2806 214
38.30071 191
38.32083 205
38.34094 220
38.36105 234
38.38117 230
38.40128 212
38.4214 231
38.44151 290
38.46162 282
38.48174 318
38.50185 310
38.52196 374
38.54208 374
38.56219 364
38.58231 330
38.60242 328
38.62253 296
38.64265 278
38.66276 269
38.68287 229
38.70299 244
38.7231 206
38.74321 203
38.76333 200
38.78344 185
38.80356 217
38.82367 186
38.84378 236
38.8639 201
38.88401 211
38.90412 189
38.92424 209
38.94435 198
38.96447 229
38.98458 195
39.00469 220
39.02481 238
39.04492 222
39.06503 258
39.08515 254
39.10526 286
39.12538 231
39.14549 277
39.1656 248
39.18572 252
39.20583 257
39.22594 267
39.24606 285
39.26617 307
39.28628 349
39.3064 404
39.32651 422
39.34663 561
39.36674 588
39.38685 780
39.40697 987
39.42708 1181
39.44719 1280
39.46731 1341
39.48742 1194
39.50754 921
39.52765 847
39.54776 740
39.56788 716
39.58799 614
39.6081 443
39.62822 337
39.64833 285
39.66845 238
39.68856 230
39.70867 229
39.72879 221
39.7489 223
39.76901 193
39.78913 194
39.80924 183
39.82935 176
39.84947 189
39.86958 188
39.8897 179
39.90981 190
39.92992 200
39.95004 208
39.97015 211
39.99026 225
40.01038 232
40.03049 215
40.05061 208
40.07072 233
40.09083 251
40.11095 262
40.13106 279
40.15117 333
40.17129 374
40.1914 413
40.21152 477
40.23163 599
40.25174 705
40.27186 717
40.29197 770
40.31208 654
40.3322 535
40.35231 521
40.37242 451
40.39254 453
40.41265 388
40.43277 345
40.45288 275
40.47299 250
40.49311 245
40.51322 207
40.53333 197
40.55345 215
40.57356 198
40.59368 180
40.61379 177
40.6339 199
40.65402 195
40.67413 189
40.69424 199
40.71436 199
40.73447 197
40.75458 193
40.7747 183
40.79481 195
40.81493 214
40.83504 200
40.85515 196
40.87527 200
40.89538 189
40.91549 182
40.93561 197
40.95572 207
40.97584 185
40.99595 161
41.01606 178
41.03618 159
41.05629 176
41.0764 189
41.09652 175
41.11663 198
41.13675 173
41.15686 196
41.17697 191
41.19709 181
41.2172 195
41.23731 195
41.25743 184
41.27754 190
41.29765 218
41.31777 204
41.33788 212
41.358 196
41.37811 244
41.39822 190
41.41834 202
41.43845 194
41.45856 209
41.47868 223
41.49879 216
41.51891 263
41.53902 244
41.55913 246
41.57925 283
41.59936 298
41.61947 301
41.63959 316
41.6597 346
41.67982 353
41.69993 422
41.72004 503
41.74016 556
41.76027 583
41.78038 686
41.8005 688
41.82061 649
41.84072 561
41.86084 544
41.88095 460
41.90107 440
41.92118 435
41.94129 368
41.96141 343
41.98152 278
42.00163 245
42.02175 268
42.04186 204
42.06198 204
42.08209 239
42.1022 238
42.12232 242
42.14243 221
42.16254 238
42.18266 234
42.20277 257
42.22289 271
42.243 290
42.26311 315
42.28323 367
42.30334 465
42.32345 489
42.34357 567
42.36368 641
42.38379 762
42.40391 838
42.42402 960
42.44414 995
42.46425 965
42.48436 810
42.50448 642
42.52459 583
42.5447 586
42.56482 579
42.58493 474
42.60505 382
42.62516 314
42.64527 263
42.66539 286
42.6855 305
42.70561 297
42.72573 302
42.74584 281
42.76595 261
42.78607 248
42.80618 276
42.8263 253
42.84641 273
42.86652 279
42.88664 265
42.90675 267
42.92686 246
42.94698 259
42.96709 225
42.98721 251
43.00732 226
43.02743 215
43.04755 234
43.06766 218
43.08777 202
43.10789 230
43.128 214
43.14812 202
43.16823 213
43.18834 192
43.20846 203
43.22857 191
43.24868 206
43.2688 174
43.28891 174
43.30902 166
43.32914 217
43.34925 170
43.36937 163
43.38948 209
43.40959 170
43.42971 177
43.44982 184
43.46993 181
43.49005 180
43.51016 191
43.53028 236
43.55039 215
43.5705 228
43.59062 231
43.61073 203
43.63084 231
43.65096 220
43.67107 192
43.69119 204
43.7113 203
43.73141 179
43.75153 185
43.77164 170
43.79175 180
43.81187 155
43.83198 174
43.85209 197
43.87221 168
43.89232 178
43.91244 185
43.93255 198
43.95266 187
43.97278 186
43.99289 207
44.013 167
44.03312 207
44.05323 200
44.07335 201
44.09346 220
44.11357 225
44.13369 206
44.1538 197
44.17391 216
44.19403 227
44.21414 213
44.23426 203
44.25437 204
44.27448 224
44.2946 179
44.31471 180
44.33482 197
44.35494 196
44.37505 195
44.39516 180
44.41528 168
44.43539 184
44.45551 181
44.47562 190
44.49573 192
44.51585 196
44.53596 185
44.55607 197
44.57619 207
44.5963 215
44.61642 196
44.63653 202
44.65664 197
44.67676 205
44.69687 201
44.71698 165
44.7371 174
44.75721 182
44.77732 192
44.79744 192
44.81755 178
44.83767 199
44.85778 189
44.87789 171
44.89801 180
44.91812 179
44.93823 176
44.95835 187
44.97846 200
44.99858 195
45.01869 171
45.0388 181
45.05892 202
45.07903 193
45.09914 183
45.11926 183
45.13937 192
45.15949 173
45.1796 181
45.19971 169
45.21983 150
45.23994 196
45.26005 195
45.28017 188
45.30028 196
45.32039 210
45.34051 228
45.36062 245
45.38074 226
45.40085 233
45.42096 255
45.44108 245
45.46119 282
45.4813 331
45.50142 333
45.52153 351
45.54165 320
45.56176 306
45.58187 346
45.60199 415
45.6221 426
45.64221 455
45.66233 481
45.68244 513
45.70256 556
45.72267 633
45.74278 729
45.7629 806
45.78301 810
45.80312 733
45.82324 619
45.84335 501
45.86346 477
45.88358 511
45.90369 467
45.92381 420
45.94392 353
45.96403 280
45.98415 235
46.00426 227
46.02437 205
46.04449 204
46.0646 203
46.08472 206
46.10483 213
46.12494 251
46.14506 209
46.16517 216
46.18528 261
46.2054 229
46.22551 248
46.24563 219
46.26574 226
46.28585 241
46.30597 217
46.32608 251
46.34619 211
46.36631 199
46.38642 184
46.40653 194
46.42665 207
46.44676 180
46.46688 186
46.48699 183
46.5071 168
46.52722 186
46.54733 176
46.56744 165
46.58756 181
46.60767 161
46.62779 165
46.6479 152
46.66801 168
46.68813 179
46.70824 158
46.72835 155
46.74847 158
46.76858 165
46.78869 171
46.80881 194
46.82892 191
46.84904 162
46.86915 186
46.88926 207
46.90938 177
46.92949 213
46.9496 189
46.96972 199
46.98983 239
47.00995 202
47.03006 233
47.05017 249
47.07029 257
47.0904 263
47.11051 258
47.13063 282
47.15074 288
47.17086 277
47.19097 274
47.21108 300
47.2312 272
47.25131 242
47.27142 224
47.29154 244
47.31165 228
47.33176 217
47.35188 268
47.37199 244
47.39211 274
47.41222 273
47.43233 268
47.45245 265
47.47256 270
47.49267 259
47.51279 264
47.5329 240
47.55302 267
47.57313 259
47.59324 237
47.61336 198
47.63347 182
47.65358 215
47.6737 195
47.69381 194
47.71393 169
47.73404 166
47.75415 144
47.77427 155
47.79438 158
47.81449 137
47.83461 167
47.85472 149
47.87483 164
47.89495 148
47.91506 163
47.93518 166
47.95529 150
47.9754 189
47.99552 169
48.01563 181
48.03574 177
48.05586 157
48.07597 166
48.09609 166
48.1162 186
48.13631 177
48.15643 157
48.17654 167
48.19665 164
48.21677 176
48.23688 191
48.257 197
48.27711 159
48.29722 171
48.31734 196
48.33745 186
48.35756 167
48.37768 171
48.39779 188
48.4179 187
48.43802 194
48.45813 178
48.47825 172
48.49836 149
48.51847 192
48.53859 161
48.5587 167
48.57881 176
48.59893 177
48.61904 205
48.63916 179
48.65927 180
48.67938 184
48.6995 239
48.71961 228
48.73972 211
48.75984 234
48.77995 256
48.80006 260
48.82018 255
48.84029 249
48.86041 252
48.88052 263
48.90063 253
48.92075 274
48.94086 261
48.96097 286
48.98109 275
49.0012 260
49.02132 247
49.04143 246
49.06154 272
49.08166 238
49.10177 274
49.12188 280
49.142 249
49.16211 245
49.18223 242
49.20234 250
49.22245 237
49.24257 234
49.26268 199
49.28279 199
49.30291 191
49.32302 197
49.34313 199
49.36325 190
49.38336 182
49.40348 152
49.42359 190
49.4437 170
49.46382 151
49.48393 175
49.50404 183
49.52416 202
49.54427 201
49.56439 169
49.5845 178
49.60461 187
49.62473 202
49.64484 175
49.66495 230
49.68507 231
49.70518 250
49.7253 272
49.74541 279
49.76552 265
49.78564 328
49.80575 308
49.82586 329
49.84598 352
49.86609 395
49.8862 463
49.90632 449
49.92643 525
49.94655 581
49.96666 602
49.98677 733
50.00689 841
50.027 1034
50.04711 1257
50.06723 1508
50.08734 1792
50.10746 1856
50.12757 1998
50.14768 1847
50.1678 1478
50.18791 1217
50.20802 1066
50.22814 1087
50.24825 1037
50.26837 1052
50.28848 858
50.30859 680
50.32871 491
50.34882 414
50.36893 425
50.38905 405
50.40916 452
50.42927 507
50.44939 532
50.4695 576
50.48962 636
50.50973 655
50.52984 624
50.54996 639
50.57007 551
50.59018 541
50.6103 481
50.63041 539
50.65053 513
50.67064 498
50.69075 452
50.71087 429
50.73098 417
50.75109 369
50.77121 361
50.79132 378
50.81143 330
50.83155 363
50.85166 330
50.87178 329
50.89189 332
50.912 303
50.93212 283
50.95223 298
50.97234 286
50.99246 226
51.01257 264
51.03269 261
51.0528 216
51.07291 239
51.09303 234
51.11314 244
51.13325 218
51.15337 232
51.17348 221
51.1936 244
51.21371 201
51.23382 215
51.25394 249
51.27405 223
51.29416 194
51.31428 186
51.33439 207
51.3545 201
51.37462 195
51.39473 180
51.41485 199
51.43496 199
51.45507 198
51.47519 186
51.4953 175
51.51541 156
51.53553 179
51.55564 152
51.57576 159
51.59587 177
51.61598 167
51.6361 156
51.65621 154
51.67632 175
51.69644 148
51.71655 162
51.73667 184
51.75678 171
51.77689 160
51.79701 155
51.81712 157
51.83723 151
51.85735 161
51.87746 141
51.89757 157
51.91769 159
51.9378 160
51.95792 155
51.97803 143
51.99814 136
52.01826 127
52.03837 141
52.05848 162
52.0786 163
52.09871 138
52.11883 139
52.13894 169
52.15905 170
52.17917 147
52.19928 161
52.21939 160
52.23951 164
52.25962 152
52.27974 155
52.29985 163
52.31996 176
52.34008 149
52.36019 174
52.3803 175
52.40042 171
52.42053 174
52.44064 153
52.46076 163
52.48087 187
52.50099 196
52.5211 215
52.54121 195
52.56133 208
52.58144 186
52.60155 202
52.62167 215
52.64178 174
52.6619 217
52.68201 198
52.70212 184
52.72224 209
52.74235 195
52.76246 200
52.78258 213
52.80269 208
52.8228 186
52.84292 196
52.86303 209
52.88315 199
52.90326 183
52.92337 190
52.94349 181
52.9636 180
52.98371 183
53.00383 185
53.02394 196
53.04406 182
53.06417 173
53.08428 189
53.1044 173
53.12451 159
53.14462 159
53.16474 167
53.18485 145
53.20497 159
53.22508 189
53.24519 186
53.26531 164
53.28542 184
53.30553 161
53.32565 170
53.34576 169
53.36587 179
53.38599 182
53.4061 177
53.42622 149
53.44633 177
53.46644 197
53.48656 184
53.50667 164
53.52678 168
53.5469 160
53.56701 172
53.58713 137
53.60724 181
53.62735 156
53.64747 192
53.66758 148
53.68769 159
53.70781 157
53.72792 167
53.74804 176
53.76815 172
53.78826 166
53.80838 152
53.82849 196
53.8486 165
53.86872 172
53.88883 166
53.90894 204
53.92906 177
53.94917 192
53.96929 147
53.9894 173
54.00951 171
54.02963 167
54.04974 207
54.06985 164
54.08997 172
54.11008 165
54.1302 199
54.15031 166
54.17042 193
54.19054 183
54.21065 173
54.23076 192
54.25088 193
54.27099 191
54.29111 193
54.31122 193
54.33133 207
54.35145 193
54.37156 187
54.39167 181
54.41179 165
54.4319 201
54.45201 186
54.47213 189
54.49224 180
54.51236 220
54.53247 188
54.55258 204
54.5727 211
54.59281 203
54.61292 213
54.63304 226
54.65315 273
54.67327 242
54.69338 301
54.71349 319
54.73361 404
54.75372 404
54.77383 464
54.79395 525
54.81406 617
54.83417 647
54.85429 652
54.8744 667
54.89452 568
54.91463 500
54.93474 408
54.95486 431
54.97497 382
54.99508 439
55.0152 408
55.03531 362
55.05543 313
55.07554 260
55.09565 256
55.11577 236
55.13588 265
55.15599 255
55.17611 271
55.19622 283
55.21634 322
55.23645 355
55.25656 356
55.27668 428
55.29679 447
55.3169 440
55.33702 382
55.35713 366
55.37724 324
55.39736 308
55.41747 276
55.43759 319
55.4577 308
55.47781 296
55.49793 291
55.51804 269
55.53815 255
55.55827 244
55.57838 217
55.5985 233
55.61861 206
55.63872 219
55.65884 172
55.67895 184
55.69906 211
55.71918 184
55.73929 187
55.75941 201
55.77952 175
55.79963 172
55.81975 173
55.83986 156
55.85997 177
55.88009 149
55.9002 165
55.92031 158
55.94043 156
55.96054 147
55.98066 150
56.00077 163
56.02088 174
56.041 168
56.06111 162
56.08122 152
56.10134 144
56.12145 185
56.14157 150
56.16168 184
56.18179 151
56.20191 145
56.22202 158
56.24213 163
56.26225 132
56.28236 159
56.30248 138
56.32259 172
56.3427 167
56.36282 137
56.38293 137
56.40304 150
56.42316 139
56.44327 140
56.46338 161
56.4835 174
56.50361 164
56.52373 170
56.54384 188
56.56395 151
56.58407 180
56.60418 168
56.62429 176
56.64441 159
56.66452 180
56.68464 180
56.70475 196
56.72486 195
56.74498 194
56.76509 196
56.7852 190
56.80532 212
56.82543 194
56.84554 199
56.86566 172
56.88577 165
56.90589 182
56.926 179
56.94611 183
56.96623 159
56.98634 159
57.00645 167
57.02657 153
57.04668 162
57.0668 156
57.08691 152
57.10702 171
57.12714 161
57.14725 157
57.16736 193
57.18748 225
57.20759 182
57.22771 212
57.24782 186
57.26793 206
57.28805 169
57.30816 194
57.32827 209
57.34839 185
57.3685 208
57.38861 228
57.40873 181
57.42884 172
57.44896 207
57.46907 201
57.48918 184
57.5093 198
57.52941 190
57.54952 208
57.56964 174
57.58975 167
57.60987 180
57.62998 184
57.65009 178
57.67021 168
57.69032 151
57.71043 148
57.73055 146
57.75066 148
57.77078 152
57.79089 128
57.811 167
57.83112 145
57.85123 161
57.87134 145
57.89146 159
57.91157 167
57.93168 139
57.9518 126
57.97191 145
57.99203 155
58.01214 144
58.03225 156
58.05237 145
58.07248 180
58.09259 160
58.11271 179
58.13282 160
58.15294 168
58.17305 176
58.19316 177
58.21328 154
58.23339 160
58.2535 171
58.27362 170
58.29373 185
58.31385 167
58.33396 153
58.35407 168
58.37419 180
58.3943 184
58.41441 190
58.43453 191
58.45464 175
58.47475 172
58.49487 186
58.51498 199
58.5351 199
58.55521 183
58.57532 208
58.59544 220
58.61555 207
58.63566 221
58.65578 226
58.67589 201
58.69601 200
58.71612 168
58.73623 186
58.75635 185
58.77646 206
58.79657 211
58.81669 186
58.8368 171
58.85691 204
58.87703 173
58.89714 164
58.91726 134
58.93737 156
58.95748 170
58.9776 170
58.99771 165
59.01782 156
59.03794 172
59.05805 134
59.07817 153
59.09828 148
59.11839 157
59.13851 145
59.15862 166
59.17873 147
59.19885 149
59.21896 152
59.23908 155
59.25919 167
59.2793 159
59.29942 164
59.31953 181
59.33964 173
59.35976 166
59.37987 170
59.39998 179
59.4201 184
59.44021 203
59.46033 211
59.48044 221
59.50055 209
59.52067 222
59.54078 226
59.56089 234
59.58101 224
59.60112 243
59.62124 290
59.64135 256
59.66146 289
59.68158 304
59.70169 332
59.7218 376
59.74192 361
59.76203 419
59.78215 461
59.80226 568
59.82237 675
59.84249 786
59.8626 876
59.88271 1058
59.90283 1123
59.92294 1183
59.94305 1217
59.96317 1157
59.98328 957
60.0034 731
60.02351 641
60.04362 713
60.06374 655
60.08385 719
60.10396 689
60.12408 618
60.14419 528
60.16431 412
60.18442 308
60.20453 261
60.22465 244
60.24476 240
60.26487 226
60.28499 193
60.3051 207
60.32522 203
60.34533 204
60.36544 209
60.38556 172
60.40567 178
60.42578 190
60.4459 181
60.46601 208
60.48612 178
60.50624 176
60.52635 181
60.54647 173
60.56658 163
60.58669 191
60.60681 188
60.62692 198
60.64703 184
60.66715 184
60.68726 185
60.70738 184
60.72749 184
60.7476 159
60.76772 196
60.78783 177
60.80794 183
60.82806 176
60.84817 178
60.86828 162
60.8884 166
60.90851 191
60.92863 200
60.94874 207
60.96885 199
60.98897 203
61.00908 213
61.02919 207
61.04931 221
61.06942 256
61.08954 239
61.10965 257
61.12976 269
61.14988 279
61.16999 252
61.1901 256
61.21022 230
61.23033 269
61.25045 234
61.27056 245
61.29067 215
61.31079 221
61.3309 186
61.35101 170
61.37113 187
61.39124 198
61.41135 191
61.43147 157
61.45158 159
61.4717 191
61.49181 169
61.51192 148
61.53204 169
61.55215 172
61.57226 157
61.59238 174
61.61249 162
61.63261 180
61.65272 150
61.67283 172
61.69295 157
61.71306 161
61.73317 187
61.75329 168
61.7734 165
61.79352 158
61.81363 155
61.83374 165
61.85386 171
61.87397 173
61.89408 140
61.9142 169
61.93431 174
61.95442 150
61.97454 144
61.99465 195
62.01477 176
62.03488 170
62.05499 161
62.07511 180
62.09522 172
62.11533 191
62.13545 193
62.15556 187
62.17568 178
62.19579 193
62.2159 180
62.23602 177
62.25613 195
62.27624 186
62.29636 162
62.31647 178
62.33659 171
62.3567 175
62.37681 188
62.39693 204
62.41704 172
62.43715 192
62.45727 153
62.47738 162
62.49749 182
62.51761 164
62.53772 189
62.55784 176
62.57795 185
62.59806 183
62.61818 210
62.63829 200
62.6584 187
62.67852 189
62.69863 201
62.71875 168
62.73886 199
62.75897 194
62.77909 222
62.7992 191
62.81931 207
62.83943 180
62.85954 198
62.87965 203
62.89977 198
62.91988 214
62.94 209
62.96011 210
62.98022 238
63.00034 204
63.02045 247
63.04056 222
63.06068 225
63.08079 233
63.10091 244
63.12102 255
63.14113 238
63.16125 219
63.18136 249
63.20147 193
63.22159 210
63.2417 217
63.26182 224
63.28193 230
63.30204 223
63.32216 207
63.34227 182
63.36238 164
63.3825 189
63.40261 202
63.42272 209
63.44284 174
63.46295 196
63.48307 197
63.50318 181
63.52329 201
63.54341 193
63.56352 201
63.58363 202
63.60375 209
63.62386 197
63.64398 222
63.66409 215
63.6842 244
63.70432 216
63.72443 256
63.74454 238
63.76466 280
63.78477 293
63.80489 284
63.825 314
63.84511 330
63.86523 319
63.88534 320
63.90545 365
63.92557 390
63.94568 396
63.96579 387
63.98591 417
64.00602 393
64.02614 429
64.04625 388
64.06636 339
64.08648 303
64.10659 274
64.1267 271
64.14682 279
64.16693 280
64.18705 261
64.20716 282
64.22727 247
64.24739 201
64.2675 215
64.28761 195
64.30773 157
64.32784 162
64.34796 152
64.36807 167
64.38818 183
64.4083 139
64.42841 172
64.44852 151
64.46864 149
64.48875 134
64.50886 149
64.52898 131
64.54909 142
64.56921 142
64.58932 146
64.60943 168
64.62955 133
64.64966 144
64.66977 162
64.68989 151
64.71 140
64.73012 171
64.75023 156
64.77034 135
64.79046 158
64.81057 159
64.83068 169
64.8508 135
64.87091 158
64.89102 171
64.91114 175
64.93125 183
64.95137 170
64.97148 185
64.99159 183
65.01171 188
65.03182 163
65.05193 208
65.07205 189
65.09216 190
65.11228 214
65.13239 233
65.1525 218
65.17262 218
65.19273 194
65.21284 221
65.23296 182
65.25307 188
65.27319 230
65.2933 215
65.31341 214
65.33353 214
65.35364 196
65.37375 209
65.39387 209
65.41398 192
65.43409 207
65.45421 183
65.47432 200
65.49444 179
65.51455 178
65.53466 174
65.55478 201
65.57489 160
65.595 182
65.61512 179
65.63523 183
65.65535 188
65.67546 216
65.69557 182
65.71569 196
65.7358 176
65.75591 172
65.77603 195
65.79614 192
65.81626 177
65.83637 156
65.85648 159
65.8766 155
65.89671 166
65.91682 183
65.93694 203
65.95705 182
65.97716 182
65.99728 175
66.01739 167
66.03751 181
66.05762 156
66.07773 176
66.09785 195
66.11796 164
66.13807 182
66.15819 191
66.1783 166
66.19842 175
66.21853 207
66.23864 201
66.25876 199
66.27887 186
66.29898 209
66.3191 204
66.33921 204
66.35933 197
66.37944 206
66.39955 210
66.41967 204
66.43978 201
66.45989 213
66.48001 183
66.50012 180
66.52023 165
66.54035 180
66.56046 179
66.58058 173
66.60069 168
66.6208 154
66.64092 177
66.66103 153
66.68114 161
66.70126 169
66.72137 171
66.74149 158
66.7616 168
66.78171 182
66.80183 150
66.82194 164
66.84205 166
66.86217 158
66.88228 172
66.90239 155
66.92251 173
66.94262 188
66.96274 182
66.98285 179
67.00296 179
67.02308 171
67.04319 186
67.0633 174
67.08342 195
67.10353 159
67.12365 188
67.14376 193
67.16387 175
67.18399 174
67.2041 199
67.22421 164
67.24433 172
67.26444 189
67.28456 166
67.30467 188
67.32478 197
67.3449 177
67.36501 186
67.38512 189
67.40524 190
67.42535 209
67.44546 223
67.46558 249
67.48569 239
67.50581 280
67.52592 309
67.54603 323
67.56615 358
67.58626 408
67.60637 456
67.62649 548
67.6466 563
67.66672 640
67.68683 752
67.70694 745
67.72706 727
67.74717 714
67.76728 573
67.7874 540
67.80751 508
67.82763 506
67.84774 513
67.86785 576
67.88797 554
67.90808 605
67.92819 602
67.94831 618
67.96842 585
67.98853 596
68.00865 659
68.02876 722
68.04888 766
68.06899 898
68.0891 961
68.10922 941
68.12933 1004
68.14944 973
68.16956 855
68.18967 764
68.20979 750
68.2299 749
68.25001 889
68.27013 911
68.29024 954
68.31035 912
68.33047 821
68.35058 643
68.3707 550
68.39081 480
68.41092 378
68.43104 385
68.45115 390
68.47126 391
68.49138 385
68.51149 327
68.5316 304
68.55172 258
68.57183 231
68.59195 206
68.61206 202
68.63217 162
68.65229 184
68.6724 203
68.69251 192
68.71263 184
68.73274 204
68.75286 180
68.77297 161
68.79308 163
68.8132 172
68.83331 167
68.85342 190
68.87354 150
68.89365 180
68.91376 171
68.93388 150
68.95399 196
68.97411 183
68.99422 198
69.01433 185
69.03445 146
69.05456 165
69.07467 151
69.09479 161
69.1149 154
69.13502 185
69.15513 164
69.17524 150
69.19536 141
69.21547 146
69.23558 168
69.2557 150
69.27581 139
69.29593 143
69.31604 175
69.33615 150
69.35627 130
69.37638 152
69.39649 163
69.41661 155
69.43672 146
69.45683 122
69.47695 133
69.49706 143
69.51718 155
69.53729 140
69.5574 160
69.57752 143
69.59763 155
69.61774 120
69.63786 147
69.65797 141
69.67809 154
69.6982 162
69.71831 152
69.73843 162
69.75854 155
69.77865 143
69.79877 137
69.81888 157
69.839 163
69.85911 154
69.87922 142
69.89934 139
69.91945 160
69.93956 149
69.95968 127
69.97979 146
69.9999 134
70.02002 146
70.04013 157
70.06025 149
70.08036 170
70.10047 167
70.12059 175
70.1407 132
70.16081 149
70.18093 167
70.20104 150
70.22116 136
70.24127 143
70.26138 140
70.2815 147
70.30161 126
70.32172 133
70.34184 136
70.36195 145
70.38207 128
70.40218 137
70.42229 148
70.44241 122
70.46252 155
70.48263 161
70.50275 139
70.52286 132
70.54297 151
70.56309 159
70.5832 160
70.60332 146
70.62343 156
70.64354 133
70.66366 139
70.68377 157
70.70388 135
70.724 145
70.74411 164
70.76423 171
70.78434 148
70.80445 156
70.82457 172
70.84468 169
70.86479 148
70.88491 168
70.90502 169
70.92513 152
70.94525 137
70.96536 131
70.98548 148
71.00559 149
71.0257 154
71.04582 157
71.06593 175
71.08604 146
71.10616 140
71.12627 162
71.14639 168
71.1665 159
71.18661 166
71.20673 160
71.22684 144
71.24695 157
71.26707 155
71.28718 157
71.3073 156
71.32741 148
71.34752 152
71.36764 182
71.38775 178
71.40786 161
71.42798 176
71.44809 187
71.4682 167
71.48832 189
71.50843 193
71.52855 210
71.54866 200
71.56877 163
71.58889 178
71.609 180
71.62911 167
71.64923 163
71.66934 148
71.68946 181
71.70957 171
71.72968 162
71.7498 174
71.76991 177
71.79002 164
71.81014 152
71.83025 136
71.85037 171
71.87048 148
71.89059 175
71.91071 179
71.93082 156
71.95093 165
71.97105 168
71.99116 158
72.01127 148
72.03139 160
72.0515 167
72.07162 179
72.09173 170
72.11184 174
72.13196 179
72.15207 179
72.17218 184
72.1923 179
72.21241 177
72.23253 197
72.25264 178
72.27275 189
72.29287 174
72.31298 190
72.33309 183
72.35321 182
72.37332 149
72.39344 156
72.41355 168
72.43366 176
72.45378 164
72.47389 151
72.494 172
72.51412 158
72.53423 191
72.55434 188
72.57446 158
72.59457 136
72.61469 147
72.6348 169
72.65491 143
72.67503 147
72.69514 148
72.71525 151
72.73537 154
72.75548 148
72.7756 163
72.79571 156
72.81582 176
72.83594 139
72.85605 166
72.87616 156
72.89628 181
72.91639 173
72.9365 182
72.95662 177
72.97673 160
72.99685 167
73.01696 198
73.03707 190
73.05719 185
73.0773 205
73.09741 204
73.11753 222
73.13764 205
73.15776 204
73.17787 207
73.19798 207
73.2181 224
73.23821 216
73.25832 230
73.27844 205
73.29855 227
73.31867 269
73.33878 289
73.35889 300
73.37901 309
73.39912 330
73.41923 339
73.43935 365
73.45946 335
73.47957 309
73.49969 294
73.5198 292
73.53992 228
73.56003 224
73.58014 243
73.60026 254
73.62037 232
73.64048 274
73.6606 266
73.68071 233
73.70083 221
73.72094 221
73.74105 226
73.76117 191
73.78128 172
73.80139 173
73.82151 184
73.84162 172
73.86174 175
73.88185 169
73.90196 167
73.92208 155
73.94219 159
73.9623 166
73.98242 148
74.00253 162
74.02264 164
74.04276 185
74.06287 164
74.08299 150
74.1031 141
74.12321 148
74.14333 175
74.16344 140
74.18355 145
74.20367 156
74.22378 167
74.2439 147
74.26401 141
74.28412 159
74.30424 134
74.32435 158
74.34446 148
74.36458 160
74.38469 155
74.40481 159
74.42492 150
74.44503 174
74.46515 164
74.48526 171
74.50537 156
74.52549 175
74.5456 153
74.56571 166
74.58583 163
74.60594 176
74.62606 188
74.64617 168
74.66628 146
74.6864 149
74.70651 178
74.72662 163
74.74674 177
74.76685 164
74.78697 170
74.80708 163
74.82719 178
74.84731 160
74.86742 190
74.88753 178
74.90765 186
74.92776 162
74.94787 181
74.96799 183
74.9881 169
75.00822 191
