3.00117 20763
3.02128 20396
3.0414 19705
3.06151 19075
3.08162 18904
3.10174 18248
3.12185 17699
3.14197 17479
3.16208 16756
3.18219 16640
3.20231 15882
3.22242 15047
3.24253 15007
3.26265 14307
3.28276 14119
3.30288 13656
3.32299 13221
3.3431 12977
3.36322 12328
3.38333 12213
3.40344 11836
3.42356 11127
3.44367 10953
3.46379 10473
3.4839 10145
3.50401 10102
3.52413 9711
3.54424 9516
3.56435 8862
3.58447 8546
3.60458 8261
3.62469 7903
3.64481 7844
3.66492 7297
3.68504 7199
3.70515 6866
3.72526 6718
3.74538 6563
3.76549 6044
3.7856 5919
3.80572 5533
3.82583 5433
3.84595 5289
3.86606 4958
3.88617 4912
3.90629 4511
3.9264 4413
3.94651 4150
3.96663 4193
3.98674 3991
4.00686 3658
4.02697 3453
4.04708 3525
4.0672 3354
4.08731 3239
4.10742 3084
4.12754 2921
4.14765 2880
4.16776 2659
4.18788 2701
4.20799 2561
4.22811 2392
4.24822 2474
4.26833 2386
4.28845 2211
4.30856 2056
4.32867 1992
4.34879 1988
4.3689 1962
4.38902 1918
4.40913 1872
4.42924 1843
4.44936 1827
4.46947 1823
4.48958 1712
4.5097 1752
4.52981 1631
4.54992 1607
4.57004 1651
4.59015 1584
4.61027 1504
4.63038 1400
4.65049 1503
4.67061 1545
4.69072 1369
4.71083 1392
4.73095 1393
4.75106 1366
4.77118 1400
4.79129 1235
4.8114 1237
4.83152 1216
4.85163 1260
4.87174 1231
4.89186 1176
4.91197 1213
4.93209 1135
4.9522 1126
4.97231 1095
4.99243 1026
5.01254 1081
5.03265 945
5.05277 1090
5.07288 1067
5.09299 1033
5.11311 964
5.13322 941
5.15334 971
5.17345 994
5.19356 898
5.21368 872
5.23379 891
5.2539 849
5.27402 914
5.29413 840
5.31425 838
5.33436 863
5.35447 807
5.37459 840
5.3947 759
5.41481 809
5.43493 779
5.45504 787
5.47516 756
5.49527 700
5.51538 808
5.5355 839
5.55561 730
5.57572 667
5.59584 706
5.61595 707
5.63606 679
5.65618 705
5.67629 726
5.69641 618
5.71652 732
5.73663 690
5.75675 698
5.77686 654
5.79697 607
5.81709 657
5.8372 681
5.85732 618
5.87743 684
5.89754 610
5.91766 657
5.93777 629
5.95788 616
5.978 676
5.99811 609
6.01823 589
6.03834 621
6.05845 565
6.07857 616
6.09868 636
6.11879 604
6.13891 636
6.15902 631
6.17913 546
6.19925 582
6.21936 581
6.23948 578
6.25959 587
6.2797 564
6.29982 562
6.31993 620
6.34004 612
6.36016 563
6.38027 549
6.40039 586
6.4205 622
6.44061 617
6.46073 581
6.48084 553
6.50095 601
6.52107 610
6.54118 542
6.56129 603
6.58141 568
6.60152 576
6.62164 552
6.64175 582
6.66186 598
6.68198 546
6.70209 604
6.7222 601
6.74232 584
6.76243 571
6.78255 596
6.80266 568
6.82277 567
6.84289 557
6.863 555
6.88311 559
6.90323 616
6.92334 537
6.94346 567
6.96357 548
6.98368 546
7.0038 585
7.02391 594
7.04402 532
7.06414 575
7.08425 503
7.10436 563
7.12448 563
7.14459 548
7.16471 539
7.18482 540
7.20493 588
7.22505 553
7.24516 579
7.26527 562
7.28539 573
7.3055 564
7.32562 564
7.34573 567
7.36584 571
7.38596 562
7.40607 532
7.42618 565
7.4463 579
7.46641 598
7.48653 560
7.50664 559
7.52675 526
7.54687 610
7.56698 550
7.58709 575
7.60721 539
7.62732 504
7.64743 599
7.66755 543
7.68766 555
7.70778 554
7.72789 570
7.748 530
7.76812 525
7.78823 603
7.80834 559
7.82846 559
7.84857 627
7.86869 586
7.8888 597
7.90891 578
7.92903 556
7.94914 560
7.96925 562
7.98937 515
8.00948 559
8.0296 546
8.04971 560
8.06982 548
8.08994 578
8.11005 538
8.13016 515
8.15028 560
8.17039 512
8.1905 549
8.21062 586
8.23073 517
8.25085 603
8.27096 594
8.29107 581
8.31119 572
8.3313 569
8.35141 563
8.37153 543
8.39164 538
8.41176 523
8.43187 590
8.45198 573
8.4721 597
8.49221 583
8.51232 600
8.53244 593
8.55255 567
8.57266 529
8.59278 570
8.61289 600
8.63301 574
8.65312 580
8.67323 542
8.69335 614
8.71346 538
8.73357 592
8.75369 543
8.7738 530
8.79392 551
8.81403 599
8.83414 568
8.85426 558
8.87437 584
8.89448 564
8.9146 627
8.93471 573
8.95483 583
8.97494 537
8.99505 584
9.01517 551
9.03528 554
9.05539 598
9.07551 592
9.09562 586
9.11573 597
9.13585 560
9.15596 574
9.17608 578
9.19619 619
9.2163 564
9.23642 598
9.25653 550
9.27664 566
9.29676 596
9.31687 592
9.33699 556
9.3571 572
9.37721 591
9.39733 548
9.41744 594
9.43755 564
9.45767 578
9.47778 558
9.4979 573
9.51801 599
9.53812 585
9.55824 614
9.57835 569
9.59846 606
9.61858 582
9.63869 513
9.6588 596
9.67892 604
9.69903 552
9.71915 609
9.73926 575
9.75937 555
9.77949 588
9.7996 608
9.81971 584
9.83983 537
9.85994 574
9.88006 578
9.90017 549
9.92028 579
9.9404 597
9.96051 606
9.98062 523
10.00074 550
10.02085 528
10.04097 558
10.06108 591
10.08119 539
10.10131 581
10.12142 548
10.14153 619
10.16165 551
10.18176 575
10.20187 579
10.22199 581
10.2421 561
10.26222 629
10.28233 582
10.30244 532
10.32256 609
10.34267 529
10.36278 565
10.3829 593
10.40301 597
10.42313 588
10.44324 558
10.46335 573
10.48347 550
10.50358 551
10.52369 576
10.54381 555
10.56392 563
10.58403 576
10.60415 599
10.62426 573
10.64438 558
10.66449 582
10.6846 605
10.70472 568
10.72483 599
10.74494 564
10.76506 595
10.78517 579
10.80529 543
10.8254 612
10.84551 592
10.86563 570
10.88574 572
10.90585 524
10.92597 546
10.94608 563
10.9662 584
10.98631 583
11.00642 582
11.02654 545
11.04665 571
11.06676 562
11.08688 592
11.10699 594
11.1271 591
11.14722 585
11.16733 613
11.18745 564
11.20756 569
11.22767 535
11.24779 554
11.2679 531
11.28801 588
11.30813 562
11.32824 574
11.34836 613
11.36847 592
11.38858 607
11.4087 608
11.42881 604
11.44892 601
11.46904 546
11.48915 606
11.50927 578
11.52938 627
11.54949 594
11.56961 617
11.58972 586
11.60983 654
11.62995 646
11.65006 583
11.67017 649
11.69029 609
11.7104 618
11.73052 584
11.75063 649
11.77074 619
11.79086 637
11.81097 645
11.83108 674
11.8512 640
11.87131 610
11.89143 633
11.91154 691
11.93165 658
11.95177 667
11.97188 681
11.99199 696
12.01211 690
12.03222 682
12.05234 713
12.07245 754
12.09256 743
12.11268 810
12.13279 816
12.1529 832
12.17302 805
12.19313 830
12.21324 872
12.23336 871
12.25347 934
12.27359 910
12.2937 944
12.31381 905
12.33393 977
12.35404 868
12.37415 946
12.39427 922
12.41438 908
12.4345 899
12.45461 875
12.47472 795
12.49484 788
12.51495 750
12.53506 749
12.55518 689
12.57529 757
12.5954 696
12.61552 670
12.63563 677
12.65575 673
12.67586 686
12.69597 650
12.71609 588
12.7362 620
12.75631 577
12.77643 600
12.79654 613
12.81666 610
12.83677 561
12.85688 606
12.877 602
12.89711 582
12.91722 563
12.93734 587
12.95745 551
12.97757 579
12.99768 573
13.01779 564
13.03791 590
13.05802 602
13.07813 589
13.09825 575
13.11836 610
13.13847 559
13.15859 563
13.1787 534
13.19882 555
13.21893 567
13.23904 605
13.25916 532
13.27927 583
13.29938 617
13.3195 589
13.33961 594
13.35973 584
13.37984 591
13.39995 600
13.42007 553
13.44018 585
13.46029 554
13.48041 567
13.50052 576
13.52064 523
13.54075 560
13.56086 599
13.58098 576
13.60109 600
13.6212 586
13.64132 581
13.66143 578
13.68154 584
13.70166 557
13.72177 564
13.74189 550
13.762 554
13.78211 575
13.80223 521
13.82234 511
13.84245 533
13.86257 568
13.88268 614
13.9028 575
13.92291 559
13.94302 580
13.96314 568
13.98325 551
14.00336 590
14.02348 550
14.04359 578
14.06371 578
14.08382 569
14.10393 562
14.12405 555
14.14416 583
14.16427 544
14.18439 547
14.2045 588
14.22461 573
14.24473 551
14.26484 573
14.28496 575
14.30507 563
14.32518 536
14.3453 534
14.36541 578
14.38552 575
14.40564 522
14.42575 565
14.44587 546
14.46598 578
14.48609 601
14.50621 571
14.52632 575
14.54643 559
14.56655 546
14.58666 554
14.60677 602
14.62689 571
14.647 574
14.66712 574
14.68723 557
14.70734 562
14.72746 572
14.74757 525
14.76768 552
14.7878 567
14.80791 563
14.82803 543
14.84814 530
14.86825 581
14.88837 600
14.90848 560
14.92859 523
14.94871 589
14.96882 513
14.98894 528
15.00905 486
15.02916 571
15.04928 535
15.06939 601
15.0895 553
15.10962 585
15.12973 560
15.14984 575
15.16996 585
15.19007 575
15.21019 581
15.2303 605
15.25041 534
15.27053 562
15.29064 543
15.31075 562
15.33087 539
15.35098 534
15.3711 576
15.39121 521
15.41132 571
15.43144 595
15.45155 571
15.47166 543
15.49178 532
15.51189 533
15.53201 583
15.55212 551
15.57223 492
15.59235 543
15.61246 521
15.63257 536
15.65269 551
15.6728 534
15.69291 561
15.71303 545
15.73314 563
15.75326 560
15.77337 577
15.79348 538
15.8136 541
15.83371 571
15.85382 571
15.87394 515
15.89405 560
15.91417 588
15.93428 544
15.95439 586
15.97451 591
15.99462 593
16.01473 569
16.03485 538
16.05496 502
16.07508 526
16.09519 532
16.1153 561
16.13542 568
16.15553 524
16.17564 543
16.19576 548
16.21587 533
16.23598 570
16.2561 553
16.27621 600
16.29633 562
16.31644 565
16.33655 533
16.35667 563
16.37678 542
16.39689 548
16.41701 569
16.43712 571
16.45724 583
16.47735 545
16.49746 555
16.51758 560
16.53769 545
16.5578 561
16.57792 573
16.59803 553
16.61814 538
16.63826 564
16.65837 566
16.67849 549
16.6986 541
16.71871 576
16.73883 571
16.75894 572
16.77905 589
16.79917 542
16.81928 555
16.8394 580
16.85951 560
16.87962 586
16.89974 535
16.91985 583
16.93996 547
16.96008 533
16.98019 611
17.00031 562
17.02042 566
17.04053 576
17.06065 520
17.08076 560
17.10087 545
17.12099 578
17.1411 560
17.16121 591
17.18133 549
17.20144 531
17.22156 570
17.24167 574
17.26178 518
17.2819 512
17.30201 560
17.32212 620
17.34224 622
17.36235 580
17.38247 559
17.40258 581
17.42269 628
17.44281 576
17.46292 563
17.48303 601
17.50315 584
17.52326 573
17.54338 558
17.56349 599
17.5836 553
17.60372 580
17.62383 615
17.64394 546
17.66406 535
17.68417 541
17.70428 575
17.7244 616
17.74451 575
17.76463 611
17.78474 567
17.80485 560
17.82497 635
17.84508 627
17.86519 610
17.88531 639
17.90542 704
17.92554 640
17.94565 605
17.96576 592
17.98588 628
18.00599 644
18.0261 624
18.04622 621
18.06633 623
18.08645 630
18.10656 680
18.12667 632
18.14679 720
18.1669 709
18.18701 753
18.20713 815
18.22724 953
18.24735 1066
18.26747 1074
18.28758 1098
18.3077 1060
18.32781 936
18.34792 892
18.36804 695
18.38815 743
18.40826 695
18.42838 653
18.44849 639
18.46861 638
18.48872 581
18.50883 627
18.52895 616
18.54906 633
18.56917 625
18.58929 564
18.6094 622
18.62951 598
18.64963 595
18.66974 589
18.68986 579
18.70997 532
18.73008 560
18.7502 548
18.77031 585
18.79042 610
18.81054 604
18.83065 594
18.85077 614
18.87088 602
18.89099 553
18.91111 607
18.93122 529
18.95133 533
18.97145 620
18.99156 577
19.01168 586
19.03179 582
19.0519 550
19.07202 584
19.09213 567
19.11224 590
19.13236 602
19.15247 577
19.17258 581
19.1927 632
19.21281 536
19.23293 602
19.25304 570
19.27315 584
19.29327 533
19.31338 581
19.33349 565
19.35361 641
19.37372 599
19.39384 608
19.41395 611
19.43406 662
19.45418 588
19.47429 651
19.4944 614
19.51452 554
19.53463 651
19.55475 593
19.57486 604
19.59497 605
19.61509 636
19.6352 710
19.65531 624
19.67543 632
19.69554 643
19.71565 677
19.73577 706
19.75588 708
19.776 729
19.79611 774
19.81622 836
19.83634 840
19.85645 833
19.87656 841
19.89668 830
19.91679 861
19.93691 865
19.95702 837
19.97713 821
19.99725 791
20.01736 756
20.03747 782
20.05759 798
20.0777 806
20.09782 865
20.11793 894
20.13804 859
20.15816 816
20.17827 880
20.19838 895
20.2185 976
20.23861 954
20.25872 872
20.27884 954
20.29895 982
20.31907 971
20.33918 954
20.35929 838
20.37941 881
20.39952 914
20.41963 873
20.43975 902
20.45986 905
20.47998 963
20.50009 890
20.5202 959
20.54032 906
20.56043 900
20.58054 906
20.60066 931
20.62077 896
20.64088 898
20.661 931
20.68111 1019
20.70123 1069
20.72134 1192
20.74145 1273
20.76157 1535
20.78168 1855
20.80179 2173
20.82191 2296
20.84202 2386
20.86214 2247
20.88225 2111
20.90236 1815
20.92248 1423
20.94259 1262
20.9627 1100
20.98282 1136
21.00293 1019
21.02305 950
21.04316 1037
21.06327 1053
21.08339 1003
21.1035 1057
21.12361 1081
21.14373 1040
21.16384 1119
21.18395 1136
21.20407 1237
21.22418 1149
21.2443 1200
21.26441 1207
21.28452 1235
21.30464 1266
21.32475 1254
21.34486 1260
21.36498 1352
21.38509 1250
21.40521 1202
21.42532 1241
21.44543 1216
21.46555 1173
21.48566 1196
21.50577 1132
21.52589 1093
21.546 1078
21.56612 1091
21.58623 1040
21.60634 997
21.62646 968
21.64657 1015
21.66668 941
21.6868 869
21.70691 923
21.72702 817
21.74714 888
21.76725 905
21.78737 886
21.80748 851
21.82759 821
21.84771 814
21.86782 789
21.88793 756
21.90805 777
21.92816 764
21.94828 752
21.96839 767
21.9885 744
22.00862 811
22.02873 787
22.04884 713
22.06896 748
22.08907 711
22.10919 738
22.1293 729
22.14941 715
22.16953 755
22.18964 696
22.20975 739
22.22987 744
22.24998 734
22.27009 718
22.29021 720
22.31032 709
22.33044 728
22.35055 686
22.37066 682
22.39078 676
22.41089 701
22.431 714
22.45112 687
22.47123 677
22.49135 698
22.51146 679
22.53157 675
22.55169 678
22.5718 690
22.59191 682
22.61203 669
22.63214 685
22.65225 698
22.67237 684
22.69248 676
22.7126 660
22.73271 641
22.75282 612
22.77294 718
22.79305 648
22.81316 619
22.83328 642
22.85339 624
22.87351 650
22.89362 707
22.91373 645
22.93385 653
22.95396 688
22.97407 663
22.99419 653
23.0143 652
23.03442 723
23.05453 624
23.07464 698
23.09476 699
23.11487 621
23.13498 658
23.1551 651
23.17521 615
23.19532 654
23.21544 633
23.23555 622
23.25567 671
23.27578 657
23.29589 624
23.31601 599
23.33612 644
23.35623 632
23.37635 604
23.39646 639
23.41658 668
23.43669 625
23.4568 663
23.47692 655
23.49703 661
23.51714 631
23.53726 619
23.55737 684
23.57749 667
23.5976 629
23.61771 648
23.63783 625
23.65794 625
23.67805 644
23.69817 606
23.71828 725
23.73839 707
23.75851 709
23.77862 606
23.79874 689
23.81885 647
23.83896 676
23.85908 671
23.87919 725
23.8993 633
23.91942 713
23.93953 681
23.95965 652
23.97976 716
23.99987 724
24.01999 697
24.0401 658
24.06021 697
24.08033 618
24.10044 685
24.12056 645
24.14067 687
24.16078 716
24.1809 664
24.20101 722
24.22112 669
24.24124 679
24.26135 672
24.28146 646
24.30158 683
24.32169 660
24.34181 641
24.36192 680
24.38203 667
24.40215 672
24.42226 687
24.44237 704
24.46249 726
24.4826 713
24.50272 675
24.52283 760
24.54294 747
24.56306 764
24.58317 756
24.60328 784
24.6234 792
24.64351 816
24.66362 812
24.68374 820
24.70385 788
24.72397 843
24.74408 867
24.76419 913
24.78431 852
24.80442 956
24.82453 901
24.84465 911
24.86476 944
24.88488 959
24.90499 872
24.9251 906
24.94522 860
24.96533 884
24.98544 844
25.00556 851
25.02567 846
25.04579 818
25.0659 839
25.08601 808
25.10613 891
25.12624 827
25.14635 816
25.16647 830
25.18658 802
25.20669 815
25.22681 765
25.24692 770
25.26704 804
25.28715 690
25.30726 678
25.32738 718
25.34749 795
25.3676 704
25.38772 656
25.40783 709
25.42795 672
25.44806 689
25.46817 627
25.48829 682
25.5084 670
25.52851 692
25.54863 627
25.56874 670
25.58886 698
25.60897 641
25.62908 657
25.6492 671
25.66931 687
25.68942 652
25.70954 647
25.72965 657
25.74976 704
25.76988 663
25.78999 706
25.81011 687
25.83022 744
25.85033 731
25.87045 674
25.89056 681
25.91067 669
25.93079 689
25.9509 722
25.97102 664
25.99113 716
26.01124 700
26.03136 704
26.05147 702
26.07158 700
26.0917 695
26.11181 749
26.13193 692
26.15204 735
26.17215 710
26.19227 726
26.21238 757
26.23249 836
26.25261 806
26.27272 861
26.29283 872
26.31295 900
26.33306 955
26.35318 971
26.37329 1007
26.3934 1047
26.41352 1165
26.43363 1271
26.45374 1428
26.47386 1679
26.49397 2112
26.51409 2897
26.5342 3911
26.55431 5341
26.57443 6763
26.59454 7934
26.61465 8026
26.63477 7791
26.65488 6816
26.67499 5538
26.69511 4297
26.71522 3093
26.73534 2269
26.75545 1634
26.77556 1240
26.79568 1099
26.81579 1035
26.8359 993
26.85602 975
26.87613 939
26.89625 907
26.91636 813
26.93647 838
26.95659 793
26.9767 756
26.99681 755
27.01693 749
27.03704 728
27.05716 704
27.07727 712
27.09738 670
27.1175 709
27.13761 661
27.15772 682
27.17784 692
27.19795 671
27.21806 623
27.23818 636
27.25829 630
27.27841 643
27.29852 627
27.31863 756
27.33875 620
27.35886 645
27.37897 612
27.39909 666
27.4192 591
27.43932 673
27.45943 608
27.47954 622
27.49966 677
27.51977 577
27.53988 659
27.56 597
27.58011 599
27.60023 626
27.62034 617
27.64045 633
27.66057 623
27.68068 619
27.70079 588
27.72091 652
27.74102 594
27.76113 640
27.78125 640
27.80136 575
27.82148 592
27.84159 604
27.8617 645
27.88182 642
27.90193 643
27.92204 638
27.94216 625
27.96227 578
27.98239 726
28.0025 596
28.02261 623
28.04273 653
28.06284 632
28.08295 677
28.10307 617
28.12318 618
28.1433 626
28.16341 626
28.18352 597
28.20364 627
28.22375 615
28.24386 607
28.26398 650
28.28409 582
28.3042 683
28.32432 592
28.34443 584
28.36455 564
28.38466 605
28.40477 567
28.42489 618
28.445 562
28.46511 635
28.48523 573
28.50534 624
28.52546 579
28.54557 578
28.56568 608
28.5858 638
28.60591 611
28.62602 580
28.64614 648
28.66625 594
28.68636 648
28.70648 623
28.72659 619
28.74671 541
28.76682 637
28.78693 558
28.80705 645
28.82716 553
28.84727 581
28.86739 605
28.8875 560
28.90762 654
28.92773 610
28.94784 643
28.96796 641
28.98807 597
29.00818 630
29.0283 543
29.04841 569
29.06853 567
29.08864 568
29.10875 611
29.12887 572
29.14898 597
29.16909 600
29.18921 583
29.20932 498
29.22943 579
29.24955 619
29.26966 617
29.28978 546
29.30989 631
29.33 550
29.35012 595
29.37023 626
29.39034 596
29.41046 590
29.43057 590
29.45069 555
29.4708 621
29.49091 550
29.51103 607
29.53114 610
29.55125 598
29.57137 550
29.59148 582
29.6116 559
29.63171 563
29.65182 596
29.67194 572
29.69205 579
29.71216 576
29.73228 589
29.75239 589
29.7725 573
29.79262 602
29.81273 557
29.83285 584
29.85296 580
29.87307 573
29.89319 567
29.9133 594
29.93341 596
29.95353 603
29.97364 601
29.99376 578
30.01387 603
30.03398 557
30.0541 622
30.07421 611
30.09432 626
30.11444 592
30.13455 569
30.15467 648
30.17478 569
30.19489 616
30.21501 608
30.23512 562
30.25523 571
30.27535 603
30.29546 581
30.31557 594
30.33569 605
30.3558 621
30.37592 581
30.39603 563
30.41614 580
30.43626 596
30.45637 560
30.47648 605
30.4966 592
30.51671 643
30.53683 563
30.55694 610
30.57705 608
30.59717 568
30.61728 568
30.63739 625
30.65751 604
30.67762 559
30.69773 603
30.71785 569
30.73796 594
30.75808 610
30.77819 577
30.7983 590
30.81842 576
30.83853 613
30.85864 608
30.87876 546
30.89887 523
30.91899 601
30.9391 593
30.95921 586
30.97933 575
30.99944 630
31.01955 581
31.03967 563
31.05978 576
31.0799 538
31.10001 592
31.12012 585
31.14024 587
31.16035 578
31.18046 567
31.20058 588
31.22069 530
31.2408 553
31.26092 588
31.28103 559
31.30115 586
31.32126 658
31.34137 635
31.36149 576
31.3816 590
31.40171 591
31.42183 573
31.44194 555
31.46206 595
31.48217 550
31.50228 619
31.5224 586
31.54251 560
31.56262 545
31.58274 589
31.60285 635
31.62297 575
31.64308 608
31.66319 568
31.68331 574
31.70342 584
31.72353 599
31.74365 588
31.76376 550
31.78387 587
31.80399 582
31.8241 594
31.84422 595
31.86433 577
31.88444 606
31.90456 645
31.92467 562
31.94478 556
31.9649 541
31.98501 591
32.00513 648
32.02524 580
32.04535 595
32.06547 592
32.08558 621
32.10569 565
32.12581 578
32.14592 593
32.16604 619
32.18615 586
32.20626 642
32.22638 552
32.24649 613
32.2666 611
32.28672 594
32.30683 641
32.32694 581
32.34706 578
32.36717 600
32.38729 596
32.4074 577
32.42751 646
32.44763 659
32.46774 683
32.48785 669
32.50797 684
32.52808 652
32.5482 709
32.56831 752
32.58842 665
32.60854 682
32.62865 691
32.64876 692
32.66888 646
32.68899 666
32.7091 638
32.72922 658
32.74933 666
32.76945 652
32.78956 649
32.80967 593
32.82979 589
32.8499 667
32.87001 662
32.89013 621
32.91024 628
32.93036 648
32.95047 665
32.97058 685
32.9907 687
33.01081 672
33.03092 731
33.05104 713
33.07115 725
33.09127 738
33.11138 715
33.13149 718
33.15161 681
33.17172 687
33.19183 756
33.21195 697
33.23206 755
33.25217 720
33.27229 687
33.2924 748
33.31252 694
33.33263 740
33.35274 740
33.37286 758
33.39297 738
33.41308 810
33.4332 760
33.45331 757
33.47343 712
33.49354 740
33.51365 768
33.53377 788
33.55388 735
33.57399 755
33.59411 714
33.61422 766
33.63434 751
33.65445 749
33.67456 724
33.69468 724
33.71479 724
33.7349 734
33.75502 752
33.77513 726
33.79524 695
33.81536 731
33.83547 695
33.85559 680
33.8757 653
33.89581 649
33.91593 654
33.93604 656
33.95615 702
33.97627 693
33.99638 639
34.0165 639
34.03661 646
34.05672 634
34.07684 596
34.09695 587
34.11706 620
34.13718 591
34.15729 602
34.17741 679
34.19752 652
34.21763 642
34.23775 640
34.25786 646
34.27797 595
34.29809 638
34.3182 638
34.33831 630
34.35843 592
34.37854 602
34.39866 650
34.41877 590
34.43888 587
34.459 602
34.47911 645
34.49922 630
34.51934 641
34.53945 607
34.55957 626
34.57968 594
34.59979 602
34.61991 624
34.64002 648
34.66013 688
34.68025 659
34.70036 652
34.72047 636
34.74059 700
34.7607 691
34.78082 750
34.80093 697
34.82104 760
34.84116 755
34.86127 773
34.88138 839
34.9015 801
34.92161 802
34.94173 848
34.96184 795
34.98195 746
35.00207 820
35.02218 792
35.04229 812
35.06241 773
35.08252 766
35.10264 769
35.12275 774
35.14286 762
35.16298 761
35.18309 879
35.2032 811
35.22332 797
35.24343 768
35.26354 802
35.28366 787
35.30377 808
35.32389 806
35.344 832
35.36411 816
35.38423 763
35.40434 768
35.42445 841
35.44457 774
35.46468 782
35.4848 756
35.50491 785
35.52502 773
35.54514 746
35.56525 758
35.58536 720
35.60548 777
35.62559 723
35.64571 774
35.66582 802
35.68593 752
35.70605 772
35.72616 747
35.74627 799
35.76639 758
35.7865 829
35.80661 798
35.82673 813
35.84684 821
35.86696 815
35.88707 832
35.90718 829
35.9273 819
35.94741 799
35.96752 771
35.98764 739
36.00775 749
36.02787 814
36.04798 760
36.06809 758
36.08821 757
36.10832 752
36.12843 722
36.14855 730
36.16866 738
36.18878 741
36.20889 741
36.229 747
36.24912 727
36.26923 735
36.28934 777
36.30946 798
36.32957 818
36.34968 808
36.3698 860
36.38991 913
36.41003 956
36.43014 1054
36.45025 1092
36.47037 1164
36.49048 1213
36.51059 1230
36.53071 1268
36.55082 1228
36.57094 1100
36.59105 1090
36.61116 1063
36.63128 978
36.65139 958
36.6715 935
36.69162 850
36.71173 886
36.73184 820
36.75196 808
36.77207 834
36.79219 806
36.8123 830
36.83241 817
36.85253 882
36.87264 979
36.89275 942
36.91287 894
36.93298 911
36.9531 919
36.97321 929
36.99332 926
37.01344 983
37.03355 947
37.05366 995
37.07378 962
37.09389 871
37.11401 932
37.13412 898
37.15423 875
37.17435 929
37.19446 880
37.21457 860
37.23469 889
37.2548 872
37.27491 834
37.29503 805
37.31514 776
37.33526 784
37.35537 766
37.37548 764
37.3956 794
37.41571 772
37.43582 744
37.45594 773
37.47605 758
37.49617 784
37.51628 769
37.53639 740
37.55651 798
37.57662 759
37.59673 836
37.61685 746
37.63696 773
37.65708 746
37.67719 791
37.6973 771
37.71742 719
37.73753 781
37.75764 701
37.77776 715
37.79787 709
37.81798 706
37.8381 686
37.85821 674
37.87833 704
37.89844 683
37.91855 669
37.93867 702
37.95878 680
37.97889 677
37.99901 715
38.01912 720
38.03924 703
38.05935 752
38.07946 680
38.09958 720
38.11969 740
38.1398 746
38.15992 740
38.18003 812
38.20015 768
38.22026 698
38.24037 809
38.26049 812
38.2806 763
38.30071 797
38.32083 847
38.34094 776
38.36105 773
38.38117 813
38.40128 889
38.4214 768
38.44151 820
38.46162 753
38.48174 781
38.50185 741
38.52196 721
38.54208 746
38.56219 744
38.58231 667
38.60242 696
38.62253 744
38.64265 681
38.66276 678
38.68287 720
38.70299 700
38.7231 652
38.74321 678
38.76333 682
38.78344 710
38.80356 665
38.82367 693
38.84378 690
38.8639 676
38.88401 701
38.90412 639
38.92424 656
38.94435 673
38.96447 689
38.98458 730
39.00469 703
39.02481 728
39.04492 677
39.06503 673
39.08515 717
39.10526 758
39.12538 701
39.14549 742
39.1656 745
39.18572 794
39.20583 745
39.22594 745
39.24606 815
39.26617 758
39.28628 832
39.3064 813
39.32651 766
39.34663 866
39.36674 949
39.38685 1059
39.40697 1085
39.42708 1104
39.44719 1007
39.46731 1012
39.48742 923
39.50754 932
39.52765 843
39.54776 875
39.56788 791
39.58799 744
39.6081 653
39.62822 702
39.64833 650
39.66845 636
39.68856 622
39.70867 620
39.72879 627
39.7489 624
39.76901 681
39.78913 616
39.80924 625
39.82935 644
39.84947 621
39.86958 653
39.8897 652
39.90981 629
39.92992 620
39.95004 691
39.97015 652
39.99026 668
40.01038 694
40.03049 706
40.05061 616
40.07072 656
40.09083 702
40.11095 723
40.13106 716
40.15117 782
40.17129 778
40.1914 798
40.21152 838
40.23163 899
40.25174 936
40.27186 900
40.29197 873
40.31208 925
40.3322 831
40.35231 831
40.37242 857
40.39254 771
40.41265 721
40.43277 745
40.45288 740
40.47299 697
40.49311 702
40.51322 715
40.53333 697
40.55345 743
40.57356 696
40.59368 619
40.61379 686
40.6339 700
40.65402 685
40.67413 686
40.69424 702
40.71436 669
40.73447 703
40.75458 717
40.7747 676
40.79481 679
40.81493 718
40.83504 685
40.85515 635
40.87527 664
40.89538 673
40.91549 672
40.93561 632
40.95572 649
40.97584 689
40.99595 673
41.01606 645
41.03618 638
41.05629 670
41.0764 652
41.09652 636
41.11663 686
41.13675 651
41.15686 695
41.17697 676
41.19709 633
41.2172 674
41.23731 670
41.25743 652
41.27754 675
41.29765 668
41.31777 629
41.33788 684
41.358 635
41.37811 655
41.39822 692
41.41834 709
41.43845 694
41.45856 690
41.47868 644
41.49879 685
41.51891 694
41.53902 745
41.55913 725
41.57925 731
41.59936 673
41.61947 771
41.63959 708
41.6597 746
41.67982 716
41.69993 692
41.72004 702
41.74016 661
41.76027 696
41.78038 713
41.8005 625
41.82061 655
41.84072 648
41.86084 615
41.88095 681
41.90107 662
41.92118 662
41.94129 649
41.96141 632
41.98152 605
42.00163 645
42.02175 644
42.04186 646
42.06198 623
42.08209 664
42.1022 596
42.12232 571
42.14243 673
42.16254 626
42.18266 632
42.20277 626
42.22289 612
42.243 643
42.26311 629
42.28323 636
42.30334 711
42.32345 719
42.34357 825
42.36368 827
42.38379 867
42.40391 942
42.42402 915
42.44414 851
42.46425 818
42.48436 739
42.50448 832
42.52459 774
42.5447 743
42.56482 678
42.58493 669
42.60505 648
42.62516 631
42.64527 620
42.66539 612
42.6855 577
42.70561 596
42.72573 592
42.74584 586
42.76595 576
42.78607 569
42.80618 566
42.8263 568
42.84641 617
42.86652 573
42.88664 565
42.90675 596
42.92686 568
42.94698 597
42.96709 563
42.98721 537
43.00732 554
43.02743 587
43.04755 589
43.06766 570
43.08777 553
43.10789 571
43.128 559
43.14812 586
43.16823 533
43.18834 555
43.20846 586
43.22857 572
43.24868 591
43.2688 578
43.28891 579
43.30902 569
43.32914 534
43.34925 615
43.36937 573
43.38948 551
43.40959 591
43.42971 571
43.44982 558
43.46993 588
43.49005 553
43.51016 534
43.53028 584
43.55039 597
43.5705 551
43.59062 592
43.61073 568
43.63084 567
43.65096 612
43.67107 599
43.69119 572
43.7113 564
43.73141 590
43.75153 640
43.77164 568
43.79175 604
43.81187 542
43.83198 616
43.85209 579
43.87221 600
43.89232 542
43.91244 575
43.93255 595
43.95266 559
43.97278 536
43.99289 604
44.013 584
44.03312 616
44.05323 589
44.07335 581
44.09346 627
44.11357 624
44.13369 585
44.1538 619
44.17391 618
44.19403 573
44.21414 566
44.23426 593
44.25437 661
44.27448 578
44.2946 610
44.31471 580
44.33482 597
44.35494 613
44.37505 569
44.39516 589
44.41528 528
44.43539 570
44.45551 601
44.47562 604
44.49573 553
44.51585 584
44.53596 587
44.55607 558
44.57619 569
44.5963 577
44.61642 584
44.63653 531
44.65664 595
44.67676 589
44.69687 563
44.71698 544
44.7371 566
44.75721 600
44.77732 582
44.79744 565
44.81755 554
44.83767 579
44.85778 564
44.87789 551
44.89801 596
44.91812 580
44.93823 555
44.95835 608
44.97846 584
44.99858 593
45.01869 590
45.0388 593
45.05892 598
45.07903 583
45.09914 557
45.11926 526
45.13937 603
45.15949 593
45.1796 602
45.19971 562
45.21983 601
45.23994 596
45.26005 592
45.28017 638
45.30028 608
45.32039 593
45.34051 678
45.36062 631
45.38074 676
45.40085 624
45.42096 664
45.44108 640
45.46119 639
45.4813 634
45.50142 654
45.52153 688
45.54165 664
45.56176 685
45.58187 640
45.60199 666
45.6221 649
45.64221 664
45.66233 736
45.68244 715
45.70256 748
45.72267 773
45.74278 781
45.7629 789
45.78301 775
45.80312 707
45.82324 711
45.84335 755
45.86346 702
45.88358 734
45.90369 664
45.92381 657
45.94392 643
45.96403 600
45.98415 601
46.00426 590
46.02437 581
46.04449 584
46.0646 530
46.08472 586
46.10483 579
46.12494 618
46.14506 611
46.16517 560
46.18528 585
46.2054 577
46.22551 607
46.24563 590
46.26574 578
46.28585 545
46.30597 582
46.32608 580
46.34619 588
46.36631 576
46.38642 598
46.40653 561
46.42665 580
46.44676 597
46.46688 587
46.48699 551
46.5071 567
46.52722 594
46.54733 621
46.56744 597
46.58756 581
46.60767 553
46.62779 571
46.6479 586
46.66801 589
46.68813 565
46.70824 603
46.72835 591
46.74847 575
46.76858 636
46.78869 557
46.80881 528
46.82892 596
46.84904 568
46.86915 585
46.88926 562
46.90938 614
46.92949 583
46.9496 549
46.96972 580
46.98983 567
47.00995 535
47.03006 546
47.05017 589
47.07029 587
47.0904 563
47.11051 583
47.13063 593
47.15074 563
47.17086 596
47.19097 531
47.21108 613
47.2312 591
47.25131 578
47.27142 585
47.29154 550
47.31165 602
47.33176 613
47.35188 610
47.37199 599
47.39211 597
47.41222 558
47.43233 582
47.45245 570
47.47256 580
47.49267 579
47.51279 597
47.5329 631
47.55302 617
47.57313 615
47.59324 577
47.61336 620
47.63347 617
47.65358 613
47.6737 607
47.69381 626
47.71393 603
47.73404 632
47.75415 638
47.77427 615
47.79438 599
47.81449 578
47.83461 588
47.85472 616
47.87483 590
47.89495 563
47.91506 605
47.93518 605
47.95529 625
47.9754 607
47.99552 582
48.01563 567
48.03574 602
48.05586 552
48.07597 572
48.09609 553
48.1162 584
48.13631 637
48.15643 557
48.17654 539
48.19665 572
48.21677 574
48.23688 584
48.257 623
48.27711 571
48.29722 573
48.31734 594
48.33745 585
48.35756 546
48.37768 555
48.39779 579
48.4179 572
48.43802 575
48.45813 630
48.47825 586
48.49836 574
48.51847 542
48.53859 582
48.5587 589
48.57881 580
48.59893 587
48.61904 537
48.63916 614
48.65927 555
48.67938 551
48.6995 560
48.71961 592
48.73972 583
48.75984 621
48.77995 595
48.80006 600
48.82018 552
48.84029 574
48.86041 579
48.88052 533
48.90063 613
48.92075 587
48.94086 610
48.96097 600
48.98109 566
49.0012 561
49.02132 594
49.04143 624
49.06154 550
49.08166 569
49.10177 565
49.12188 547
49.142 588
49.16211 558
49.18223 544
49.20234 548
49.22245 545
49.24257 548
49.26268 523
49.28279 588
49.30291 602
49.32302 617
49.34313 631
49.36325 562
49.38336 626
49.40348 577
49.42359 600
49.4437 618
49.46382 600
49.48393 640
49.50404 566
49.52416 575
49.54427 582
49.56439 574
49.5845 576
49.60461 582
49.62473 559
49.64484 607
49.66495 559
49.68507 604
49.70518 611
49.7253 585
49.74541 576
49.76552 620
49.78564 577
49.80575 559
49.82586 579
49.84598 618
49.86609 619
49.8862 663
49.90632 661
49.92643 629
49.94655 708
49.96666 748
49.98677 813
50.00689 922
50.027 1073
50.04711 1158
50.06723 1252
50.08734 1375
50.10746 1256
50.12757 1204
50.14768 1027
50.1678 1008
50.18791 1004
50.20802 1026
50.22814 923
50.24825 897
50.26837 761
50.28848 741
50.30859 645
50.32871 663
50.34882 579
50.36893 580
50.38905 648
50.40916 618
50.42927 645
50.44939 652
50.4695 652
50.48962 665
50.50973 618
50.52984 626
50.54996 631
50.57007 609
50.59018 601
50.6103 665
50.63041 610
50.65053 603
50.67064 595
50.69075 620
50.71087 599
50.73098 566
50.75109 614
50.77121 624
50.79132 620
50.81143 537
50.83155 591
50.85166 518
50.87178 589
50.89189 563
50.912 594
50.93212 625
50.95223 592
50.97234 558
50.99246 657
51.01257 622
51.03269 580
51.0528 625
51.07291 637
51.09303 584
51.11314 665
51.13325 601
51.15337 542
51.17348 580
51.1936 572
51.21371 624
51.23382 609
51.25394 594
51.27405 575
51.29416 576
51.31428 567
51.33439 577
51.3545 589
51.37462 610
51.39473 554
51.41485 645
51.43496 577
51.45507 578
51.47519 585
51.4953 573
51.51541 583
51.53553 556
51.55564 537
51.57576 566
51.59587 536
51.61598 580
51.6361 584
51.65621 544
51.67632 598
51.69644 581
51.71655 567
51.73667 574
51.75678 569
51.77689 522
51.79701 541
51.81712 589
51.83723 580
51.85735 545
51.87746 573
51.89757 532
51.91769 572
51.9378 578
51.95792 584
51.97803 543
51.99814 565
52.01826 603
52.03837 598
52.05848 564
52.0786 612
52.09871 548
52.11883 646
52.13894 616
52.15905 573
52.17917 571
52.19928 563
52.21939 566
52.23951 641
52.25962 607
52.27974 544
52.29985 587
52.31996 602
52.34008 571
52.36019 598
52.3803 621
52.40042 546
52.42053 535
52.44064 565
52.46076 528
52.48087 546
52.50099 600
52.5211 582
52.54121 578
52.56133 561
52.58144 568
52.60155 564
52.62167 535
52.64178 570
52.6619 518
52.68201 604
52.70212 590
52.72224 529
52.74235 580
52.76246 561
52.78258 495
52.80269 631
52.8228 557
52.84292 574
52.86303 580
52.88315 543
52.90326 580
52.92337 595
52.94349 595
52.9636 599
52.98371 570
53.00383 561
53.02394 588
53.04406 595
53.06417 599
53.08428 601
53.1044 610
53.12451 592
53.14462 657
53.16474 594
53.18485 633
53.20497 622
53.22508 593
53.24519 619
53.26531 599
53.28542 624
53.30553 678
53.32565 614
53.34576 618
53.36587 663
53.38599 659
53.4061 649
53.42622 656
53.44633 624
53.46644 700
53.48656 674
53.50667 722
53.52678 664
53.5469 733
53.56701 695
53.58713 718
53.60724 664
53.62735 689
53.64747 731
53.66758 705
53.68769 738
53.70781 759
53.72792 702
53.74804 746
53.76815 708
53.78826 767
53.80838 740
53.82849 759
53.8486 749
53.86872 764
53.88883 736
53.90894 696
53.92906 729
53.94917 715
53.96929 756
53.9894 703
54.00951 707
54.02963 743
54.04974 721
54.06985 715
54.08997 739
54.11008 713
54.1302 691
54.15031 672
54.17042 698
54.19054 692
54.21065 664
54.23076 682
54.25088 718
54.27099 700
54.29111 717
54.31122 696
54.33133 684
54.35145 696
54.37156 698
54.39167 682
54.41179 666
54.4319 654
54.45201 648
54.47213 651
54.49224 696
54.51236 695
54.53247 695
54.55258 658
54.5727 666
54.59281 663
54.61292 682
54.63304 684
54.65315 686
54.67327 749
54.69338 730
54.71349 715
54.73361 815
54.75372 779
54.77383 824
54.79395 906
54.81406 847
54.83417 904
54.85429 863
54.8744 805
54.89452 771
54.91463 759
54.93474 752
54.95486 787
54.97497 732
54.99508 775
55.0152 750
55.03531 677
55.05543 655
55.07554 675
55.09565 701
55.11577 648
55.13588 697
55.15599 650
55.17611 647
55.19622 645
55.21634 689
55.23645 686
55.25656 678
55.27668 710
55.29679 658
55.3169 729
55.33702 715
55.35713 662
55.37724 616
55.39736 650
55.41747 663
55.43759 649
55.4577 646
55.47781 664
55.49793 627
55.51804 619
55.53815 604
55.55827 637
55.57838 576
55.5985 616
55.61861 569
55.63872 593
55.65884 595
55.67895 585
55.69906 546
55.71918 564
55.73929 592
55.75941 547
55.77952 610
55.79963 599
55.81975 552
55.83986 596
55.85997 610
55.88009 626
55.9002 564
55.92031 576
55.94043 610
55.96054 596
55.98066 591
56.00077 617
56.02088 559
56.041 611
56.06111 607
56.08122 593
56.10134 583
56.12145 572
56.14157 598
56.16168 608
56.18179 579
56.20191 576
56.22202 610
56.24213 555
56.26225 548
56.28236 588
56.30248 541
56.32259 586
56.3427 557
56.36282 586
56.38293 554
56.40304 562
56.42316 587
56.44327 564
56.46338 598
56.4835 589
56.50361 549
56.52373 573
56.54384 513
56.56395 558
56.58407 614
56.60418 590
56.62429 536
56.64441 601
56.66452 589
56.68464 557
56.70475 551
56.72486 563
56.74498 590
56.76509 564
56.7852 560
56.80532 570
56.82543 589
56.84554 582
56.86566 581
56.88577 545
56.90589 559
56.926 563
56.94611 575
56.96623 577
56.98634 596
57.00645 580
57.02657 574
57.04668 562
57.0668 599
57.08691 560
57.10702 562
57.12714 538
57.14725 584
57.16736 592
57.18748 537
57.20759 537
57.22771 592
57.24782 591
57.26793 549
57.28805 554
57.30816 518
57.32827 582
57.34839 526
57.3685 565
57.38861 520
57.40873 538
57.42884 543
57.44896 575
57.46907 535
57.48918 555
57.5093 537
57.52941 562
57.54952 551
57.56964 566
57.58975 576
57.60987 561
57.62998 519
57.65009 541
57.67021 543
57.69032 544
57.71043 571
57.73055 519
57.75066 568
57.77078 527
57.79089 559
57.811 604
57.83112 567
57.85123 552
57.87134 598
57.89146 577
57.91157 546
57.93168 526
57.9518 566
57.97191 607
57.99203 565
58.01214 529
58.03225 576
58.05237 562
58.07248 549
58.09259 590
58.11271 572
58.13282 565
58.15294 543
58.17305 578
58.19316 548
58.21328 608
58.23339 566
58.2535 584
58.27362 573
58.29373 594
58.31385 533
58.33396 535
58.35407 572
58.37419 575
58.3943 552
58.41441 527
58.43453 582
58.45464 552
58.47475 582
58.49487 567
58.51498 540
58.5351 512
58.55521 557
58.57532 553
58.59544 546
58.61555 578
58.63566 538
58.65578 508
58.67589 555
58.69601 560
58.71612 540
58.73623 538
58.75635 562
58.77646 510
58.79657 544
58.81669 533
58.8368 568
58.85691 535
58.87703 483
58.89714 531
58.91726 537
58.93737 551
58.95748 577
58.9776 601
58.99771 532
59.01782 543
59.03794 537
59.05805 561
59.07817 530
59.09828 546
59.11839 555
59.13851 520
59.15862 592
59.17873 494
59.19885 562
59.21896 545
59.23908 579
59.25919 572
59.2793 544
59.29942 588
59.31953 615
59.33964 581
59.35976 559
59.37987 576
59.39998 607
59.4201 580
59.44021 566
59.46033 608
59.48044 599
59.50055 640
59.52067 601
59.54078 623
59.56089 593
59.58101 578
59.60112 582
59.62124 644
59.64135 577
59.66146 613
59.68158 636
59.70169 663
59.7218 689
59.74192 643
59.76203 743
59.78215 734
59.80226 761
59.82237 881
59.84249 921
59.8626 960
59.88271 1037
59.90283 1097
59.92294 988
59.94305 994
59.96317 882
59.98328 846
60.0034 776
60.02351 818
60.04362 855
60.06374 840
60.08385 807
60.10396 782
60.12408 726
60.14419 653
60.16431 628
60.18442 636
60.20453 594
60.22465 603
60.24476 598
60.26487 592
60.28499 583
60.3051 619
60.32522 564
60.34533 605
60.36544 617
60.38556 541
60.40567 551
60.42578 540
60.4459 575
60.46601 601
60.48612 582
60.50624 552
60.52635 606
60.54647 545
60.56658 577
60.58669 551
60.60681 514
60.62692 554
60.64703 541
60.66715 519
60.68726 517
60.70738 549
60.72749 570
60.7476 496
60.76772 528
60.78783 533
60.80794 551
60.82806 521
60.84817 524
60.86828 561
60.8884 569
60.90851 566
60.92863 507
60.94874 512
60.96885 520
60.98897 490
61.00908 533
61.02919 492
61.04931 519
61.06942 589
61.08954 542
61.10965 531
61.12976 525
61.14988 540
61.16999 518
61.1901 525
61.21022 544
61.23033 528
61.25045 544
61.27056 525
61.29067 541
61.31079 513
61.3309 514
61.35101 533
61.37113 554
61.39124 534
61.41135 556
61.43147 538
61.45158 548
61.4717 565
61.49181 575
61.51192 515
61.53204 555
61.55215 590
61.57226 580
61.59238 548
61.61249 634
61.63261 551
61.65272 586
61.67283 571
61.69295 593
61.71306 600
61.73317 573
61.75329 583
61.7734 585
61.79352 585
61.81363 601
61.83374 547
61.85386 596
61.87397 603
61.89408 583
61.9142 592
61.93431 589
61.95442 596
61.97454 629
61.99465 620
62.01477 637
62.03488 625
62.05499 597
62.07511 660
62.09522 672
62.11533 689
62.13545 723
62.15556 670
62.17568 675
62.19579 643
62.2159 643
62.23602 731
62.25613 644
62.27624 665
62.29636 701
62.31647 678
62.33659 694
62.3567 650
62.37681 671
62.39693 640
62.41704 636
62.43715 634
62.45727 649
62.47738 633
62.49749 636
62.51761 620
62.53772 638
62.55784 627
62.57795 571
62.59806 579
62.61818 569
62.63829 604
62.6584 625
62.67852 556
62.69863 591
62.71875 553
62.73886 564
62.75897 596
62.77909 556
62.7992 537
62.81931 527
62.83943 594
62.85954 550
62.87965 530
62.89977 541
62.91988 567
62.94 565
62.96011 539
62.98022 545
63.00034 517
63.02045 552
63.04056 518
63.06068 558
63.08079 565
63.10091 527
63.12102 524
63.14113 522
63.16125 526
63.18136 548
63.20147 530
63.22159 509
63.2417 550
63.26182 602
63.28193 546
63.30204 562
63.32216 589
63.34227 555
63.36238 536
63.3825 530
63.40261 527
63.42272 550
63.44284 549
63.46295 557
63.48307 565
63.50318 565
63.52329 574
63.54341 522
63.56352 567
63.58363 596
63.60375 557
63.62386 514
63.64398 560
63.66409 571
63.6842 577
63.70432 594
63.72443 608
63.74454 594
63.76466 563
63.78477 564
63.80489 579
63.825 600
63.84511 543
63.86523 600
63.88534 632
63.90545 562
63.92557 626
63.94568 637
63.96579 592
63.98591 647
64.00602 627
64.02614 607
64.04625 603
64.06636 590
64.08648 576
64.10659 611
64.1267 560
64.14682 586
64.16693 600
64.18705 563
64.20716 584
64.22727 536
64.24739 574
64.2675 576
64.28761 558
64.30773 544
64.32784 569
64.34796 506
64.36807 516
64.38818 561
64.4083 555
64.42841 541
64.44852 523
64.46864 518
64.48875 572
64.50886 517
64.52898 513
64.54909 547
64.56921 526
64.58932 518
64.60943 519
64.62955 535
64.64966 561
64.66977 548
64.68989 546
64.71 559
64.73012 558
64.75023 522
64.77034 539
64.79046 504
64.81057 553
64.83068 526
64.8508 546
64.87091 529
64.89102 544
64.91114 544
64.93125 536
64.95137 502
64.97148 513
64.99159 525
65.01171 552
65.03182 546
65.05193 517
65.07205 530
65.09216 510
65.11228 541
65.13239 522
65.1525 559
65.17262 557
65.19273 516
65.21284 556
65.23296 575
65.25307 475
65.27319 480
65.2933 545
65.31341 514
65.33353 514
65.35364 523
65.37375 526
65.39387 518
65.41398 512
65.43409 498
65.45421 511
65.47432 519
65.49444 548
65.51455 520
65.53466 523
65.55478 497
65.57489 557
65.595 551
65.61512 540
65.63523 495
65.65535 510
65.67546 540
65.69557 544
65.71569 506
65.7358 515
65.75591 531
65.77603 524
65.79614 502
65.81626 522
65.83637 526
65.85648 470
65.8766 547
65.89671 525
65.91682 528
65.93694 493
65.95705 543
65.97716 529
65.99728 500
66.01739 484
66.03751 512
66.05762 496
66.07773 503
66.09785 530
66.11796 527
66.13807 541
66.15819 523
66.1783 567
66.19842 514
66.21853 560
66.23864 544
66.25876 503
66.27887 510
66.29898 506
66.3191 559
66.33921 527
66.35933 516
66.37944 469
66.39955 553
66.41967 531
66.43978 524
66.45989 502
66.48001 544
66.50012 502
66.52023 500
66.54035 537
66.56046 559
66.58058 520
66.60069 505
66.6208 560
66.64092 537
66.66103 540
66.68114 543
66.70126 534
66.72137 531
66.74149 539
66.7616 525
66.78171 510
66.80183 506
66.82194 513
66.84205 499
66.86217 537
66.88228 519
66.90239 528
66.92251 508
66.94262 506
66.96274 531
66.98285 539
67.00296 543
67.02308 513
67.04319 490
67.0633 498
67.08342 534
67.10353 525
67.12365 532
67.14376 537
67.16387 524
67.18399 495
67.2041 485
67.22421 523
67.24433 508
67.26444 528
67.28456 511
67.30467 467
67.32478 537
67.3449 502
67.36501 496
67.38512 497
67.40524 532
67.42535 543
67.44546 514
67.46558 547
67.48569 536
67.50581 609
67.52592 561
67.54603 600
67.56615 621
67.58626 638
67.60637 643
67.62649 714
67.6466 693
67.66672 756
67.68683 742
67.70694 719
67.72706 703
67.74717 712
67.76728 613
67.7874 643
67.80751 641
67.82763 672
67.84774 674
67.86785 689
67.88797 731
67.90808 655
67.92819 689
67.94831 656
67.96842 646
67.98853 697
68.00865 703
68.02876 752
68.04888 788
68.06899 777
68.0891 862
68.10922 841
68.12933 797
68.14944 738
68.16956 660
68.18967 738
68.20979 807
68.2299 803
68.25001 808
68.27013 787
68.29024 806
68.31035 711
68.33047 691
68.35058 667
68.3707 618
68.39081 647
68.41092 637
68.43104 620
68.45115 604
68.47126 588
68.49138 595
68.51149 549
68.5316 561
68.55172 507
68.57183 500
68.59195 504
68.61206 517
68.63217 524
68.65229 515
68.6724 506
68.69251 491
68.71263 480
68.73274 529
68.75286 496
68.77297 494
68.79308 532
68.8132 511
68.83331 549
68.85342 524
68.87354 486
68.89365 516
68.91376 496
68.93388 500
68.95399 530
68.97411 521
68.99422 530
69.01433 511
69.03445 502
69.05456 525
69.07467 506
69.09479 517
69.1149 531
69.13502 492
69.15513 518
69.17524 463
69.19536 482
69.21547 500
69.23558 502
69.2557 509
69.27581 527
69.29593 508
69.31604 498
69.33615 464
69.35627 512
69.37638 506
69.39649 469
69.41661 492
69.43672 518
69.45683 484
69.47695 533
69.49706 515
69.51718 514
69.53729 513
69.5574 488
69.57752 492
69.59763 489
69.61774 528
69.63786 464
69.65797 534
69.67809 492
69.6982 531
69.71831 496
69.73843 495
69.75854 465
69.77865 538
69.79877 506
69.81888 538
69.839 498
69.85911 531
69.87922 494
69.89934 522
69.91945 547
69.93956 511
69.95968 523
69.97979 479
69.9999 489
70.02002 541
70.04013 480
70.06025 503
70.08036 504
70.10047 487
70.12059 525
70.1407 522
70.16081 482
70.18093 575
70.20104 449
70.22116 485
70.24127 510
70.26138 467
70.2815 500
70.30161 511
70.32172 509
70.34184 531
70.36195 490
70.38207 481
70.40218 499
70.42229 500
70.44241 495
70.46252 481
70.48263 481
70.50275 466
70.52286 475
70.54297 483
70.56309 496
70.5832 490
70.60332 486
70.62343 469
70.64354 531
70.66366 494
70.68377 469
70.70388 475
70.724 488
70.74411 485
70.76423 478
70.78434 469
70.80445 470
70.82457 475
70.84468 490
70.86479 447
70.88491 448
70.90502 493
70.92513 494
70.94525 460
70.96536 498
70.98548 442
71.00559 462
71.0257 510
71.04582 511
71.06593 455
71.08604 488
71.10616 502
71.12627 486
71.14639 482
71.1665 483
71.18661 480
71.20673 466
71.22684 456
71.24695 466
71.26707 520
71.28718 499
71.3073 496
71.32741 462
71.34752 470
71.36764 468
71.38775 472
71.40786 483
71.42798 453
71.44809 475
71.4682 467
71.48832 466
71.50843 447
71.52855 499
71.54866 482
71.56877 482
71.58889 446
71.609 513
71.62911 481
71.64923 467
71.66934 473
71.68946 446
71.70957 455
71.72968 494
71.7498 483
71.76991 482
71.79002 495
71.81014 497
71.83025 472
71.85037 491
71.87048 451
71.89059 469
71.91071 477
71.93082 489
71.95093 494
71.97105 497
71.99116 478
72.01127 488
72.03139 480
72.0515 478
72.07162 486
72.09173 485
72.11184 498
72.13196 440
72.15207 495
72.17218 497
72.1923 443
72.21241 502
72.23253 492
72.25264 476
72.27275 462
72.29287 475
72.31298 505
72.33309 474
72.35321 504
72.37332 485
72.39344 457
72.41355 485
72.43366 484
72.45378 482
72.47389 504
72.494 501
72.51412 476
72.53423 487
72.55434 442
72.57446 469
72.59457 448
72.61469 506
72.6348 478
72.65491 455
72.67503 471
72.69514 472
72.71525 464
72.73537 479
72.75548 443
72.7756 509
72.79571 494
72.81582 487
72.83594 475
72.85605 503
72.87616 491
72.89628 465
72.91639 450
72.9365 457
72.95662 493
72.97673 470
72.99685 453
73.01696 510
73.03707 477
73.05719 483
73.0773 487
73.09741 471
73.11753 482
73.13764 512
73.15776 473
73.17787 447
73.19798 485
73.2181 444
73.23821 485
73.25832 477
73.27844 486
73.29855 503
73.31867 491
73.33878 523
73.35889 545
73.37901 542
73.39912 528
73.41923 634
73.43935 516
73.45946 519
73.47957 504
73.49969 517
73.5198 512
73.53992 531
73.56003 517
73.58014 500
73.60026 482
73.62037 509
73.64048 536
73.6606 556
73.68071 464
73.70083 481
73.72094 489
73.74105 474
73.76117 494
73.78128 457
73.80139 470
73.82151 476
73.84162 441
73.86174 495
73.88185 483
73.90196 508
73.92208 443
73.94219 430
73.9623 480
73.98242 464
74.00253 481
74.02264 475
74.04276 483
74.06287 476
74.08299 458
74.1031 466
74.12321 455
74.14333 449
74.16344 448
74.18355 458
74.20367 444
74.22378 449
74.2439 456
74.26401 467
74.28412 450
74.30424 448
74.32435 469
74.34446 424
74.36458 451
74.38469 464
74.40481 447
74.42492 445
74.44503 458
74.46515 473
74.48526 460
74.50537 445
74.52549 471
74.5456 477
74.56571 441
74.58583 447
74.60594 440
74.62606 457
74.64617 473
74.66628 450
74.6864 398
74.70651 442
74.72662 423
74.74674 485
74.76685 445
74.78697 455
74.80708 490
74.82719 412
74.84731 465
74.86742 451
74.88753 486
74.90765 442
74.92776 463
74.94787 472
74.96799 449
74.9881 488
75.00822 485
