3.00117 19495
3.02128 18732
3.0414 18459
3.06151 18057
3.08162 17365
3.10174 16656
3.12185 16363
3.14197 16102
3.16208 15431
3.18219 15176
3.20231 14571
3.22242 13781
3.24253 13960
3.26265 13223
3.28276 12815
3.30288 12568
3.32299 12141
3.3431 11771
3.36322 11382
3.38333 11012
3.40344 10754
3.42356 10089
3.44367 10216
3.46379 9548
3.4839 9351
3.50401 9061
3.52413 8583
3.54424 8442
3.56435 8005
3.58447 7734
3.60458 7624
3.62469 7256
3.64481 7106
3.66492 6677
3.68504 6384
3.70515 6278
3.72526 5779
3.74538 5824
3.76549 5530
3.7856 5203
3.80572 5214
3.82583 4867
3.84595 4870
3.86606 4572
3.88617 4374
3.90629 4052
3.9264 3989
3.94651 3818
3.96663 3707
3.98674 3511
4.00686 3383
4.02697 3148
4.04708 3160
4.0672 3014
4.08731 2769
4.10742 2698
4.12754 2678
4.14765 2558
4.16776 2503
4.18788 2285
4.20799 2376
4.22811 2149
4.24822 2167
4.26833 2194
4.28845 1918
4.30856 1982
4.32867 1869
4.34879 1866
4.3689 1888
4.38902 1752
4.40913 1749
4.42924 1681
4.44936 1578
4.46947 1730
4.48958 1575
4.5097 1581
4.52981 1513
4.54992 1527
4.57004 1544
4.59015 1422
4.61027 1395
4.63038 1309
4.65049 1345
4.67061 1348
4.69072 1227
4.71083 1259
4.73095 1281
4.75106 1293
4.77118 1333
4.79129 1118
4.8114 1179
4.83152 1168
4.85163 1104
4.87174 1172
4.89186 1038
4.91197 1106
4.93209 1116
4.9522 1075
4.97231 1040
4.99243 957
5.01254 939
5.03265 989
5.05277 973
5.07288 975
5.09299 922
5.11311 913
5.13322 868
5.15334 879
5.17345 947
5.19356 861
5.21368 900
5.23379 865
5.2539 825
5.27402 795
5.29413 808
5.31425 769
5.33436 797
5.35447 778
5.37459 785
5.3947 690
5.41481 721
5.43493 742
5.45504 732
5.47516 660
5.49527 689
5.51538 704
5.5355 664
5.55561 660
5.57572 626
5.59584 631
5.61595 626
5.63606 565
5.65618 595
5.67629 642
5.69641 634
5.71652 594
5.73663 617
5.75675 621
5.77686 562
5.79697 594
5.81709 594
5.8372 579
5.85732 604
5.87743 562
5.89754 526
5.91766 570
5.93777 562
5.95788 586
5.978 483
5.99811 519
6.01823 517
6.03834 504
6.05845 556
6.07857 533
6.09868 518
6.11879 499
6.13891 541
6.15902 531
6.17913 559
6.19925 495
6.21936 517
6.23948 497
6.25959 520
6.2797 466
6.29982 496
6.31993 494
6.34004 465
6.36016 456
6.38027 521
6.40039 500
6.4205 484
6.44061 478
6.46073 462
6.48084 459
6.50095 470
6.52107 473
6.54118 469
6.56129 429
6.58141 453
6.60152 459
6.62164 449
6.64175 442
6.66186 481
6.68198 458
6.70209 487
6.7222 412
6.74232 450
6.76243 468
6.78255 494
6.80266 453
6.82277 430
6.84289 427
6.863 456
6.88311 451
6.90323 441
6.92334 417
6.94346 428
6.96357 451
6.98368 446
7.0038 407
7.02391 453
7.04402 415
7.06414 422
7.08425 419
7.10436 440
7.12448 429
7.14459 471
7.16471 418
7.18482 426
7.20493 401
7.22505 398
7.24516 398
7.26527 398
7.28539 374
7.3055 414
7.32562 392
7.34573 379
7.36584 430
7.38596 371
7.40607 397
7.42618 363
7.4463 381
7.46641 413
7.48653 370
7.50664 366
7.52675 395
7.54687 441
7.56698 379
7.58709 376
7.60721 377
7.62732 414
7.64743 387
7.66755 390
7.68766 388
7.70778 390
7.72789 374
7.748 391
7.76812 390
7.78823 382
7.80834 417
7.82846 408
7.84857 324
7.86869 402
7.8888 392
7.90891 393
7.92903 367
7.94914 387
7.96925 406
7.98937 395
8.00948 364
8.0296 392
8.04971 346
8.06982 368
8.08994 360
8.11005 377
8.13016 356
8.15028 408
8.17039 380
8.1905 404
8.21062 385
8.23073 381
8.25085 397
8.27096 371
8.29107 396
8.31119 409
8.3313 383
8.35141 370
8.37153 370
8.39164 358
8.41176 392
8.43187 379
8.45198 419
8.4721 373
8.49221 460
8.51232 359
8.53244 384
8.55255 368
8.57266 379
8.59278 379
8.61289 355
8.63301 383
8.65312 366
8.67323 374
8.69335 379
8.71346 383
8.73357 355
8.75369 374
8.7738 336
8.79392 347
8.81403 376
8.83414 350
8.85426 371
8.87437 359
8.89448 362
8.9146 366
8.93471 383
8.95483 310
8.97494 378
8.99505 345
9.01517 308
9.03528 328
9.05539 333
9.07551 318
9.09562 323
9.11573 346
9.13585 321
9.15596 333
9.17608 358
9.19619 297
9.2163 328
9.23642 323
9.25653 335
9.27664 335
9.29676 343
9.31687 314
9.33699 316
9.3571 310
9.37721 344
9.39733 317
9.41744 322
9.43755 318
9.45767 317
9.47778 336
9.4979 356
9.51801 338
9.53812 327
9.55824 336
9.57835 332
9.59846 300
9.61858 303
9.63869 358
9.6588 350
9.67892 349
9.69903 345
9.71915 320
9.73926 348
9.75937 318
9.77949 319
9.7996 366
9.81971 334
9.83983 295
9.85994 329
9.88006 295
9.90017 330
9.92028 332
9.9404 315
9.96051 307
9.98062 321
10.00074 326
10.02085 316
10.04097 333
10.06108 298
10.08119 288
10.10131 288
10.12142 317
10.14153 345
10.16165 335
10.18176 317
10.20187 300
10.22199 307
10.2421 298
10.26222 333
10.28233 315
10.30244 317
10.32256 318
10.34267 309
10.36278 356
10.3829 400
10.40301 341
10.42313 369
10.44324 390
10.46335 425
10.48347 402
10.50358 367
10.52369 339
10.54381 330
10.56392 299
10.58403 312
10.60415 369
10.62426 292
10.64438 297
10.66449 293
10.6846 300
10.70472 252
10.72483 299
10.74494 291
10.76506 313
10.78517 273
10.80529 340
10.8254 306
10.84551 266
10.86563 305
10.88574 276
10.90585 262
10.92597 308
10.94608 306
10.9662 290
10.98631 316
11.00642 268
11.02654 297
11.04665 286
11.06676 266
11.08688 307
11.10699 274
11.1271 322
11.14722 272
11.16733 283
11.18745 266
11.20756 290
11.22767 297
11.24779 313
11.2679 285
11.28801 287
11.30813 293
11.32824 299
11.34836 320
11.36847 313
11.38858 290
11.4087 323
11.42881 275
11.44892 318
11.46904 273
11.48915 304
11.50927 307
11.52938 280
11.54949 308
11.56961 308
11.58972 281
11.60983 302
11.62995 305
11.65006 305
11.67017 311
11.69029 286
11.7104 284
11.73052 282
11.75063 325
11.77074 270
11.79086 335
11.81097 310
11.83108 336
11.8512 290
11.87131 329
11.89143 298
11.91154 294
11.93165 289
11.95177 310
11.97188 319
11.99199 324
12.01211 304
12.03222 304
12.05234 304
12.07245 296
12.09256 329
12.11268 278
12.13279 302
12.1529 290
12.17302 300
12.19313 312
12.21324 311
12.23336 311
12.25347 305
12.27359 342
12.2937 298
12.31381 312
12.33393 319
12.35404 329
12.37415 298
12.39427 333
12.41438 308
12.4345 288
12.45461 318
12.47472 310
12.49484 315
12.51495 315
12.53506 281
12.55518 292
12.57529 315
12.5954 290
12.61552 314
12.63563 294
12.65575 306
12.67586 308
12.69597 300
12.71609 303
12.7362 295
12.75631 301
12.77643 299
12.79654 287
12.81666 298
12.83677 257
12.85688 299
12.877 299
12.89711 315
12.91722 293
12.93734 292
12.95745 313
12.97757 261
12.99768 314
13.01779 301
13.03791 312
13.05802 312
13.07813 320
13.09825 302
13.11836 259
13.13847 265
13.15859 271
13.1787 281
13.19882 277
13.21893 280
13.23904 316
13.25916 321
13.27927 285
13.29938 279
13.3195 312
13.33961 263
13.35973 283
13.37984 281
13.39995 292
13.42007 279
13.44018 300
13.46029 303
13.48041 283
13.50052 312
13.52064 336
13.54075 354
13.56086 348
13.58098 325
13.60109 334
13.6212 349
13.64132 337
13.66143 338
13.68154 343
13.70166 333
13.72177 342
13.74189 363
13.762 320
13.78211 352
13.80223 392
13.82234 355
13.84245 355
13.86257 352
13.88268 337
13.9028 372
13.92291 345
13.94302 293
13.96314 303
13.98325 305
14.00336 311
14.02348 279
14.04359 292
14.06371 316
14.08382 297
14.10393 280
14.12405 288
14.14416 281
14.16427 296
14.18439 286
14.2045 288
14.22461 279
14.24473 292
14.26484 291
14.28496 295
14.30507 271
14.32518 269
14.3453 269
14.36541 302
14.38552 261
14.40564 308
14.42575 307
14.44587 296
14.46598 244
14.48609 264
14.50621 287
14.52632 297
14.54643 271
14.56655 280
14.58666 326
14.60677 258
14.62689 269
14.647 258
14.66712 284
14.68723 298
14.70734 257
14.72746 291
14.74757 267
14.76768 295
14.7878 281
14.80791 299
14.82803 349
14.84814 322
14.86825 320
14.88837 295
14.90848 297
14.92859 339
14.94871 304
14.96882 325
14.98894 349
15.00905 308
15.02916 315
15.04928 281
15.06939 303
15.0895 324
15.10962 319
15.12973 286
15.14984 301
15.16996 315
15.19007 276
15.21019 275
15.2303 275
15.25041 295
15.27053 302
15.29064 264
15.31075 272
15.33087 276
15.35098 312
15.3711 297
15.39121 312
15.41132 246
15.43144 297
15.45155 292
15.47166 274
15.49178 282
15.51189 265
15.53201 289
15.55212 286
15.57223 274
15.59235 309
15.61246 275
15.63257 332
15.65269 286
15.6728 279
15.69291 309
15.71303 282
15.73314 292
15.75326 281
15.77337 293
15.79348 261
15.8136 291
15.83371 243
15.85382 262
15.87394 295
15.89405 323
15.91417 326
15.93428 281
15.95439 268
15.97451 269
15.99462 283
16.01473 314
16.03485 254
16.05496 271
16.07508 308
16.09519 291
16.1153 278
16.13542 272
16.15553 262
16.17564 307
16.19576 265
16.21587 272
16.23598 269
16.2561 304
16.27621 260
16.29633 311
16.31644 305
16.33655 277
16.35667 306
16.37678 294
16.39689 302
16.41701 297
16.43712 242
16.45724 267
16.47735 275
16.49746 299
16.51758 271
16.53769 286
16.5578 294
16.57792 283
16.59803 224
16.61814 267
16.63826 252
16.65837 301
16.67849 325
16.6986 293
16.71871 296
16.73883 304
16.75894 297
16.77905 284
16.79917 269
16.81928 289
16.8394 305
16.85951 272
16.87962 269
16.89974 293
16.91985 290
16.93996 288
16.96008 281
16.98019 265
17.00031 272
17.02042 269
17.04053 268
17.06065 305
17.08076 301
17.10087 291
17.12099 300
17.1411 327
17.16121 352
17.18133 352
17.20144 307
17.22156 334
17.24167 344
17.26178 340
17.2819 319
17.30201 348
17.32212 320
17.34224 305
17.36235 286
17.38247 322
17.40258 313
17.42269 320
17.44281 285
17.46292 334
17.48303 297
17.50315 282
17.52326 308
17.54338 284
17.56349 310
17.5836 268
17.60372 299
17.62383 277
17.64394 278
17.66406 288
17.68417 263
17.70428 312
17.7244 261
17.74451 308
17.76463 343
17.78474 282
17.80485 315
17.82497 285
17.84508 294
17.86519 280
17.88531 276
17.90542 309
17.92554 327
17.94565 298
17.96576 298
17.98588 304
18.00599 281
18.0261 311
18.04622 282
18.06633 306
18.08645 314
18.10656 296
18.12667 285
18.14679 297
18.1669 265
18.18701 285
18.20713 267
18.22724 293
18.24735 317
18.26747 270
18.28758 278
18.3077 299
18.32781 279
18.34792 309
18.36804 263
18.38815 286
18.40826 281
18.42838 261
18.44849 305
18.46861 311
18.48872 295
18.50883 278
18.52895 317
18.54906 292
18.56917 271
18.58929 305
18.6094 316
18.62951 278
18.64963 298
18.66974 307
18.68986 327
18.70997 300
18.73008 326
18.7502 296
18.77031 316
18.79042 287
18.81054 306
18.83065 293
18.85077 304
18.87088 345
18.89099 293
18.91111 290
18.93122 307
18.95133 280
18.97145 297
18.99156 281
19.01168 308
19.03179 296
19.0519 317
19.07202 304
19.09213 290
19.11224 323
19.13236 349
19.15247 322
19.17258 307
19.1927 326
19.21281 318
19.23293 332
19.25304 309
19.27315 380
19.29327 367
19.31338 324
19.33349 363
19.35361 372
19.37372 405
19.39384 408
19.41395 339
19.43406 399
19.45418 417
19.47429 466
19.4944 424
19.51452 460
19.53463 448
19.55475 441
19.57486 459
19.59497 486
19.61509 469
19.6352 480
19.65531 504
19.67543 485
19.69554 529
19.71565 485
19.73577 487
19.75588 519
19.776 504
19.79611 462
19.81622 499
19.83634 510
19.85645 488
19.87656 438
19.89668 480
19.91679 457
19.93691 467
19.95702 476
19.97713 448
19.99725 449
20.01736 450
20.03747 437
20.05759 419
20.0777 373
20.09782 442
20.11793 443
20.13804 428
20.15816 418
20.17827 430
20.19838 432
20.2185 405
20.23861 417
20.25872 436
20.27884 382
20.29895 437
20.31907 388
20.33918 447
20.35929 401
20.37941 431
20.39952 478
20.41963 412
20.43975 416
20.45986 446
20.47998 390
20.50009 428
20.5202 458
20.54032 446
20.56043 461
20.58054 481
20.60066 501
20.62077 585
20.64088 649
20.661 736
20.68111 951
20.70123 1167
20.72134 1376
20.74145 1667
20.76157 1888
20.78168 2041
20.80179 2044
20.82191 1865
20.84202 1715
20.86214 1393
20.88225 1141
20.90236 961
20.92248 777
20.94259 714
20.9627 640
20.98282 649
21.00293 545
21.02305 527
21.04316 552
21.06327 493
21.08339 420
21.1035 435
21.12361 375
21.14373 397
21.16384 394
21.18395 426
21.20407 375
21.22418 355
21.2443 388
21.26441 344
21.28452 383
21.30464 357
21.32475 358
21.34486 350
21.36498 339
21.38509 344
21.40521 379
21.42532 336
21.44543 386
21.46555 341
21.48566 388
21.50577 378
21.52589 356
21.546 385
21.56612 390
21.58623 336
21.60634 347
21.62646 364
21.64657 373
21.66668 378
21.6868 366
21.70691 406
21.72702 399
21.74714 359
21.76725 416
21.78737 444
21.80748 487
21.82759 526
21.84771 584
21.86782 608
21.88793 713
21.90805 794
21.92816 854
21.94828 844
21.96839 812
21.9885 743
22.00862 647
22.02873 588
22.04884 525
22.06896 483
22.08907 407
22.10919 412
22.1293 398
22.14941 364
22.16953 362
22.18964 375
22.20975 400
22.22987 402
22.24998 416
22.27009 380
22.29021 378
22.31032 350
22.33044 388
22.35055 378
22.37066 375
22.39078 395
22.41089 346
22.431 377
22.45112 407
22.47123 378
22.49135 402
22.51146 415
22.53157 391
22.55169 378
22.5718 359
22.59191 385
22.61203 420
22.63214 415
22.65225 423
22.67237 439
22.69248 437
22.7126 472
22.73271 536
22.75282 462
22.77294 491
22.79305 520
22.81316 455
22.83328 482
22.85339 461
22.87351 475
22.89362 442
22.91373 474
22.93385 487
22.95396 465
22.97407 507
22.99419 451
23.0143 461
23.03442 474
23.05453 443
23.07464 484
23.09476 520
23.11487 464
23.13498 439
23.1551 429
23.17521 415
23.19532 415
23.21544 417
23.23555 400
23.25567 402
23.27578 398
23.29589 402
23.31601 419
23.33612 399
23.35623 449
23.37635 477
23.39646 434
23.41658 488
23.43669 498
23.4568 575
23.47692 603
23.49703 569
23.51714 615
23.53726 588
23.55737 607
23.57749 571
23.5976 545
23.61771 517
23.63783 513
23.65794 496
23.67805 509
23.69817 476
23.71828 455
23.73839 493
23.75851 498
23.77862 566
23.79874 545
23.81885 509
23.83896 512
23.85908 498
23.87919 529
23.8993 528
23.91942 508
23.93953 524
23.95965 514
23.97976 523
23.99987 528
24.01999 521
24.0401 527
24.06021 525
24.08033 491
24.10044 585
24.12056 551
24.14067 602
24.16078 552
24.1809 555
24.20101 587
24.22112 557
24.24124 555
24.26135 537
24.28146 533
24.30158 508
24.32169 500
24.34181 467
24.36192 467
24.38203 396
24.40215 420
24.42226 424
24.44237 385
24.46249 386
24.4826 411
24.50272 372
24.52283 388
24.54294 367
24.56306 375
24.58317 371
24.60328 439
24.6234 400
24.64351 380
24.66362 357
24.68374 379
24.70385 353
24.72397 360
24.74408 389
24.76419 354
24.78431 374
24.80442 360
24.82453 345
24.84465 375
24.86476 370
24.88488 359
24.90499 389
24.9251 373
24.94522 347
24.96533 383
24.98544 378
25.00556 390
25.02567 407
25.04579 405
25.0659 387
25.08601 400
25.10613 385
25.12624 383
25.14635 390
25.16647 431
25.18658 392
25.20669 387
25.22681 417
25.24692 432
25.26704 418
25.28715 464
25.30726 473
25.32738 481
25.34749 522
25.3676 478
25.38772 486
25.40783 529
25.42795 543
25.44806 569
25.46817 575
25.48829 571
25.5084 554
25.52851 524
25.54863 555
25.56874 549
25.58886 548
25.60897 586
25.62908 525
25.6492 508
25.66931 474
25.68942 489
25.70954 476
25.72965 473
25.74976 451
25.76988 397
25.78999 460
25.81011 441
25.83022 451
25.85033 400
25.87045 440
25.89056 430
25.91067 423
25.93079 448
25.9509 446
25.97102 411
25.99113 432
26.01124 440
26.03136 445
26.05147 510
26.07158 518
26.0917 488
26.11181 546
26.13193 551
26.15204 570
26.17215 641
26.19227 620
26.21238 646
26.23249 646
26.25261 714
26.27272 776
26.29283 827
26.31295 924
26.33306 1046
26.35318 1145
26.37329 1413
26.3934 1644
26.41352 2033
26.43363 2540
26.45374 3439
26.47386 4269
26.49397 5371
26.51409 6468
26.5342 7426
26.55431 8096
26.57443 8115
26.59454 7527
26.61465 6749
26.63477 5479
26.65488 4383
26.67499 3256
26.69511 2318
26.71522 1608
26.73534 1170
26.75545 940
26.77556 839
26.79568 828
26.81579 711
26.8359 770
26.85602 737
26.87613 724
26.89625 731
26.91636 729
26.93647 774
26.95659 724
26.9767 692
26.99681 697
27.01693 682
27.03704 681
27.05716 711
27.07727 661
27.09738 631
27.1175 591
27.13761 556
27.15772 502
27.17784 511
27.19795 566
27.21806 571
27.23818 573
27.25829 554
27.27841 585
27.29852 682
27.31863 660
27.33875 747
27.35886 779
27.37897 834
27.39909 789
27.4192 836
27.43932 815
27.45943 840
27.47954 767
27.49966 760
27.51977 775
27.53988 741
27.56 769
27.58011 827
27.60023 853
27.62034 920
27.64045 947
27.66057 1068
27.68068 1043
27.70079 1117
27.72091 1057
27.74102 1173
27.76113 1154
27.78125 1202
27.80136 1187
27.82148 1198
27.84159 1185
27.8617 1262
27.88182 1252
27.90193 1142
27.92204 1076
27.94216 1056
27.96227 926
27.98239 851
28.0025 808
28.02261 731
28.04273 748
28.06284 688
28.08295 656
28.10307 643
28.12318 631
28.1433 690
28.16341 607
28.18352 654
28.20364 662
28.22375 664
28.24386 610
28.26398 625
28.28409 532
28.3042 502
28.32432 506
28.34443 519
28.36455 453
28.38466 484
28.40477 480
28.42489 414
28.445 421
28.46511 402
28.48523 415
28.50534 445
28.52546 403
28.54557 394
28.56568 384
28.5858 345
28.60591 400
28.62602 367
28.64614 365
28.66625 386
28.68636 358
28.70648 382
28.72659 376
28.74671 374
28.76682 352
28.78693 368
28.80705 373
28.82716 365
28.84727 388
28.86739 360
28.8875 370
28.90762 407
28.92773 382
28.94784 388
28.96796 376
28.98807 431
29.00818 393
29.0283 412
29.04841 406
29.06853 424
29.08864 422
29.10875 423
29.12887 452
29.14898 460
29.16909 484
29.18921 506
29.20932 547
29.22943 605
29.24955 605
29.26966 713
29.28978 793
29.30989 882
29.33 966
29.35012 982
29.37023 996
29.39034 1124
29.41046 1069
29.43057 1093
29.45069 1063
29.4708 1015
29.49091 934
29.51103 893
29.53114 747
29.55125 694
29.57137 736
29.59148 708
29.6116 735
29.63171 716
29.65182 758
29.67194 686
29.69205 741
29.71216 763
29.73228 797
29.75239 758
29.7725 727
29.79262 765
29.81273 667
29.83285 726
29.85296 715
29.87307 554
29.89319 574
29.9133 521
29.93341 538
29.95353 570
29.97364 525
29.99376 477
30.01387 517
30.03398 476
30.0541 500
30.07421 487
30.09432 511
30.11444 520
30.13455 513
30.15467 559
30.17478 562
30.19489 530
30.21501 590
30.23512 603
30.25523 606
30.27535 616
30.29546 660
30.31557 637
30.33569 645
30.3558 577
30.37592 550
30.39603 588
30.41614 539
30.43626 527
30.45637 493
30.47648 459
30.4966 497
30.51671 430
30.53683 442
30.55694 396
30.57705 412
30.59717 429
30.61728 447
30.63739 465
30.65751 445
30.67762 520
30.69773 501
30.71785 478
30.73796 488
30.75808 503
30.77819 489
30.7983 460
30.81842 518
30.83853 408
30.85864 429
30.87876 418
30.89887 417
30.91899 422
30.9391 403
30.95921 420
30.97933 456
30.99944 436
31.01955 435
31.03967 408
31.05978 440
31.0799 391
31.10001 428
31.12012 374
31.14024 399
31.16035 396
31.18046 383
31.20058 368
31.22069 416
31.2408 373
31.26092 394
31.28103 401
31.30115 377
31.32126 401
31.34137 373
31.36149 417
31.3816 397
31.40171 389
31.42183 384
31.44194 370
31.46206 359
31.48217 369
31.50228 350
31.5224 359
31.54251 379
31.56262 381
31.58274 386
31.60285 325
31.62297 367
31.64308 358
31.66319 343
31.68331 363
31.70342 368
31.72353 377
31.74365 354
31.76376 323
31.78387 374
31.80399 354
31.8241 365
31.84422 333
31.86433 357
31.88444 381
31.90456 343
31.92467 362
31.94478 367
31.9649 371
31.98501 360
32.00513 381
32.02524 400
32.04535 453
32.06547 454
32.08558 478
32.10569 519
32.12581 497
32.14592 515
32.16604 495
32.18615 456
32.20626 468
32.22638 497
32.24649 452
32.2666 421
32.28672 383
32.30683 423
32.32694 369
32.34706 406
32.36717 346
32.38729 377
32.4074 382
32.42751 392
32.44763 415
32.46774 376
32.48785 324
32.50797 375
32.52808 338
32.5482 333
32.56831 345
32.58842 327
32.60854 339
32.62865 354
32.64876 352
32.66888 322
32.68899 366
32.7091 343
32.72922 347
32.74933 371
32.76945 331
32.78956 354
32.80967 352
32.82979 360
32.8499 398
32.87001 384
32.89013 398
32.91024 400
32.93036 423
32.95047 430
32.97058 406
32.9907 403
33.01081 402
33.03092 411
33.05104 413
33.07115 404
33.09127 383
33.11138 350
33.13149 352
33.15161 381
33.17172 375
33.19183 352
33.21195 347
33.23206 327
33.25217 302
33.27229 313
33.2924 302
33.31252 322
33.33263 284
33.35274 330
33.37286 297
33.39297 301
33.41308 358
33.4332 303
33.45331 330
33.47343 299
33.49354 307
33.51365 319
33.53377 309
33.55388 329
33.57399 334
33.59411 311
33.61422 296
33.63434 336
33.65445 301
33.67456 339
33.69468 362
33.71479 358
33.7349 373
33.75502 353
33.77513 373
33.79524 339
33.81536 357
33.83547 325
33.85559 352
33.8757 370
33.89581 368
33.91593 341
33.93604 349
33.95615 340
33.97627 343
33.99638 316
34.0165 340
34.03661 400
34.05672 371
34.07684 399
34.09695 405
34.11706 359
34.13718 377
34.15729 384
34.17741 416
34.19752 392
34.21763 391
34.23775 384
34.25786 407
34.27797 421
34.29809 462
34.3182 433
34.33831 494
34.35843 437
34.37854 471
34.39866 478
34.41877 505
34.43888 437
34.459 421
34.47911 411
34.49922 483
34.51934 501
34.53945 469
34.55957 483
34.57968 464
34.59979 446
34.61991 484
34.64002 447
34.66013 468
34.68025 480
34.70036 463
34.72047 489
34.74059 489
34.7607 454
34.78082 472
34.80093 505
34.82104 504
34.84116 517
34.86127 547
34.88138 551
34.9015 593
34.92161 549
34.94173 609
34.96184 607
34.98195 619
35.00207 598
35.02218 566
35.04229 578
35.06241 556
35.08252 579
35.10264 575
35.12275 552
35.14286 649
35.16298 599
35.18309 580
35.2032 594
35.22332 576
35.24343 616
35.26354 599
35.28366 612
35.30377 643
35.32389 604
35.344 572
35.36411 667
35.38423 686
35.40434 663
35.42445 663
35.44457 694
35.46468 720
35.4848 746
35.50491 730
35.52502 704
35.54514 718
35.56525 721
35.58536 697
35.60548 702
35.62559 639
35.64571 593
35.66582 607
35.68593 520
35.70605 520
35.72616 482
35.74627 496
35.76639 486
35.7865 494
35.80661 484
35.82673 467
35.84684 519
35.86696 501
35.88707 558
35.90718 524
35.9273 504
35.94741 546
35.96752 548
35.98764 513
36.00775 495
36.02787 485
36.04798 547
36.06809 516
36.08821 512
36.10832 477
36.12843 483
36.14855 519
36.16866 536
36.18878 535
36.20889 544
36.229 571
36.24912 579
36.26923 629
36.28934 671
36.30946 692
36.32957 720
36.34968 824
36.3698 872
36.38991 910
36.41003 922
36.43014 1019
36.45025 1036
36.47037 972
36.49048 974
36.51059 921
36.53071 810
36.55082 721
36.57094 663
36.59105 638
36.61116 550
36.63128 512
36.65139 492
36.6715 465
36.69162 404
36.71173 415
36.73184 418
36.75196 389
36.77207 388
36.79219 437
36.8123 404
36.83241 384
36.85253 373
36.87264 395
36.89275 407
36.91287 368
36.93298 377
36.9531 388
36.97321 419
36.99332 397
37.01344 368
37.03355 377
37.05366 381
37.07378 373
37.09389 388
37.11401 364
37.13412 359
37.15423 380
37.17435 383
37.19446 381
37.21457 375
37.23469 343
37.2548 329
37.27491 396
37.29503 406
37.31514 373
37.33526 385
37.35537 373
37.37548 364
37.3956 403
37.41571 369
37.43582 371
37.45594 371
37.47605 372
37.49617 374
37.51628 365
37.53639 420
37.55651 381
37.57662 423
37.59673 380
37.61685 397
37.63696 381
37.65708 374
37.67719 382
37.6973 367
37.71742 367
37.73753 359
37.75764 360
37.77776 370
37.79787 340
37.81798 339
37.8381 393
37.85821 361
37.87833 347
37.89844 327
37.91855 355
37.93867 348
37.95878 362
37.97889 338
37.99901 352
38.01912 333
38.03924 366
38.05935 372
38.07946 369
38.09958 361
38.11969 389
38.1398 379
38.15992 341
38.18003 365
38.20015 363
38.22026 341
38.24037 333
38.26049 337
38.2806 326
38.30071 340
38.32083 352
38.34094 369
38.36105 341
38.38117 350
38.40128 346
38.4214 316
38.44151 376
38.46162 329
38.48174 367
38.50185 395
38.52196 378
38.54208 381
38.56219 380
38.58231 336
38.60242 338
38.62253 360
38.64265 351
38.66276 352
38.68287 350
38.70299 354
38.7231 378
38.74321 324
38.76333 339
38.78344 403
38.80356 376
38.82367 375
38.84378 357
38.8639 347
38.88401 374
38.90412 368
38.92424 358
38.94435 368
38.96447 332
38.98458 398
39.00469 367
39.02481 371
39.04492 393
39.06503 405
39.08515 357
39.10526 378
39.12538 434
39.14549 398
39.1656 462
39.18572 426
39.20583 419
39.22594 523
39.24606 528
39.26617 592
39.28628 665
39.3064 717
39.32651 806
39.34663 846
39.36674 913
39.38685 908
39.40697 933
39.42708 873
39.44719 871
39.46731 818
39.48742 773
39.50754 695
39.52765 673
39.54776 596
39.56788 537
39.58799 517
39.6081 450
39.62822 438
39.64833 419
39.66845 424
39.68856 382
39.70867 398
39.72879 403
39.7489 398
39.76901 419
39.78913 379
39.80924 372
39.82935 416
39.84947 369
39.86958 394
39.8897 396
39.90981 401
39.92992 392
39.95004 410
39.97015 402
39.99026 386
40.01038 408
40.03049 404
40.05061 400
40.07072 416
40.09083 448
40.11095 480
40.13106 476
40.15117 542
40.17129 562
40.1914 532
40.21152 571
40.23163 541
40.25174 562
40.27186 533
40.29197 459
40.31208 445
40.3322 426
40.35231 413
40.37242 364
40.39254 379
40.41265 358
40.43277 351
40.45288 349
40.47299 349
40.49311 350
40.51322 376
40.53333 340
40.55345 394
40.57356 336
40.59368 338
40.61379 312
40.6339 358
40.65402 349
40.67413 375
40.69424 349
40.71436 380
40.73447 353
40.75458 367
40.7747 369
40.79481 357
40.81493 331
40.83504 368
40.85515 354
40.87527 315
40.89538 335
40.91549 327
40.93561 316
40.95572 321
40.97584 322
40.99595 321
41.01606 308
41.03618 314
41.05629 368
41.0764 306
41.09652 330
41.11663 351
41.13675 332
41.15686 369
41.17697 329
41.19709 332
41.2172 342
41.23731 310
41.25743 325
41.27754 347
41.29765 362
41.31777 304
41.33788 319
41.358 326
41.37811 339
41.39822 335
41.41834 387
41.43845 317
41.45856 344
41.47868 348
41.49879 372
41.51891 338
41.53902 381
41.55913 384
41.57925 370
41.59936 410
41.61947 437
41.63959 415
41.6597 469
41.67982 422
41.69993 433
41.72004 429
41.74016 420
41.76027 373
41.78038 379
41.8005 380
41.82061 360
41.84072 360
41.86084 373
41.88095 356
41.90107 343
41.92118 321
41.94129 357
41.96141 343
41.98152 335
42.00163 346
42.02175 356
42.04186 364
42.06198 347
42.08209 367
42.1022 377
42.12232 379
42.14243 381
42.16254 419
42.18266 425
42.20277 453
42.22289 471
42.243 510
42.26311 558
42.28323 627
42.30334 690
42.32345 657
42.34357 658
42.36368 703
42.38379 710
42.40391 705
42.42402 639
42.44414 617
42.46425 521
42.48436 524
42.50448 451
42.52459 458
42.5447 475
42.56482 405
42.58493 387
42.60505 378
42.62516 385
42.64527 419
42.66539 355
42.6855 385
42.70561 396
42.72573 383
42.74584 387
42.76595 428
42.78607 374
42.80618 391
42.8263 382
42.84641 387
42.86652 357
42.88664 361
42.90675 390
42.92686 366
42.94698 380
42.96709 370
42.98721 377
43.00732 357
43.02743 373
43.04755 375
43.06766 382
43.08777 413
43.10789 426
43.128 395
43.14812 399
43.16823 426
43.18834 453
43.20846 421
43.22857 413
43.24868 393
43.2688 378
43.28891 385
43.30902 351
43.32914 362
43.34925 362
43.36937 325
43.38948 386
43.40959 383
43.42971 345
43.44982 340
43.46993 329
43.49005 319
43.51016 312
43.53028 325
43.55039 330
43.5705 334
43.59062 293
43.61073 318
43.63084 303
43.65096 303
43.67107 285
43.69119 309
43.7113 334
43.73141 300
43.75153 309
43.77164 298
43.79175 325
43.81187 295
43.83198 303
43.85209 304
43.87221 321
43.89232 293
43.91244 311
43.93255 296
43.95266 324
43.97278 326
43.99289 329
44.013 326
44.03312 341
44.05323 333
44.07335 319
44.09346 383
44.11357 321
44.13369 329
44.1538 318
44.17391 296
44.19403 329
44.21414 313
44.23426 342
44.25437 310
44.27448 353
44.2946 308
44.31471 306
44.33482 345
44.35494 296
44.37505 339
44.39516 340
44.41528 388
44.43539 350
44.45551 346
44.47562 346
44.49573 396
44.51585 379
44.53596 312
44.55607 322
44.57619 376
44.5963 347
44.61642 363
44.63653 353
44.65664 338
44.67676 329
44.69687 335
44.71698 314
44.7371 363
44.75721 357
44.77732 312
44.79744 369
44.81755 348
44.83767 336
44.85778 320
44.87789 334
44.89801 327
44.91812 338
44.93823 349
44.95835 341
44.97846 326
44.99858 310
45.01869 303
45.0388 350
45.05892 300
45.07903 322
45.09914 320
45.11926 297
45.13937 305
45.15949 309
45.1796 302
45.19971 331
45.21983 360
45.23994 309
45.26005 317
45.28017 316
45.30028 308
45.32039 337
45.34051 335
45.36062 325
45.38074 340
45.40085 319
45.42096 343
45.44108 332
45.46119 338
45.4813 357
45.50142 392
45.52153 400
45.54165 391
45.56176 418
45.58187 421
45.60199 457
45.6221 463
45.64221 537
45.66233 523
45.68244 578
45.70256 533
45.72267 533
45.74278 500
45.7629 522
45.78301 480
45.80312 468
45.82324 415
45.84335 429
45.86346 407
45.88358 382
45.90369 347
45.92381 345
45.94392 344
45.96403 341
45.98415 304
46.00426 335
46.02437 329
46.04449 326
46.0646 331
46.08472 352
46.10483 324
46.12494 286
46.14506 333
46.16517 340
46.18528 314
46.2054 315
46.22551 304
46.24563 323
46.26574 339
46.28585 304
46.30597 302
46.32608 314
46.34619 341
46.36631 265
46.38642 287
46.40653 331
46.42665 314
46.44676 283
46.46688 344
46.48699 293
46.5071 299
46.52722 307
46.54733 282
46.56744 296
46.58756 291
46.60767 313
46.62779 300
46.6479 298
46.66801 322
46.68813 303
46.70824 302
46.72835 301
46.74847 316
46.76858 311
46.78869 278
46.80881 306
46.82892 328
46.84904 302
46.86915 294
46.88926 321
46.90938 310
46.92949 314
46.9496 360
46.96972 331
46.98983 314
47.00995 325
47.03006 338
47.05017 342
47.07029 335
47.0904 326
47.11051 334
47.13063 351
47.15074 373
47.17086 332
47.19097 366
47.21108 362
47.2312 328
47.25131 371
47.27142 371
47.29154 346
47.31165 342
47.33176 361
47.35188 382
47.37199 371
47.39211 379
47.41222 370
47.43233 403
47.45245 380
47.47256 382
47.49267 412
47.51279 430
47.5329 369
47.55302 371
47.57313 395
47.59324 390
47.61336 403
47.63347 414
47.65358 385
47.6737 343
47.69381 344
47.71393 338
47.73404 360
47.75415 310
47.77427 342
47.79438 351
47.81449 367
47.83461 321
47.85472 313
47.87483 301
47.89495 297
47.91506 333
47.93518 305
47.95529 356
47.9754 305
47.99552 320
48.01563 296
48.03574 291
48.05586 307
48.07597 327
48.09609 308
48.1162 327
48.13631 327
48.15643 327
48.17654 336
48.19665 327
48.21677 335
48.23688 339
48.257 350
48.27711 315
48.29722 369
48.31734 343
48.33745 348
48.35756 333
48.37768 351
48.39779 375
48.4179 345
48.43802 407
48.45813 396
48.47825 363
48.49836 391
48.51847 378
48.53859 402
48.5587 393
48.57881 428
48.59893 402
48.61904 406
48.63916 429
48.65927 383
48.67938 404
48.6995 382
48.71961 377
48.73972 398
48.75984 336
48.77995 362
48.80006 356
48.82018 401
48.84029 320
48.86041 357
48.88052 366
48.90063 346
48.92075 329
48.94086 353
48.96097 344
48.98109 362
49.0012 352
49.02132 346
49.04143 338
49.06154 353
49.08166 361
49.10177 353
49.12188 360
49.142 370
49.16211 323
49.18223 324
49.20234 331
49.22245 336
49.24257 348
49.26268 347
49.28279 335
49.30291 343
49.32302 299
49.34313 364
49.36325 314
49.38336 327
49.40348 341
49.42359 310
49.4437 336
49.46382 304
49.48393 324
49.50404 346
49.52416 340
49.54427 350
49.56439 354
49.5845 337
49.60461 365
49.62473 375
49.64484 371
49.66495 412
49.68507 421
49.70518 414
49.7253 402
49.74541 421
49.76552 478
49.78564 452
49.80575 466
49.82586 484
49.84598 489
49.86609 555
49.8862 614
49.90632 628
49.92643 688
49.94655 745
49.96666 819
49.98677 927
50.00689 1009
50.027 1026
50.04711 1072
50.06723 1050
50.08734 1036
50.10746 906
50.12757 817
50.14768 735
50.1678 777
50.18791 697
50.20802 593
50.22814 564
50.24825 553
50.26837 443
50.28848 394
50.30859 386
50.32871 348
50.34882 375
50.36893 365
50.38905 348
50.40916 379
50.42927 387
50.44939 418
50.4695 363
50.48962 398
50.50973 418
50.52984 415
50.54996 407
50.57007 388
50.59018 395
50.6103 383
50.63041 387
50.65053 352
50.67064 387
50.69075 383
50.71087 362
50.73098 344
50.75109 352
50.77121 326
50.79132 347
50.81143 314
50.83155 324
50.85166 312
50.87178 323
50.89189 335
50.912 296
50.93212 340
50.95223 317
50.97234 328
50.99246 326
51.01257 312
51.03269 325
51.0528 334
51.07291 360
51.09303 343
51.11314 361
51.13325 310
51.15337 326
51.17348 339
51.1936 350
51.21371 338
51.23382 323
51.25394 333
51.27405 311
51.29416 335
51.31428 320
51.33439 293
51.3545 333
51.37462 293
51.39473 331
51.41485 284
51.43496 307
51.45507 289
51.47519 291
51.4953 322
51.51541 301
51.53553 279
51.55564 258
51.57576 299
51.59587 291
51.61598 302
51.6361 291
51.65621 267
51.67632 300
51.69644 285
51.71655 271
51.73667 283
51.75678 289
51.77689 325
51.79701 319
51.81712 315
51.83723 314
51.85735 320
51.87746 314
51.89757 327
51.91769 342
51.9378 380
51.95792 346
51.97803 386
51.99814 393
52.01826 395
52.03837 375
52.05848 389
52.0786 433
52.09871 432
52.11883 388
52.13894 383
52.15905 384
52.17917 349
52.19928 359
52.21939 379
52.23951 371
52.25962 389
52.27974 345
52.29985 360
52.31996 335
52.34008 358
52.36019 355
52.3803 340
52.40042 325
52.42053 303
52.44064 332
52.46076 307
52.48087 323
52.50099 333
52.5211 318
52.54121 335
52.56133 338
52.58144 303
52.60155 302
52.62167 313
52.64178 307
52.6619 326
52.68201 331
52.70212 311
52.72224 339
52.74235 332
52.76246 313
52.78258 335
52.80269 306
52.8228 291
52.84292 288
52.86303 310
52.88315 326
52.90326 294
52.92337 325
52.94349 333
52.9636 319
52.98371 314
53.00383 340
53.02394 336
53.04406 352
53.06417 346
53.08428 345
53.1044 311
53.12451 320
53.14462 332
53.16474 314
53.18485 311
53.20497 324
53.22508 323
53.24519 332
53.26531 303
53.28542 300
53.30553 300
53.32565 316
53.34576 292
53.36587 292
53.38599 351
53.4061 304
53.42622 306
53.44633 308
53.46644 312
53.48656 298
53.50667 303
53.52678 309
53.5469 313
53.56701 334
53.58713 290
53.60724 318
53.62735 317
53.64747 304
53.66758 339
53.68769 323
53.70781 348
53.72792 348
53.74804 303
53.76815 314
53.78826 361
53.80838 322
53.82849 326
53.8486 313
53.86872 337
53.88883 362
53.90894 362
53.92906 345
53.94917 340
53.96929 339
53.9894 352
54.00951 312
54.02963 340
54.04974 317
54.06985 342
54.08997 322
54.11008 331
54.1302 300
54.15031 323
54.17042 336
54.19054 332
54.21065 329
54.23076 352
54.25088 354
54.27099 371
54.29111 335
54.31122 314
54.33133 307
54.35145 371
54.37156 344
54.39167 329
54.41179 326
54.4319 368
54.45201 333
54.47213 351
54.49224 327
54.51236 326
54.53247 344
54.55258 334
54.5727 368
54.59281 360
54.61292 407
54.63304 425
54.65315 454
54.67327 458
54.69338 472
54.71349 533
54.73361 540
54.75372 545
54.77383 547
54.79395 552
54.81406 518
54.83417 546
54.85429 515
54.8744 487
54.89452 461
54.91463 463
54.93474 423
54.95486 442
54.97497 376
54.99508 387
55.0152 399
55.03531 362
55.05543 332
55.07554 377
55.09565 362
55.11577 374
55.13588 384
55.15599 395
55.17611 382
55.19622 408
55.21634 419
55.23645 384
55.25656 396
55.27668 392
55.29679 370
55.3169 396
55.33702 353
55.35713 379
55.37724 401
55.39736 370
55.41747 370
55.43759 367
55.4577 348
55.47781 339
55.49793 314
55.51804 344
55.53815 312
55.55827 314
55.57838 336
55.5985 306
55.61861 323
55.63872 305
55.65884 300
55.67895 335
55.69906 328
55.71918 324
55.73929 314
55.75941 310
55.77952 273
55.79963 322
55.81975 352
55.83986 307
55.85997 308
55.88009 342
55.9002 351
55.92031 311
55.94043 324
55.96054 305
55.98066 317
56.00077 351
56.02088 343
56.041 324
56.06111 309
56.08122 337
56.10134 309
56.12145 331
56.14157 282
56.16168 312
56.18179 332
56.20191 294
56.22202 311
56.24213 300
56.26225 324
56.28236 321
56.30248 317
56.32259 338
56.3427 306
56.36282 360
56.38293 304
56.40304 342
56.42316 362
56.44327 360
56.46338 352
56.4835 354
56.50361 349
56.52373 388
56.54384 324
56.56395 394
56.58407 361
56.60418 374
56.62429 357
56.64441 403
56.66452 382
56.68464 369
56.70475 375
56.72486 336
56.74498 337
56.76509 329
56.7852 372
56.80532 345
56.82543 316
56.84554 333
56.86566 337
56.88577 291
56.90589 318
56.926 330
56.94611 322
56.96623 331
56.98634 350
57.00645 293
57.02657 344
57.04668 331
57.0668 363
57.08691 324
57.10702 320
57.12714 322
57.14725 343
57.16736 339
57.18748 360
57.20759 295
57.22771 326
57.24782 323
57.26793 330
57.28805 363
57.30816 346
57.32827 334
57.34839 398
57.3685 384
57.38861 367
57.40873 367
57.42884 342
57.44896 385
57.46907 343
57.48918 334
57.5093 356
57.52941 332
57.54952 353
57.56964 357
57.58975 327
57.60987 356
57.62998 318
57.65009 327
57.67021 322
57.69032 347
57.71043 315
57.73055 305
57.75066 395
57.77078 329
57.79089 304
57.811 306
57.83112 309
57.85123 294
57.87134 320
57.89146 305
57.91157 288
57.93168 294
57.9518 274
57.97191 335
57.99203 313
58.01214 299
58.03225 304
58.05237 309
58.07248 320
58.09259 323
58.11271 306
58.13282 309
58.15294 307
58.17305 322
58.19316 314
58.21328 306
58.23339 317
58.2535 300
58.27362 309
58.29373 319
58.31385 309
58.33396 317
58.35407 297
58.37419 324
58.3943 291
58.41441 324
58.43453 318
58.45464 327
58.47475 338
58.49487 332
58.51498 317
58.5351 307
58.55521 326
58.57532 273
58.59544 330
58.61555 311
58.63566 318
58.65578 341
58.67589 284
58.69601 312
58.71612 352
58.73623 293
58.75635 292
58.77646 266
58.79657 285
58.81669 323
58.8368 272
58.85691 257
58.87703 292
58.89714 303
58.91726 274
58.93737 296
58.95748 284
58.9776 300
58.99771 256
59.01782 296
59.03794 315
59.05805 298
59.07817 279
59.09828 293
59.11839 304
59.13851 273
59.15862 296
59.17873 310
59.19885 300
59.21896 289
59.23908 278
59.25919 292
59.2793 290
59.29942 241
59.31953 310
59.33964 327
59.35976 265
59.37987 313
59.39998 307
59.4201 296
59.44021 284
59.46033 330
59.48044 302
59.50055 310
59.52067 318
59.54078 340
59.56089 381
59.58101 325
59.60112 328
59.62124 406
59.64135 395
59.66146 428
59.68158 448
59.70169 460
59.7218 474
59.74192 525
59.76203 605
59.78215 657
59.80226 684
59.82237 699
59.84249 774
59.8626 836
59.88271 755
59.90283 669
59.92294 670
59.94305 633
59.96317 584
59.98328 562
60.0034 520
60.02351 562
60.04362 463
60.06374 524
60.08385 447
60.10396 380
60.12408 369
60.14419 374
60.16431 328
60.18442 344
60.20453 331
60.22465 325
60.24476 275
60.26487 341
60.28499 324
60.3051 317
60.32522 329
60.34533 326
60.36544 318
60.38556 331
60.40567 306
60.42578 307
60.4459 326
60.46601 356
60.48612 340
60.50624 318
60.52635 328
60.54647 330
60.56658 336
60.58669 347
60.60681 337
60.62692 329
60.64703 356
60.66715 360
60.68726 364
60.70738 342
60.72749 370
60.7476 343
60.76772 387
60.78783 359
60.80794 403
60.82806 366
60.84817 360
60.86828 355
60.8884 366
60.90851 352
60.92863 358
60.94874 383
60.96885 345
60.98897 344
61.00908 348
61.02919 376
61.04931 364
61.06942 388
61.08954 388
61.10965 341
61.12976 371
61.14988 362
61.16999 328
61.1901 347
61.21022 386
61.23033 369
61.25045 372
61.27056 394
61.29067 395
61.31079 408
61.3309 388
61.35101 397
61.37113 361
61.39124 407
61.41135 361
61.43147 385
61.45158 410
61.4717 383
61.49181 431
61.51192 412
61.53204 388
61.55215 391
61.57226 406
61.59238 382
61.61249 419
61.63261 428
61.65272 375
61.67283 410
61.69295 392
61.71306 397
61.73317 416
61.75329 379
61.7734 442
61.79352 354
61.81363 384
61.83374 405
61.85386 361
61.87397 376
61.89408 411
61.9142 366
61.93431 366
61.95442 339
61.97454 356
61.99465 327
62.01477 368
62.03488 340
62.05499 340
62.07511 352
62.09522 376
62.11533 344
62.13545 353
62.15556 338
62.17568 320
62.19579 338
62.2159 355
62.23602 336
62.25613 362
62.27624 390
62.29636 348
62.31647 407
62.33659 372
62.3567 371
62.37681 393
62.39693 376
62.41704 373
62.43715 383
62.45727 388
62.47738 374
62.49749 380
62.51761 367
62.53772 385
62.55784 371
62.57795 391
62.59806 319
62.61818 388
62.63829 373
62.6584 355
62.67852 331
62.69863 337
62.71875 331
62.73886 352
62.75897 315
62.77909 317
62.7992 314
62.81931 345
62.83943 323
62.85954 331
62.87965 336
62.89977 331
62.91988 329
62.94 295
62.96011 314
62.98022 305
63.00034 344
63.02045 317
63.04056 324
63.06068 322
63.08079 317
63.10091 317
63.12102 303
63.14113 330
63.16125 344
63.18136 330
63.20147 307
63.22159 294
63.2417 335
63.26182 264
63.28193 295
63.30204 300
63.32216 300
63.34227 310
63.36238 322
63.3825 336
63.40261 302
63.42272 331
63.44284 351
63.46295 311
63.48307 330
63.50318 305
63.52329 321
63.54341 310
63.56352 314
63.58363 383
63.60375 319
63.62386 317
63.64398 328
63.66409 343
63.6842 367
63.70432 337
63.72443 347
63.74454 332
63.76466 341
63.78477 348
63.80489 344
63.825 406
63.84511 396
63.86523 394
63.88534 369
63.90545 412
63.92557 386
63.94568 370
63.96579 409
63.98591 398
64.00602 328
64.02614 365
64.04625 356
64.06636 338
64.08648 393
64.10659 355
64.1267 347
64.14682 327
64.16693 340
64.18705 290
64.20716 279
64.22727 281
64.24739 304
64.2675 295
64.28761 297
64.30773 297
64.32784 311
64.34796 296
64.36807 293
64.38818 275
64.4083 293
64.42841 312
64.44852 293
64.46864 317
64.48875 306
64.50886 321
64.52898 297
64.54909 340
64.56921 314
64.58932 279
64.60943 325
64.62955 313
64.64966 328
64.66977 315
64.68989 308
64.71 309
64.73012 307
64.75023 353
64.77034 332
64.79046 304
64.81057 311
64.83068 330
64.8508 340
64.87091 305
64.89102 302
64.91114 310
64.93125 312
64.95137 337
64.97148 301
64.99159 318
65.01171 283
65.03182 291
65.05193 337
65.07205 324
65.09216 299
65.11228 276
65.13239 302
65.1525 304
65.17262 307
65.19273 289
65.21284 341
65.23296 303
65.25307 321
65.27319 290
65.2933 329
65.31341 299
65.33353 309
65.35364 325
65.37375 284
65.39387 310
65.41398 287
65.43409 306
65.45421 305
65.47432 311
65.49444 309
65.51455 309
65.53466 332
65.55478 322
65.57489 322
65.595 328
65.61512 307
65.63523 330
65.65535 349
65.67546 325
65.69557 302
65.71569 341
65.7358 327
65.75591 333
65.77603 309
65.79614 315
65.81626 300
65.83637 305
65.85648 317
65.8766 300
65.89671 323
65.91682 308
65.93694 312
65.95705 302
65.97716 314
65.99728 291
66.01739 285
66.03751 294
66.05762 302
66.07773 317
66.09785 285
66.11796 303
66.13807 295
66.15819 280
66.1783 312
66.19842 276
66.21853 278
66.23864 297
66.25876 295
66.27887 299
66.29898 336
66.3191 304
66.33921 276
66.35933 320
66.37944 306
66.39955 257
66.41967 288
66.43978 294
66.45989 321
66.48001 294
66.50012 317
66.52023 301
66.54035 295
66.56046 312
66.58058 278
66.60069 314
66.6208 301
66.64092 308
66.66103 312
66.68114 328
66.70126 275
66.72137 317
66.74149 287
66.7616 340
66.78171 325
66.80183 326
66.82194 298
66.84205 317
66.86217 304
66.88228 326
66.90239 294
66.92251 272
66.94262 313
66.96274 301
66.98285 297
67.00296 302
67.02308 321
67.04319 298
67.0633 290
67.08342 347
67.10353 291
67.12365 303
67.14376 332
67.16387 303
67.18399 294
67.2041 305
67.22421 336
67.24433 325
67.26444 326
67.28456 311
67.30467 326
67.32478 321
67.3449 308
67.36501 322
67.38512 341
67.40524 318
67.42535 353
67.44546 339
67.46558 380
67.48569 388
67.50581 421
67.52592 438
67.54603 468
67.56615 530
67.58626 514
67.60637 555
67.62649 583
67.6466 609
67.66672 592
67.68683 544
67.70694 505
67.72706 518
67.74717 463
67.76728 476
67.7874 461
67.80751 522
67.82763 499
67.84774 515
67.86785 568
67.88797 539
67.90808 540
67.92819 532
67.94831 555
67.96842 585
67.98853 625
68.00865 636
68.02876 674
68.04888 689
68.06899 741
68.0891 725
68.10922 677
68.12933 625
68.14944 633
68.16956 626
68.18967 644
68.20979 759
68.2299 672
68.25001 621
68.27013 596
68.29024 576
68.31035 466
68.33047 488
68.35058 417
68.3707 426
68.39081 436
68.41092 426
68.43104 374
68.45115 357
68.47126 323
68.49138 341
68.51149 329
68.5316 364
68.55172 280
68.57183 282
68.59195 293
68.61206 266
68.63217 298
68.65229 313
68.6724 265
68.69251 291
68.71263 271
68.73274 281
68.75286 318
68.77297 267
68.79308 278
68.8132 286
68.83331 280
68.85342 308
68.87354 267
68.89365 273
68.91376 285
68.93388 303
68.95399 285
68.97411 270
68.99422 284
69.01433 302
69.03445 328
69.05456 305
69.07467 313
69.09479 332
69.1149 302
69.13502 326
69.15513 321
69.17524 314
69.19536 334
69.21547 294
69.23558 311
69.2557 316
69.27581 318
69.29593 327
69.31604 327
69.33615 330
69.35627 298
69.37638 306
69.39649 326
69.41661 298
69.43672 307
69.45683 336
69.47695 323
69.49706 333
69.51718 283
69.53729 307
69.5574 284
69.57752 274
69.59763 325
69.61774 294
69.63786 306
69.65797 283
69.67809 301
69.6982 309
69.71831 286
69.73843 344
69.75854 291
69.77865 287
69.79877 285
69.81888 285
69.839 295
69.85911 285
69.87922 279
69.89934 294
69.91945 302
69.93956 290
69.95968 298
69.97979 287
69.9999 267
70.02002 258
70.04013 265
70.06025 264
70.08036 268
70.10047 315
70.12059 264
70.1407 283
70.16081 297
70.18093 268
70.20104 305
70.22116 267
70.24127 295
70.26138 302
70.2815 256
70.30161 284
70.32172 275
70.34184 261
70.36195 258
70.38207 288
70.40218 286
70.42229 288
70.44241 273
70.46252 267
70.48263 261
70.50275 276
70.52286 298
70.54297 274
70.56309 286
70.5832 279
70.60332 264
70.62343 281
70.64354 275
70.66366 298
70.68377 284
70.70388 294
70.724 262
70.74411 275
70.76423 283
70.78434 294
70.80445 265
70.82457 279
70.84468 305
70.86479 308
70.88491 273
70.90502 286
70.92513 286
70.94525 307
70.96536 287
70.98548 301
71.00559 291
71.0257 291
71.04582 287
71.06593 294
71.08604 246
71.10616 297
71.12627 265
71.14639 288
71.1665 297
71.18661 313
71.20673 282
71.22684 297
71.24695 293
71.26707 265
71.28718 281
71.3073 292
71.32741 279
71.34752 299
71.36764 280
71.38775 273
71.40786 288
71.42798 311
71.44809 331
71.4682 310
71.48832 313
71.50843 282
71.52855 286
71.54866 284
71.56877 305
71.58889 296
71.609 322
71.62911 286
71.64923 301
71.66934 295
71.68946 292
71.70957 275
71.72968 326
71.7498 270
71.76991 308
71.79002 284
71.81014 290
71.83025 277
71.85037 312
71.87048 298
71.89059 285
71.91071 270
71.93082 249
71.95093 261
71.97105 263
71.99116 267
72.01127 274
72.03139 268
72.0515 275
72.07162 263
72.09173 295
72.11184 288
72.13196 281
72.15207 288
72.17218 286
72.1923 269
72.21241 304
72.23253 277
72.25264 284
72.27275 292
72.29287 276
72.31298 279
72.33309 268
72.35321 267
72.37332 286
72.39344 263
72.41355 275
72.43366 288
72.45378 283
72.47389 288
72.494 286
72.51412 303
72.53423 298
72.55434 298
72.57446 301
72.59457 304
72.61469 316
72.6348 343
72.65491 292
72.67503 299
72.69514 299
72.71525 297
72.73537 287
72.75548 303
72.7756 301
72.79571 312
72.81582 323
72.83594 325
72.85605 293
72.87616 312
72.89628 316
72.91639 273
72.9365 318
72.95662 333
72.97673 305
72.99685 352
73.01696 319
73.03707 349
73.05719 318
73.0773 297
73.09741 305
73.11753 307
73.13764 353
73.15776 324
73.17787 328
73.19798 337
73.2181 338
73.23821 375
73.25832 306
73.27844 365
73.29855 362
73.31867 391
73.33878 400
73.35889 394
73.37901 386
73.39912 415
73.41923 338
73.43935 352
73.45946 357
73.47957 363
73.49969 317
73.5198 314
73.53992 354
73.56003 361
73.58014 333
73.60026 355
73.62037 334
73.64048 320
73.6606 301
73.68071 294
73.70083 283
73.72094 289
73.74105 318
73.76117 298
73.78128 287
73.80139 296
73.82151 293
73.84162 288
73.86174 320
73.88185 277
73.90196 308
73.92208 322
73.94219 294
73.9623 317
73.98242 297
74.00253 292
74.02264 295
74.04276 299
74.06287 263
74.08299 277
74.1031 294
74.12321 280
74.14333 285
74.16344 284
74.18355 289
74.20367 272
74.22378 249
74.2439 290
74.26401 310
74.28412 295
74.30424 294
74.32435 321
74.34446 289
74.36458 306
74.38469 259
74.40481 277
74.42492 262
74.44503 262
74.46515 311
74.48526 289
74.50537 294
74.52549 274
74.5456 273
74.56571 296
74.58583 280
74.60594 276
74.62606 284
74.64617 284
74.66628 294
74.6864 297
74.70651 304
74.72662 293
74.74674 289
74.76685 294
74.78697 285
74.80708 296
74.82719 308
74.84731 290
74.86742 304
74.88753 291
74.90765 252
74.92776 245
74.94787 273
74.96799 278
74.9881 279
75.00822 267
