3.00117 21012
3.02128 20343
3.0414 19600
3.06151 19121
3.08162 18688
3.10174 17877
3.12185 17884
3.14197 16772
3.16208 16470
3.18219 16124
3.20231 15511
3.22242 15284
3.24253 14529
3.26265 14342
3.28276 13956
3.30288 13431
3.32299 12988
3.3431 12476
3.36322 12290
3.38333 11711
3.40344 11200
3.42356 11201
3.44367 10460
3.46379 10271
3.4839 9910
3.50401 9371
3.52413 9285
3.54424 8878
3.56435 8599
3.58447 8251
3.60458 7895
3.62469 7649
3.64481 7118
3.66492 7206
3.68504 6963
3.70515 6562
3.72526 6415
3.74538 5961
3.76549 5763
3.7856 5643
3.80572 5326
3.82583 5276
3.84595 4645
3.86606 4733
3.88617 4525
3.90629 4232
3.9264 4228
3.94651 3730
3.96663 3752
3.98674 3522
4.00686 3486
4.02697 3345
4.04708 3156
4.0672 2901
4.08731 2819
4.10742 2747
4.12754 2770
4.14765 2472
4.16776 2311
4.18788 2274
4.20799 2248
4.22811 2187
4.24822 1876
4.26833 1866
4.28845 1895
4.30856 1796
4.32867 1877
4.34879 1633
4.3689 1651
4.38902 1743
4.40913 1575
4.42924 1566
4.44936 1365
4.46947 1281
4.48958 1397
4.5097 1356
4.52981 1377
4.54992 1183
4.57004 1259
4.59015 1156
4.61027 1143
4.63038 1114
4.65049 1048
4.67061 1029
4.69072 1045
4.71083 1013
4.73095 1031
4.75106 976
4.77118 924
4.79129 917
4.8114 903
4.83152 903
4.85163 837
4.87174 833
4.89186 850
4.91197 823
4.93209 779
4.9522 765
4.97231 773
4.99243 716
5.01254 748
5.03265 697
5.05277 687
5.07288 633
5.09299 674
5.11311 645
5.13322 591
5.15334 608
5.17345 551
5.19356 562
5.21368 544
5.23379 533
5.2539 539
5.27402 485
5.29413 485
5.31425 495
5.33436 479
5.35447 489
5.37459 447
5.3947 455
5.41481 439
5.43493 384
5.45504 417
5.47516 446
5.49527 391
5.51538 393
5.5355 416
5.55561 382
5.57572 383
5.59584 395
5.61595 368
5.63606 311
5.65618 325
5.67629 344
5.69641 332
5.71652 326
5.73663 306
5.75675 298
5.77686 281
5.79697 315
5.81709 288
5.8372 342
5.85732 279
5.87743 290
5.89754 285
5.91766 262
5.93777 268
5.95788 279
5.978 270
5.99811 282
6.01823 265
6.03834 274
6.05845 252
6.07857 257
6.09868 248
6.11879 235
6.13891 259
6.15902 262
6.17913 241
6.19925 267
6.21936 242
6.23948 249
6.25959 248
6.2797 202
6.29982 247
6.31993 246
6.34004 221
6.36016 221
6.38027 232
6.40039 227
6.4205 200
6.44061 230
6.46073 246
6.48084 248
6.50095 219
6.52107 213
6.54118 210
6.56129 261
6.58141 217
6.60152 208
6.62164 232
6.64175 208
6.66186 216
6.68198 193
6.70209 191
6.7222 229
6.74232 212
6.76243 217
6.78255 229
6.80266 207
6.82277 232
6.84289 197
6.863 229
6.88311 225
6.90323 201
6.92334 195
6.94346 197
6.96357 209
6.98368 212
7.0038 218
7.02391 218
7.04402 218
7.06414 236
7.08425 196
7.10436 193
7.12448 201
7.14459 198
7.16471 224
7.18482 227
7.20493 215
7.22505 215
7.24516 227
7.26527 238
7.28539 223
7.3055 244
7.32562 204
7.34573 205
7.36584 210
7.38596 211
7.40607 210
7.42618 245
7.4463 242
7.46641 222
7.48653 227
7.50664 204
7.52675 199
7.54687 254
7.56698 222
7.58709 184
7.60721 217
7.62732 198
7.64743 230
7.66755 225
7.68766 223
7.70778 211
7.72789 231
7.748 234
7.76812 222
7.78823 220
7.80834 235
7.82846 246
7.84857 224
7.86869 238
7.8888 231
7.90891 211
7.92903 216
7.94914 214
7.96925 283
7.98937 234
8.00948 219
8.0296 255
8.04971 241
8.06982 215
8.08994 236
8.11005 217
8.13016 235
8.15028 211
8.17039 238
8.1905 232
8.21062 223
8.23073 240
8.25085 213
8.27096 233
8.29107 257
8.31119 232
8.3313 231
8.35141 231
8.37153 221
8.39164 269
8.41176 235
8.43187 239
8.45198 250
8.4721 266
8.49221 251
8.51232 264
8.53244 264
8.55255 240
8.57266 231
8.59278 254
8.61289 223
8.63301 247
8.65312 203
8.67323 269
8.69335 276
8.71346 237
8.73357 237
8.75369 228
8.7738 237
8.79392 265
8.81403 232
8.83414 264
8.85426 238
8.87437 233
8.89448 262
8.9146 239
8.93471 239
8.95483 262
8.97494 231
8.99505 242
9.01517 240
9.03528 234
9.05539 246
9.07551 227
9.09562 233
9.11573 262
9.13585 251
9.15596 222
9.17608 266
9.19619 242
9.2163 253
9.23642 246
9.25653 248
9.27664 260
9.29676 259
9.31687 235
9.33699 236
9.3571 235
9.37721 214
9.39733 237
9.41744 283
9.43755 248
9.45767 252
9.47778 236
9.4979 216
9.51801 231
9.53812 232
9.55824 241
9.57835 247
9.59846 247
9.61858 222
9.63869 238
9.6588 236
9.67892 247
9.69903 230
9.71915 297
9.73926 259
9.75937 251
9.77949 233
9.7996 250
9.81971 241
9.83983 204
9.85994 280
9.88006 233
9.90017 257
9.92028 276
9.9404 243
9.96051 256
9.98062 227
10.00074 269
10.02085 259
10.04097 247
10.06108 228
10.08119 238
10.10131 238
10.12142 242
10.14153 248
10.16165 231
10.18176 241
10.20187 258
10.22199 279
10.2421 240
10.26222 264
10.28233 249
10.30244 275
10.32256 273
10.34267 256
10.36278 251
10.3829 258
10.40301 243
10.42313 275
10.44324 267
10.46335 241
10.48347 242
10.50358 235
10.52369 262
10.54381 253
10.56392 244
10.58403 269
10.60415 252
10.62426 249
10.64438 275
10.66449 235
10.6846 270
10.70472 224
10.72483 234
10.74494 267
10.76506 232
10.78517 270
10.80529 268
10.8254 260
10.84551 240
10.86563 246
10.88574 245
10.90585 237
10.92597 263
10.94608 260
10.9662 262
10.98631 273
11.00642 245
11.02654 244
11.04665 249
11.06676 244
11.08688 233
11.10699 261
11.1271 259
11.14722 243
11.16733 235
11.18745 266
11.20756 252
11.22767 263
11.24779 261
11.2679 234
11.28801 257
11.30813 243
11.32824 252
11.34836 244
11.36847 274
11.38858 259
11.4087 246
11.42881 273
11.44892 248
11.46904 248
11.48915 218
11.50927 230
11.52938 212
11.54949 264
11.56961 260
11.58972 238
11.60983 264
11.62995 255
11.65006 247
11.67017 261
11.69029 238
11.7104 249
11.73052 241
11.75063 267
11.77074 235
11.79086 291
11.81097 249
11.83108 267
11.8512 300
11.87131 301
11.89143 275
11.91154 306
11.93165 283
11.95177 265
11.97188 240
11.99199 285
12.01211 300
12.03222 271
12.05234 329
12.07245 328
12.09256 315
12.11268 333
12.13279 329
12.1529 346
12.17302 347
12.19313 344
12.21324 369
12.23336 367
12.25347 410
12.27359 476
12.2937 405
12.31381 463
12.33393 524
12.35404 550
12.37415 518
12.39427 493
12.41438 485
12.4345 430
12.45461 420
12.47472 354
12.49484 330
12.51495 338
12.53506 320
12.55518 278
12.57529 273
12.5954 271
12.61552 274
12.63563 244
12.65575 270
12.67586 241
12.69597 263
12.71609 228
12.7362 246
12.75631 247
12.77643 237
12.79654 265
12.81666 250
12.83677 271
12.85688 239
12.877 237
12.89711 229
12.91722 272
12.93734 242
12.95745 252
12.97757 216
12.99768 264
13.01779 216
13.03791 256
13.05802 239
13.07813 242
13.09825 247
13.11836 202
13.13847 202
13.15859 223
13.1787 207
13.19882 247
13.21893 205
13.23904 243
13.25916 234
13.27927 247
13.29938 227
13.3195 219
13.33961 228
13.35973 219
13.37984 230
13.39995 224
13.42007 232
13.44018 207
13.46029 218
13.48041 219
13.50052 209
13.52064 207
13.54075 217
13.56086 231
13.58098 211
13.60109 217
13.6212 193
13.64132 177
13.66143 231
13.68154 210
13.70166 202
13.72177 226
13.74189 208
13.762 239
13.78211 210
13.80223 216
13.82234 212
13.84245 210
13.86257 222
13.88268 239
13.9028 208
13.92291 203
13.94302 215
13.96314 211
13.98325 210
14.00336 200
14.02348 224
14.04359 228
14.06371 226
14.08382 199
14.10393 222
14.12405 214
14.14416 208
14.16427 191
14.18439 210
14.2045 222
14.22461 201
14.24473 197
14.26484 212
14.28496 190
14.30507 205
14.32518 224
14.3453 200
14.36541 213
14.38552 186
14.40564 183
14.42575 203
14.44587 208
14.46598 187
14.48609 175
14.50621 227
14.52632 218
14.54643 231
14.56655 213
14.58666 201
14.60677 184
14.62689 199
14.647 206
14.66712 200
14.68723 196
14.70734 230
14.72746 210
14.74757 195
14.76768 192
14.7878 209
14.80791 186
14.82803 208
14.84814 196
14.86825 208
14.88837 203
14.90848 190
14.92859 219
14.94871 197
14.96882 186
14.98894 214
15.00905 209
15.02916 206
15.04928 193
15.06939 202
15.0895 206
15.10962 185
15.12973 199
15.14984 208
15.16996 170
15.19007 193
15.21019 214
15.2303 216
15.25041 204
15.27053 190
15.29064 171
15.31075 194
15.33087 199
15.35098 196
15.3711 180
15.39121 213
15.41132 199
15.43144 195
15.45155 187
15.47166 208
15.49178 194
15.51189 191
15.53201 196
15.55212 195
15.57223 161
15.59235 195
15.61246 193
15.63257 197
15.65269 203
15.6728 193
15.69291 201
15.71303 210
15.73314 204
15.75326 211
15.77337 204
15.79348 201
15.8136 189
15.83371 194
15.85382 186
15.87394 204
15.89405 187
15.91417 194
15.93428 197
15.95439 211
15.97451 192
15.99462 191
16.01473 186
16.03485 190
16.05496 186
16.07508 192
16.09519 184
16.1153 160
16.13542 195
16.15553 183
16.17564 211
16.19576 172
16.21587 169
16.23598 183
16.2561 211
16.27621 185
16.29633 193
16.31644 193
16.33655 198
16.35667 188
16.37678 192
16.39689 174
16.41701 210
16.43712 196
16.45724 211
16.47735 193
16.49746 195
16.51758 178
16.53769 159
16.5578 175
16.57792 177
16.59803 190
16.61814 191
16.63826 205
16.65837 170
16.67849 185
16.6986 177
16.71871 183
16.73883 193
16.75894 155
16.77905 177
16.79917 160
16.81928 184
16.8394 164
16.85951 183
16.87962 200
16.89974 188
16.91985 198
16.93996 200
16.96008 184
16.98019 192
17.00031 184
17.02042 187
17.04053 197
17.06065 182
17.08076 182
17.10087 179
17.12099 168
17.1411 171
17.16121 190
17.18133 177
17.20144 194
17.22156 195
17.24167 211
17.26178 164
17.2819 172
17.30201 154
17.32212 214
17.34224 174
17.36235 199
17.38247 196
17.40258 184
17.42269 186
17.44281 196
17.46292 173
17.48303 172
17.50315 192
17.52326 183
17.54338 216
17.56349 155
17.5836 172
17.60372 203
17.62383 184
17.64394 181
17.66406 181
17.68417 172
17.70428 179
17.7244 177
17.74451 186
17.76463 215
17.78474 195
17.80485 202
17.82497 172
17.84508 196
17.86519 199
17.88531 173
17.90542 200
17.92554 182
17.94565 184
17.96576 188
17.98588 175
18.00599 164
18.0261 186
18.04622 163
18.06633 198
18.08645 172
18.10656 185
18.12667 185
18.14679 170
18.1669 188
18.18701 187
18.20713 190
18.22724 171
18.24735 186
18.26747 182
18.28758 182
18.3077 179
18.32781 193
18.34792 169
18.36804 178
18.38815 195
18.40826 202
18.42838 184
18.44849 194
18.46861 173
18.48872 203
18.50883 183
18.52895 186
18.54906 206
18.56917 202
18.58929 183
18.6094 181
18.62951 185
18.64963 190
18.66974 175
18.68986 191
18.70997 200
18.73008 198
18.7502 206
18.77031 225
18.79042 220
18.81054 208
18.83065 205
18.85077 224
18.87088 202
18.89099 187
18.91111 182
18.93122 184
18.95133 169
18.97145 225
18.99156 167
19.01168 187
19.03179 179
19.0519 185
19.07202 178
19.09213 202
19.11224 190
19.13236 201
19.15247 185
19.17258 198
19.1927 204
19.21281 191
19.23293 186
19.25304 205
19.27315 184
19.29327 172
19.31338 217
19.33349 204
19.35361 205
19.37372 183
19.39384 176
19.41395 199
19.43406 196
19.45418 194
19.47429 215
19.4944 193
19.51452 204
19.53463 189
19.55475 206
19.57486 177
19.59497 236
19.61509 224
19.6352 218
19.65531 229
19.67543 235
19.69554 258
19.71565 225
19.73577 255
19.75588 290
19.776 314
19.79611 357
19.81622 356
19.83634 337
19.85645 326
19.87656 352
19.89668 420
19.91679 370
19.93691 372
19.95702 394
19.97713 354
19.99725 344
20.01736 376
20.03747 318
20.05759 335
20.0777 327
20.09782 344
20.11793 321
20.13804 361
20.15816 392
20.17827 348
20.19838 373
20.2185 356
20.23861 386
20.25872 361
20.27884 361
20.29895 382
20.31907 371
20.33918 403
20.35929 390
20.37941 396
20.39952 390
20.41963 427
20.43975 440
20.45986 416
20.47998 443
20.50009 417
20.5202 457
20.54032 481
20.56043 495
20.58054 472
20.60066 499
20.62077 534
20.64088 555
20.661 587
20.68111 768
20.70123 969
20.72134 1323
20.74145 1846
20.76157 2651
20.78168 3857
20.80179 5122
20.82191 6820
20.84202 8136
20.86214 8604
20.88225 7868
20.90236 6021
20.92248 4340
20.94259 2914
20.9627 1690
20.98282 1039
21.00293 717
21.02305 605
21.04316 526
21.06327 510
21.08339 495
21.1035 430
21.12361 472
21.14373 438
21.16384 452
21.18395 392
21.20407 402
21.22418 356
21.2443 403
21.26441 360
21.28452 344
21.30464 383
21.32475 356
21.34486 350
21.36498 324
21.38509 335
21.40521 378
21.42532 350
21.44543 327
21.46555 325
21.48566 353
21.50577 302
21.52589 299
21.546 304
21.56612 290
21.58623 330
21.60634 308
21.62646 278
21.64657 265
21.66668 281
21.6868 317
21.70691 270
21.72702 293
21.74714 311
21.76725 306
21.78737 269
21.80748 269
21.82759 254
21.84771 283
21.86782 277
21.88793 259
21.90805 294
21.92816 256
21.94828 256
21.96839 313
21.9885 261
22.00862 293
22.02873 273
22.04884 259
22.06896 288
22.08907 272
22.10919 264
22.1293 303
22.14941 292
22.16953 277
22.18964 274
22.20975 256
22.22987 257
22.24998 231
22.27009 251
22.29021 272
22.31032 260
22.33044 279
22.35055 229
22.37066 243
22.39078 265
22.41089 225
22.431 268
22.45112 278
22.47123 238
22.49135 290
22.51146 258
22.53157 264
22.55169 239
22.5718 262
22.59191 218
22.61203 250
22.63214 227
22.65225 238
22.67237 254
22.69248 211
22.7126 224
22.73271 247
22.75282 251
22.77294 233
22.79305 226
22.81316 244
22.83328 245
22.85339 236
22.87351 224
22.89362 247
22.91373 233
22.93385 220
22.95396 269
22.97407 283
22.99419 247
23.0143 248
23.03442 242
23.05453 243
23.07464 223
23.09476 282
23.11487 248
23.13498 249
23.1551 236
23.17521 230
23.19532 226
23.21544 227
23.23555 236
23.25567 226
23.27578 253
23.29589 206
23.31601 233
23.33612 214
23.35623 215
23.37635 238
23.39646 260
23.41658 229
23.43669 224
23.4568 235
23.47692 221
23.49703 206
23.51714 220
23.53726 266
23.55737 238
23.57749 233
23.5976 260
23.61771 238
23.63783 250
23.65794 236
23.67805 277
23.69817 251
23.71828 270
23.73839 235
23.75851 238
23.77862 247
23.79874 244
23.81885 247
23.83896 279
23.85908 248
23.87919 283
23.8993 265
23.91942 299
23.93953 277
23.95965 295
23.97976 321
23.99987 333
24.01999 343
24.0401 300
24.06021 329
24.08033 306
24.10044 289
24.12056 272
24.14067 249
24.16078 292
24.1809 273
24.20101 288
24.22112 241
24.24124 228
24.26135 204
24.28146 249
24.30158 257
24.32169 254
24.34181 268
24.36192 240
24.38203 243
24.40215 262
24.42226 277
24.44237 277
24.46249 277
24.4826 273
24.50272 237
24.52283 263
24.54294 278
24.56306 248
24.58317 264
24.60328 283
24.6234 297
24.64351 266
24.66362 263
24.68374 332
24.70385 324
24.72397 335
24.74408 343
24.76419 380
24.78431 364
24.80442 405
24.82453 399
24.84465 436
24.86476 406
24.88488 447
24.90499 430
24.9251 384
24.94522 400
24.96533 370
24.98544 380
25.00556 307
25.02567 299
25.04579 278
25.0659 299
25.08601 290
25.10613 290
25.12624 288
25.14635 308
25.16647 292
25.18658 304
25.20669 311
25.22681 306
25.24692 291
25.26704 278
25.28715 286
25.30726 310
25.32738 290
25.34749 290
25.3676 304
25.38772 246
25.40783 272
25.42795 286
25.44806 270
25.46817 277
25.48829 285
25.5084 240
25.52851 248
25.54863 265
25.56874 277
25.58886 271
25.60897 265
25.62908 300
25.6492 321
25.66931 324
25.68942 360
25.70954 400
25.72965 427
25.74976 407
25.76988 387
25.78999 448
25.81011 437
25.83022 445
25.85033 451
25.87045 459
25.89056 449
25.91067 414
25.93079 490
25.9509 473
25.97102 451
25.99113 473
26.01124 487
26.03136 468
26.05147 485
26.07158 534
26.0917 544
26.11181 571
26.13193 559
26.15204 605
26.17215 642
26.19227 700
26.21238 758
26.23249 764
26.25261 835
26.27272 826
26.29283 921
26.31295 982
26.33306 1073
26.35318 1203
26.37329 1306
26.3934 1560
26.41352 1828
26.43363 2246
26.45374 2839
26.47386 3915
26.49397 5585
26.51409 7888
26.5342 11754
26.55431 17009
26.57443 23910
26.59454 31324
26.61465 36510
26.63477 38801
26.65488 35919
26.67499 29597
26.69511 22523
26.71522 16728
26.73534 11032
26.75545 6329
26.77556 3309
26.79568 2241
26.81579 1708
26.8359 1417
26.85602 1379
26.87613 1208
26.89625 1163
26.91636 1001
26.93647 942
26.95659 835
26.9767 774
26.99681 646
27.01693 608
27.03704 569
27.05716 551
27.07727 492
27.09738 502
27.1175 499
27.13761 443
27.15772 456
27.17784 451
27.19795 473
27.21806 386
27.23818 383
27.25829 418
27.27841 381
27.29852 402
27.31863 396
27.33875 371
27.35886 377
27.37897 358
27.39909 424
27.4192 416
27.43932 381
27.45943 385
27.47954 368
27.49966 379
27.51977 353
27.53988 373
27.56 338
27.58011 322
27.60023 326
27.62034 325
27.64045 364
27.66057 316
27.68068 304
27.70079 337
27.72091 314
27.74102 319
27.76113 333
27.78125 316
27.80136 329
27.82148 312
27.84159 314
27.8617 310
27.88182 264
27.90193 319
27.92204 311
27.94216 293
27.96227 310
27.98239 279
28.0025 312
28.02261 285
28.04273 285
28.06284 302
28.08295 283
28.10307 268
28.12318 267
28.1433 273
28.16341 293
28.18352 292
28.20364 263
28.22375 258
28.24386 278
28.26398 273
28.28409 279
28.3042 273
28.32432 277
28.34443 244
28.36455 252
28.38466 264
28.40477 290
28.42489 231
28.445 252
28.46511 275
28.48523 265
28.50534 282
28.52546 250
28.54557 251
28.56568 266
28.5858 280
28.60591 263
28.62602 264
28.64614 265
28.66625 245
28.68636 227
28.70648 239
28.72659 236
28.74671 252
28.76682 264
28.78693 286
28.80705 273
28.82716 245
28.84727 278
28.86739 239
28.8875 268
28.90762 243
28.92773 275
28.94784 255
28.96796 252
28.98807 235
29.00818 258
29.0283 230
29.04841 260
29.06853 264
29.08864 269
29.10875 240
29.12887 267
29.14898 263
29.16909 218
29.18921 249
29.20932 219
29.22943 213
29.24955 233
29.26966 242
29.28978 251
29.30989 229
29.33 214
29.35012 189
29.37023 204
29.39034 221
29.41046 257
29.43057 242
29.45069 241
29.4708 255
29.49091 232
29.51103 232
29.53114 247
29.55125 240
29.57137 241
29.59148 236
29.6116 234
29.63171 234
29.65182 243
29.67194 225
29.69205 238
29.71216 236
29.73228 258
29.75239 241
29.7725 242
29.79262 244
29.81273 260
29.83285 249
29.85296 248
29.87307 253
29.89319 228
29.9133 223
29.93341 205
29.95353 246
29.97364 236
29.99376 228
30.01387 221
30.03398 217
30.0541 211
30.07421 224
30.09432 229
30.11444 208
30.13455 219
30.15467 241
30.17478 224
30.19489 203
30.21501 231
30.23512 238
30.25523 201
30.27535 222
30.29546 219
30.31557 242
30.33569 219
30.3558 222
30.37592 213
30.39603 226
30.41614 212
30.43626 207
30.45637 246
30.47648 240
30.4966 222
30.51671 237
30.53683 222
30.55694 206
30.57705 236
30.59717 213
30.61728 217
30.63739 227
30.65751 194
30.67762 205
30.69773 215
30.71785 206
30.73796 202
30.75808 193
30.77819 241
30.7983 211
30.81842 220
30.83853 223
30.85864 234
30.87876 196
30.89887 194
30.91899 203
30.9391 208
30.95921 215
30.97933 194
30.99944 216
31.01955 218
31.03967 213
31.05978 197
31.0799 214
31.10001 212
31.12012 228
31.14024 191
31.16035 230
31.18046 204
31.20058 196
31.22069 209
31.2408 173
31.26092 201
31.28103 222
31.30115 181
31.32126 208
31.34137 213
31.36149 208
31.3816 200
31.40171 180
31.42183 182
31.44194 206
31.46206 202
31.48217 184
31.50228 217
31.5224 197
31.54251 208
31.56262 212
31.58274 212
31.60285 211
31.62297 195
31.64308 197
31.66319 188
31.68331 231
31.70342 172
31.72353 225
31.74365 187
31.76376 182
31.78387 207
31.80399 172
31.8241 232
31.84422 195
31.86433 174
31.88444 209
31.90456 191
31.92467 202
31.94478 203
31.9649 220
31.98501 204
32.00513 173
32.02524 192
32.04535 198
32.06547 189
32.08558 223
32.10569 186
32.12581 191
32.14592 204
32.16604 192
32.18615 197
32.20626 201
32.22638 186
32.24649 198
32.2666 191
32.28672 193
32.30683 229
32.32694 189
32.34706 205
32.36717 186
32.38729 183
32.4074 196
32.42751 192
32.44763 191
32.46774 197
32.48785 201
32.50797 197
32.52808 196
32.5482 204
32.56831 210
32.58842 217
32.60854 231
32.62865 190
32.64876 204
32.66888 179
32.68899 204
32.7091 188
32.72922 218
32.74933 196
32.76945 232
32.78956 182
32.80967 176
32.82979 205
32.8499 210
32.87001 211
32.89013 208
32.91024 225
32.93036 228
32.95047 206
32.97058 249
32.9907 223
33.01081 227
33.03092 224
33.05104 262
33.07115 241
33.09127 261
33.11138 256
33.13149 259
33.15161 270
33.17172 283
33.19183 244
33.21195 272
33.23206 235
33.25217 226
33.27229 239
33.2924 236
33.31252 227
33.33263 209
33.35274 232
33.37286 207
33.39297 231
33.41308 230
33.4332 183
33.45331 206
33.47343 200
33.49354 196
33.51365 216
33.53377 204
33.55388 218
33.57399 192
33.59411 200
33.61422 206
33.63434 175
33.65445 201
33.67456 201
33.69468 170
33.71479 204
33.7349 210
33.75502 172
33.77513 177
33.79524 188
33.81536 174
33.83547 197
33.85559 171
33.8757 201
33.89581 189
33.91593 184
33.93604 185
33.95615 215
33.97627 187
33.99638 194
34.0165 201
34.03661 182
34.05672 192
34.07684 199
34.09695 172
34.11706 180
34.13718 190
34.15729 172
34.17741 164
34.19752 200
34.21763 173
34.23775 192
34.25786 184
34.27797 184
34.29809 176
34.3182 175
34.33831 193
34.35843 204
34.37854 201
34.39866 187
34.41877 198
34.43888 200
34.459 197
34.47911 183
34.49922 175
34.51934 212
34.53945 215
34.55957 222
34.57968 226
34.59979 200
34.61991 210
34.64002 203
34.66013 207
34.68025 175
34.70036 202
34.72047 243
34.74059 228
34.7607 223
34.78082 234
34.80093 206
34.82104 265
34.84116 242
34.86127 240
34.88138 271
34.9015 272
34.92161 273
34.94173 241
34.96184 305
34.98195 257
35.00207 251
35.02218 294
35.04229 276
35.06241 271
35.08252 267
35.10264 251
35.12275 234
35.14286 231
35.16298 257
35.18309 259
35.2032 225
35.22332 239
35.24343 287
35.26354 247
35.28366 269
35.30377 249
35.32389 238
35.344 262
35.36411 257
35.38423 267
35.40434 262
35.42445 254
35.44457 257
35.46468 283
35.4848 269
35.50491 281
35.52502 301
35.54514 274
35.56525 279
35.58536 299
35.60548 309
35.62559 310
35.64571 313
35.66582 271
35.68593 301
35.70605 337
35.72616 285
35.74627 276
35.76639 331
35.7865 266
35.80661 308
35.82673 277
35.84684 283
35.86696 313
35.88707 324
35.90718 280
35.9273 303
35.94741 306
35.96752 310
35.98764 302
36.00775 240
36.02787 308
36.04798 271
36.06809 256
36.08821 251
36.10832 285
36.12843 284
36.14855 273
36.16866 289
36.18878 281
36.20889 291
36.229 286
36.24912 297
36.26923 323
36.28934 327
36.30946 341
36.32957 407
36.34968 466
36.3698 536
36.38991 617
36.41003 847
36.43014 1031
36.45025 1490
36.47037 1872
36.49048 2247
36.51059 2579
36.53071 2625
36.55082 2519
36.57094 2117
36.59105 1730
36.61116 1438
36.63128 1313
36.65139 1061
36.6715 768
36.69162 516
36.71173 383
36.73184 338
36.75196 302
36.77207 277
36.79219 279
36.8123 298
36.83241 274
36.85253 279
36.87264 249
36.89275 257
36.91287 240
36.93298 232
36.9531 231
36.97321 243
36.99332 217
37.01344 226
37.03355 215
37.05366 210
37.07378 246
37.09389 193
37.11401 230
37.13412 207
37.15423 230
37.17435 200
37.19446 221
37.21457 226
37.23469 212
37.2548 201
37.27491 225
37.29503 227
37.31514 216
37.33526 231
37.35537 227
37.37548 209
37.3956 210
37.41571 224
37.43582 211
37.45594 251
37.47605 222
37.49617 207
37.51628 207
37.53639 242
37.55651 238
37.57662 228
37.59673 211
37.61685 221
37.63696 224
37.65708 240
37.67719 247
37.6973 233
37.71742 214
37.73753 235
37.75764 227
37.77776 234
37.79787 229
37.81798 212
37.8381 209
37.85821 249
37.87833 235
37.89844 200
37.91855 218
37.93867 228
37.95878 239
37.97889 211
37.99901 211
38.01912 243
38.03924 227
38.05935 229
38.07946 222
38.09958 217
38.11969 238
38.1398 232
38.15992 240
38.18003 218
38.20015 261
38.22026 263
38.24037 250
38.26049 232
38.2806 266
38.30071 264
38.32083 271
38.34094 270
38.36105 281
38.38117 280
38.40128 277
38.4214 299
38.44151 286
38.46162 293
38.48174 285
38.50185 296
38.52196 279
38.54208 287
38.56219 281
38.58231 264
38.60242 256
38.62253 264
38.64265 237
38.66276 254
38.68287 261
38.70299 249
38.7231 230
38.74321 220
38.76333 243
38.78344 236
38.80356 229
38.82367 249
38.84378 240
38.8639 210
38.88401 232
38.90412 221
38.92424 246
38.94435 257
38.96447 246
38.98458 265
39.00469 257
39.02481 267
39.04492 225
39.06503 278
39.08515 270
39.10526 273
39.12538 291
39.14549 297
39.1656 313
39.18572 342
39.20583 346
39.22594 352
39.24606 432
39.26617 463
39.28628 509
39.3064 636
39.32651 795
39.34663 996
39.36674 1287
39.38685 1615
39.40697 2007
39.42708 2367
39.44719 2512
39.46731 2379
39.48742 2006
39.50754 1651
39.52765 1489
39.54776 1343
39.56788 1199
39.58799 907
39.6081 601
39.62822 452
39.64833 339
39.66845 307
39.68856 285
39.70867 251
39.72879 240
39.7489 245
39.76901 275
39.78913 281
39.80924 254
39.82935 236
39.84947 229
39.86958 198
39.8897 218
39.90981 228
39.92992 257
39.95004 223
39.97015 216
39.99026 248
40.01038 282
40.03049 292
40.05061 262
40.07072 326
40.09083 309
40.11095 370
40.13106 426
40.15117 490
40.17129 596
40.1914 740
40.21152 880
40.23163 1090
40.25174 1233
40.27186 1342
40.29197 1250
40.31208 1048
40.3322 865
40.35231 835
40.37242 764
40.39254 709
40.41265 560
40.43277 425
40.45288 300
40.47299 255
40.49311 268
40.51322 245
40.53333 232
40.55345 289
40.57356 217
40.59368 227
40.61379 190
40.6339 196
40.65402 224
40.67413 194
40.69424 237
40.71436 212
40.73447 245
40.75458 217
40.7747 215
40.79481 219
40.81493 249
40.83504 218
40.85515 217
40.87527 205
40.89538 234
40.91549 226
40.93561 256
40.95572 242
40.97584 235
40.99595 208
41.01606 237
41.03618 201
41.05629 223
41.0764 241
41.09652 233
41.11663 215
41.13675 219
41.15686 242
41.17697 186
41.19709 193
41.2172 236
41.23731 204
41.25743 249
41.27754 236
41.29765 193
41.31777 213
41.33788 201
41.358 198
41.37811 215
41.39822 204
41.41834 206
41.43845 179
41.45856 191
41.47868 178
41.49879 200
41.51891 199
41.53902 226
41.55913 179
41.57925 203
41.59936 207
41.61947 176
41.63959 156
41.6597 210
41.67982 221
41.69993 200
41.72004 188
41.74016 206
41.76027 171
41.78038 206
41.8005 205
41.82061 182
41.84072 186
41.86084 200
41.88095 197
41.90107 177
41.92118 218
41.94129 194
41.96141 229
41.98152 211
42.00163 185
42.02175 223
42.04186 209
42.06198 243
42.08209 225
42.1022 221
42.12232 196
42.14243 269
42.16254 254
42.18266 270
42.20277 308
42.22289 341
42.243 359
42.26311 423
42.28323 462
42.30334 561
42.32345 718
42.34357 940
42.36368 1135
42.38379 1449
42.40391 1630
42.42402 1819
42.44414 1743
42.46425 1518
42.48436 1306
42.50448 1081
42.52459 1010
42.5447 927
42.56482 859
42.58493 646
42.60505 433
42.62516 346
42.64527 319
42.66539 267
42.6855 268
42.70561 240
42.72573 210
42.74584 242
42.76595 206
42.78607 201
42.80618 215
42.8263 182
42.84641 192
42.86652 207
42.88664 191
42.90675 202
42.92686 200
42.94698 179
42.96709 196
42.98721 186
43.00732 156
43.02743 165
43.04755 183
43.06766 205
43.08777 193
43.10789 215
43.128 175
43.14812 179
43.16823 177
43.18834 187
43.20846 185
43.22857 153
43.24868 174
43.2688 181
43.28891 185
43.30902 171
43.32914 196
43.34925 190
43.36937 197
43.38948 180
43.40959 191
43.42971 184
43.44982 189
43.46993 187
43.49005 169
43.51016 171
43.53028 190
43.55039 189
43.5705 194
43.59062 167
43.61073 192
43.63084 191
43.65096 185
43.67107 177
43.69119 174
43.7113 168
43.73141 189
43.75153 147
43.77164 168
43.79175 177
43.81187 183
43.83198 185
43.85209 163
43.87221 168
43.89232 171
43.91244 186
43.93255 181
43.95266 182
43.97278 182
43.99289 184
44.013 160
44.03312 160
44.05323 159
44.07335 165
44.09346 169
44.11357 175
44.13369 165
44.1538 184
44.17391 175
44.19403 187
44.21414 182
44.23426 173
44.25437 192
44.27448 175
44.2946 162
44.31471 174
44.33482 176
44.35494 164
44.37505 177
44.39516 159
44.41528 178
44.43539 189
44.45551 175
44.47562 192
44.49573 154
44.51585 186
44.53596 182
44.55607 171
44.57619 172
44.5963 169
44.61642 202
44.63653 174
44.65664 173
44.67676 146
44.69687 192
44.71698 167
44.7371 171
44.75721 155
44.77732 149
44.79744 181
44.81755 168
44.83767 169
44.85778 194
44.87789 183
44.89801 187
44.91812 163
44.93823 208
44.95835 190
44.97846 183
44.99858 164
45.01869 215
45.0388 183
45.05892 194
45.07903 203
45.09914 176
45.11926 185
45.13937 215
45.15949 209
45.1796 177
45.19971 183
45.21983 171
45.23994 166
45.26005 198
45.28017 172
45.30028 199
45.32039 212
45.34051 189
45.36062 210
45.38074 207
45.40085 208
45.42096 238
45.44108 256
45.46119 245
45.4813 236
45.50142 229
45.52153 234
45.54165 288
45.56176 306
45.58187 321
45.60199 355
45.6221 397
45.64221 460
45.66233 555
45.68244 690
45.70256 852
45.72267 1012
45.74278 1157
45.7629 1236
45.78301 1183
45.80312 1122
45.82324 899
45.84335 803
45.86346 717
45.88358 694
45.90369 686
45.92381 581
45.94392 415
45.96403 289
45.98415 249
46.00426 204
46.02437 208
46.04449 203
46.0646 224
46.08472 203
46.10483 213
46.12494 187
46.14506 198
46.16517 195
46.18528 173
46.2054 178
46.22551 201
46.24563 183
46.26574 157
46.28585 173
46.30597 184
46.32608 184
46.34619 176
46.36631 192
46.38642 170
46.40653 179
46.42665 195
46.44676 160
46.46688 189
46.48699 176
46.5071 185
46.52722 172
46.54733 185
46.56744 185
46.58756 186
46.60767 183
46.62779 167
46.6479 186
46.66801 176
46.68813 177
46.70824 176
46.72835 192
46.74847 182
46.76858 185
46.78869 181
46.80881 180
46.82892 166
46.84904 185
46.86915 162
46.88926 160
46.90938 182
46.92949 174
46.9496 173
46.96972 181
46.98983 164
47.00995 176
47.03006 178
47.05017 182
47.07029 175
47.0904 160
47.11051 150
47.13063 169
47.15074 175
47.17086 187
47.19097 165
47.21108 168
47.2312 164
47.25131 178
47.27142 163
47.29154 171
47.31165 172
47.33176 161
47.35188 176
47.37199 164
47.39211 179
47.41222 179
47.43233 198
47.45245 169
47.47256 176
47.49267 165
47.51279 164
47.5329 176
47.55302 179
47.57313 144
47.59324 160
47.61336 175
47.63347 183
47.65358 173
47.6737 200
47.69381 177
47.71393 190
47.73404 173
47.75415 165
47.77427 183
47.79438 165
47.81449 174
47.83461 162
47.85472 170
47.87483 170
47.89495 177
47.91506 188
47.93518 189
47.95529 159
47.9754 182
47.99552 195
48.01563 179
48.03574 191
48.05586 165
48.07597 174
48.09609 170
48.1162 178
48.13631 163
48.15643 191
48.17654 166
48.19665 161
48.21677 173
48.23688 170
48.257 164
48.27711 185
48.29722 175
48.31734 164
48.33745 171
48.35756 185
48.37768 209
48.39779 178
48.4179 176
48.43802 175
48.45813 194
48.47825 169
48.49836 185
48.51847 171
48.53859 177
48.5587 174
48.57881 188
48.59893 189
48.61904 182
48.63916 167
48.65927 172
48.67938 201
48.6995 155
48.71961 176
48.73972 177
48.75984 161
48.77995 186
48.80006 165
48.82018 195
48.84029 196
48.86041 180
48.88052 194
48.90063 176
48.92075 183
48.94086 179
48.96097 188
48.98109 187
49.0012 205
49.02132 171
49.04143 187
49.06154 187
49.08166 195
49.10177 181
49.12188 214
49.142 197
49.16211 179
49.18223 190
49.20234 191
49.22245 184
49.24257 205
49.26268 220
49.28279 195
49.30291 173
49.32302 210
49.34313 231
49.36325 199
49.38336 204
49.40348 200
49.42359 205
49.4437 209
49.46382 230
49.48393 196
49.50404 230
49.52416 258
49.54427 227
49.56439 232
49.5845 257
49.60461 237
49.62473 240
49.64484 258
49.66495 249
49.68507 260
49.70518 276
49.7253 264
49.74541 284
49.76552 299
49.78564 292
49.80575 346
49.82586 357
49.84598 404
49.86609 441
49.8862 478
49.90632 559
49.92643 694
49.94655 804
49.96666 971
49.98677 1254
50.00689 1536
50.027 1896
50.04711 2418
50.06723 3134
50.08734 3569
50.10746 4043
50.12757 3785
50.14768 3444
50.1678 2633
50.18791 2212
50.20802 2190
50.22814 2044
50.24825 2089
50.26837 1899
50.28848 1380
50.30859 1003
50.32871 600
50.34882 503
50.36893 387
50.38905 341
50.40916 335
50.42927 293
50.44939 279
50.4695 281
50.48962 262
50.50973 267
50.52984 262
50.54996 289
50.57007 288
50.59018 323
50.6103 309
50.63041 284
50.65053 247
50.67064 247
50.69075 243
50.71087 208
50.73098 226
50.75109 218
50.77121 233
50.79132 193
50.81143 194
50.83155 191
50.85166 194
50.87178 195
50.89189 193
50.912 186
50.93212 178
50.95223 182
50.97234 185
50.99246 169
51.01257 184
51.03269 189
51.0528 190
51.07291 190
51.09303 171
51.11314 212
51.13325 180
51.15337 174
51.17348 201
51.1936 158
51.21371 182
51.23382 173
51.25394 177
51.27405 164
51.29416 185
51.31428 175
51.33439 151
51.3545 178
51.37462 179
51.39473 136
51.41485 175
51.43496 170
51.45507 168
51.47519 167
51.4953 181
51.51541 172
51.53553 152
51.55564 164
51.57576 165
51.59587 180
51.61598 177
51.6361 154
51.65621 146
51.67632 165
51.69644 167
51.71655 169
51.73667 159
51.75678 178
51.77689 139
51.79701 170
51.81712 173
51.83723 173
51.85735 140
51.87746 174
51.89757 150
51.91769 173
51.9378 185
51.95792 155
51.97803 144
51.99814 186
52.01826 162
52.03837 157
52.05848 128
52.0786 154
52.09871 151
52.11883 162
52.13894 176
52.15905 145
52.17917 179
52.19928 161
52.21939 169
52.23951 144
52.25962 147
52.27974 159
52.29985 158
52.31996 172
52.34008 160
52.36019 174
52.3803 165
52.40042 173
52.42053 166
52.44064 183
52.46076 140
52.48087 162
52.50099 147
52.5211 168
52.54121 178
52.56133 145
52.58144 146
52.60155 158
52.62167 180
52.64178 160
52.6619 161
52.68201 167
52.70212 168
52.72224 159
52.74235 149
52.76246 182
52.78258 185
52.80269 168
52.8228 138
52.84292 166
52.86303 185
52.88315 173
52.90326 158
52.92337 180
52.94349 157
52.9636 143
52.98371 165
53.00383 161
53.02394 167
53.04406 146
53.06417 171
53.08428 184
53.1044 173
53.12451 188
53.14462 158
53.16474 177
53.18485 173
53.20497 178
53.22508 166
53.24519 181
53.26531 162
53.28542 162
53.30553 152
53.32565 181
53.34576 180
53.36587 164
53.38599 169
53.4061 178
53.42622 182
53.44633 195
53.46644 216
53.48656 161
53.50667 199
53.52678 172
53.5469 202
53.56701 172
53.58713 174
53.60724 192
53.62735 183
53.64747 214
53.66758 187
53.68769 186
53.70781 191
53.72792 177
53.74804 194
53.76815 214
53.78826 186
53.80838 191
53.82849 208
53.8486 191
53.86872 192
53.88883 184
53.90894 207
53.92906 186
53.94917 223
53.96929 218
53.9894 204
54.00951 209
54.02963 217
54.04974 207
54.06985 215
54.08997 220
54.11008 208
54.1302 211
54.15031 234
54.17042 214
54.19054 229
54.21065 228
54.23076 221
54.25088 201
54.27099 206
54.29111 211
54.31122 236
54.33133 211
54.35145 245
54.37156 225
54.39167 194
54.41179 231
54.4319 221
54.45201 228
54.47213 231
54.49224 240
54.51236 234
54.53247 240
54.55258 244
54.5727 293
54.59281 278
54.61292 281
54.63304 296
54.65315 325
54.67327 383
54.69338 463
54.71349 497
54.73361 620
54.75372 672
54.77383 849
54.79395 1040
54.81406 1164
54.83417 1269
54.85429 1302
54.8744 1164
54.89452 941
54.91463 834
54.93474 736
54.95486 743
54.97497 741
54.99508 822
55.0152 680
55.03531 556
55.05543 436
55.07554 395
55.09565 322
55.11577 378
55.13588 386
55.15599 348
55.17611 350
55.19622 440
55.21634 496
55.23645 508
55.25656 609
55.27668 649
55.29679 664
55.3169 695
55.33702 609
55.35713 480
55.37724 452
55.39736 406
55.41747 397
55.43759 389
55.4577 457
55.47781 379
55.49793 326
55.51804 268
55.53815 275
55.55827 226
55.57838 202
55.5985 214
55.61861 196
55.63872 206
55.65884 210
55.67895 204
55.69906 169
55.71918 184
55.73929 172
55.75941 182
55.77952 187
55.79963 190
55.81975 180
55.83986 192
55.85997 204
55.88009 174
55.9002 176
55.92031 169
55.94043 150
55.96054 187
55.98066 183
56.00077 202
56.02088 206
56.041 159
56.06111 167
56.08122 184
56.10134 170
56.12145 195
56.14157 211
56.16168 176
56.18179 186
56.20191 146
56.22202 187
56.24213 170
56.26225 171
56.28236 183
56.30248 166
56.32259 205
56.3427 182
56.36282 170
56.38293 158
56.40304 191
56.42316 185
56.44327 169
56.46338 168
56.4835 198
56.50361 159
56.52373 173
56.54384 191
56.56395 167
56.58407 199
56.60418 178
56.62429 182
56.64441 178
56.66452 182
56.68464 171
56.70475 168
56.72486 192
56.74498 180
56.76509 168
56.7852 197
56.80532 166
56.82543 174
56.84554 174
56.86566 168
56.88577 184
56.90589 193
56.926 172
56.94611 158
56.96623 150
56.98634 176
57.00645 205
57.02657 166
57.04668 203
57.0668 200
57.08691 195
57.10702 191
57.12714 212
57.14725 222
57.16736 212
57.18748 225
57.20759 237
57.22771 232
57.24782 204
57.26793 194
57.28805 196
57.30816 195
57.32827 220
57.34839 158
57.3685 183
57.38861 196
57.40873 179
57.42884 149
57.44896 194
57.46907 162
57.48918 180
57.5093 156
57.52941 174
57.54952 173
57.56964 178
57.58975 176
57.60987 172
57.62998 181
57.65009 159
57.67021 172
57.69032 162
57.71043 153
57.73055 173
57.75066 178
57.77078 175
57.79089 174
57.811 158
57.83112 162
57.85123 157
57.87134 155
57.89146 182
57.91157 199
57.93168 183
57.9518 189
57.97191 159
57.99203 179
58.01214 161
58.03225 168
58.05237 184
58.07248 154
58.09259 179
58.11271 188
58.13282 157
58.15294 195
58.17305 171
58.19316 155
58.21328 165
58.23339 178
58.2535 173
58.27362 169
58.29373 164
58.31385 185
58.33396 170
58.35407 156
58.37419 154
58.3943 143
58.41441 172
58.43453 176
58.45464 161
58.47475 187
58.49487 169
58.51498 159
58.5351 180
58.55521 163
58.57532 165
58.59544 166
58.61555 186
58.63566 151
58.65578 166
58.67589 164
58.69601 150
58.71612 177
58.73623 170
58.75635 154
58.77646 174
58.79657 194
58.81669 148
58.8368 161
58.85691 175
58.87703 184
58.89714 153
58.91726 166
58.93737 176
58.95748 192
58.9776 190
58.99771 176
59.01782 156
59.03794 189
59.05805 189
59.07817 189
59.09828 164
59.11839 192
59.13851 195
59.15862 176
59.17873 198
59.19885 202
59.21896 192
59.23908 169
59.25919 172
59.2793 183
59.29942 189
59.31953 188
59.33964 182
59.35976 189
59.37987 212
59.39998 189
59.4201 205
59.44021 222
59.46033 218
59.48044 226
59.50055 225
59.52067 221
59.54078 222
59.56089 255
59.58101 278
59.60112 283
59.62124 263
59.64135 297
59.66146 347
59.68158 378
59.70169 409
59.7218 490
59.74192 542
59.76203 679
59.78215 777
59.80226 947
59.82237 1148
59.84249 1462
59.8626 1730
59.88271 2121
59.90283 2452
59.92294 2497
59.94305 2544
59.96317 2093
59.98328 1751
60.0034 1381
60.02351 1304
60.04362 1295
60.06374 1361
60.08385 1415
60.10396 1294
60.12408 1118
60.14419 840
60.16431 574
60.18442 454
60.20453 377
60.22465 273
60.24476 275
60.26487 263
60.28499 212
60.3051 265
60.32522 242
60.34533 202
60.36544 217
60.38556 215
60.40567 206
60.42578 195
60.4459 206
60.46601 185
60.48612 193
60.50624 189
60.52635 186
60.54647 196
60.56658 162
60.58669 190
60.60681 192
60.62692 189
60.64703 176
60.66715 184
60.68726 186
60.70738 163
60.72749 177
60.7476 195
60.76772 167
60.78783 169
60.80794 168
60.82806 169
60.84817 162
60.86828 191
60.8884 158
60.90851 163
60.92863 179
60.94874 192
60.96885 162
60.98897 145
61.00908 170
61.02919 180
61.04931 151
61.06942 171
61.08954 164
61.10965 163
61.12976 163
61.14988 158
61.16999 166
61.1901 151
61.21022 178
61.23033 167
61.25045 153
61.27056 172
61.29067 186
61.31079 174
61.3309 157
61.35101 158
61.37113 154
61.39124 154
61.41135 154
61.43147 154
61.45158 165
61.4717 164
61.49181 171
61.51192 183
61.53204 185
61.55215 168
61.57226 189
61.59238 177
61.61249 171
61.63261 165
61.65272 170
61.67283 161
61.69295 176
61.71306 196
61.73317 169
61.75329 187
61.7734 182
61.79352 192
61.81363 191
61.83374 177
61.85386 184
61.87397 194
61.89408 200
61.9142 177
61.93431 197
61.95442 190
61.97454 192
61.99465 179
62.01477 184
62.03488 214
62.05499 217
62.07511 199
62.09522 215
62.11533 204
62.13545 207
62.15556 229
62.17568 223
62.19579 218
62.2159 244
62.23602 228
62.25613 227
62.27624 222
62.29636 262
62.31647 215
62.33659 225
62.3567 237
62.37681 207
62.39693 242
62.41704 221
62.43715 216
62.45727 248
62.47738 205
62.49749 217
62.51761 200
62.53772 217
62.55784 209
62.57795 203
62.59806 179
62.61818 196
62.63829 201
62.6584 161
62.67852 184
62.69863 196
62.71875 177
62.73886 156
62.75897 184
62.77909 166
62.7992 189
62.81931 172
62.83943 179
62.85954 179
62.87965 182
62.89977 179
62.91988 184
62.94 154
62.96011 183
62.98022 177
63.00034 187
63.02045 183
63.04056 157
63.06068 167
63.08079 153
63.10091 149
63.12102 162
63.14113 183
63.16125 149
63.18136 157
63.20147 183
63.22159 181
63.2417 185
63.26182 166
63.28193 177
63.30204 176
63.32216 177
63.34227 167
63.36238 166
63.3825 174
63.40261 163
63.42272 164
63.44284 169
63.46295 183
63.48307 186
63.50318 163
63.52329 174
63.54341 159
63.56352 194
63.58363 187
63.60375 172
63.62386 180
63.64398 180
63.66409 204
63.6842 207
63.70432 198
63.72443 231
63.74454 195
63.76466 203
63.78477 212
63.80489 229
63.825 255
63.84511 264
63.86523 268
63.88534 349
63.90545 372
63.92557 411
63.94568 507
63.96579 531
63.98591 594
64.00602 586
64.02614 572
64.04625 548
64.06636 383
64.08648 397
64.10659 353
64.1267 383
64.14682 412
64.16693 385
64.18705 367
64.20716 337
64.22727 358
64.24739 268
64.2675 224
64.28761 200
64.30773 196
64.32784 171
64.34796 184
64.36807 194
64.38818 169
64.4083 162
64.42841 169
64.44852 184
64.46864 167
64.48875 162
64.50886 177
64.52898 157
64.54909 183
64.56921 181
64.58932 179
64.60943 176
64.62955 160
64.64966 149
64.66977 187
64.68989 156
64.71 173
64.73012 145
64.75023 156
64.77034 150
64.79046 160
64.81057 160
64.83068 152
64.8508 142
64.87091 149
64.89102 156
64.91114 137
64.93125 158
64.95137 167
64.97148 158
64.99159 159
65.01171 150
65.03182 133
65.05193 154
65.07205 155
65.09216 169
65.11228 177
65.13239 165
65.1525 163
65.17262 148
65.19273 161
65.21284 177
65.23296 154
65.25307 161
65.27319 164
65.2933 151
65.31341 183
65.33353 163
65.35364 164
65.37375 164
65.39387 171
65.41398 127
65.43409 162
65.45421 175
65.47432 188
65.49444 162
65.51455 164
65.53466 191
65.55478 167
65.57489 193
65.595 192
65.61512 174
65.63523 193
65.65535 212
65.67546 224
65.69557 230
65.71569 271
65.7358 274
65.75591 249
65.77603 271
65.79614 221
65.81626 249
65.83637 215
65.85648 203
65.8766 227
65.89671 223
65.91682 207
65.93694 218
65.95705 215
65.97716 182
65.99728 161
66.01739 176
66.03751 176
66.05762 150
66.07773 155
66.09785 163
66.11796 173
66.13807 170
66.15819 154
66.1783 183
66.19842 152
66.21853 173
66.23864 154
66.25876 148
66.27887 174
66.29898 176
66.3191 162
66.33921 136
66.35933 153
66.37944 183
66.39955 161
66.41967 170
66.43978 169
66.45989 166
66.48001 165
66.50012 163
66.52023 177
66.54035 173
66.56046 150
66.58058 161
66.60069 173
66.6208 176
66.64092 155
66.66103 178
66.68114 159
66.70126 182
66.72137 182
66.74149 158
66.7616 162
66.78171 172
66.80183 168
66.82194 180
66.84205 155
66.86217 165
66.88228 168
66.90239 165
66.92251 179
66.94262 170
66.96274 144
66.98285 168
67.00296 165
67.02308 167
67.04319 174
67.0633 192
67.08342 153
67.10353 183
67.12365 186
67.14376 179
67.16387 181
67.18399 191
67.2041 200
67.22421 208
67.24433 242
67.26444 198
67.28456 176
67.30467 212
67.32478 225
67.3449 242
67.36501 234
67.38512 247
67.40524 257
67.42535 282
67.44546 287
67.46558 334
67.48569 303
67.50581 365
67.52592 466
67.54603 522
67.56615 602
67.58626 687
67.60637 826
67.62649 1010
67.6466 1169
67.66672 1313
67.68683 1506
67.70694 1465
67.72706 1513
67.74717 1308
67.76728 1055
67.7874 902
67.80751 858
67.82763 809
67.84774 907
67.86785 1013
67.88797 1062
67.90808 1078
67.92819 1083
67.94831 1061
67.96842 1030
67.98853 1020
68.00865 1150
68.02876 1232
68.04888 1534
68.06899 1759
68.0891 1962
68.10922 1993
68.12933 1990
68.14944 1884
68.16956 1637
68.18967 1518
68.20979 1499
68.2299 1617
68.25001 1847
68.27013 1952
68.29024 1927
68.31035 1763
68.33047 1530
68.35058 1225
68.3707 1002
68.39081 836
68.41092 753
68.43104 746
68.45115 797
68.47126 728
68.49138 725
68.51149 614
68.5316 479
68.55172 390
68.57183 349
68.59195 302
68.61206 221
68.63217 239
68.65229 206
68.6724 242
68.69251 189
68.71263 222
68.73274 205
68.75286 197
68.77297 200
68.79308 210
68.8132 182
68.83331 182
68.85342 179
68.87354 183
68.89365 158
68.91376 183
68.93388 193
68.95399 181
68.97411 161
68.99422 203
69.01433 170
69.03445 166
69.05456 160
69.07467 169
69.09479 159
69.1149 180
69.13502 167
69.15513 166
69.17524 164
69.19536 199
69.21547 166
69.23558 176
69.2557 155
69.27581 159
69.29593 161
69.31604 163
69.33615 164
69.35627 167
69.37638 161
69.39649 161
69.41661 170
69.43672 166
69.45683 144
69.47695 149
69.49706 172
69.51718 175
69.53729 161
69.5574 185
69.57752 170
69.59763 179
69.61774 185
69.63786 164
69.65797 160
69.67809 174
69.6982 176
69.71831 149
69.73843 161
69.75854 170
69.77865 143
69.79877 152
69.81888 143
69.839 136
69.85911 164
69.87922 154
69.89934 151
69.91945 185
69.93956 149
69.95968 153
69.97979 137
69.9999 146
70.02002 175
70.04013 155
70.06025 165
70.08036 154
70.10047 157
70.12059 156
70.1407 149
70.16081 166
70.18093 158
70.20104 152
70.22116 171
70.24127 178
70.26138 151
70.2815 171
70.30161 163
70.32172 142
70.34184 165
70.36195 143
70.38207 193
70.40218 154
70.42229 145
70.44241 146
70.46252 178
70.48263 170
70.50275 143
70.52286 145
70.54297 162
70.56309 162
70.5832 150
70.60332 183
70.62343 169
70.64354 154
70.66366 175
70.68377 148
70.70388 174
70.724 152
70.74411 136
70.76423 172
70.78434 141
70.80445 165
70.82457 145
70.84468 151
70.86479 142
70.88491 134
70.90502 144
70.92513 160
70.94525 158
70.96536 161
70.98548 160
71.00559 152
71.0257 153
71.04582 159
71.06593 124
71.08604 167
71.10616 146
71.12627 171
71.14639 140
71.1665 158
71.18661 152
71.20673 156
71.22684 158
71.24695 148
71.26707 165
71.28718 154
71.3073 138
71.32741 152
71.34752 164
71.36764 185
71.38775 148
71.40786 147
71.42798 154
71.44809 144
71.4682 129
71.48832 142
71.50843 131
71.52855 150
71.54866 141
71.56877 156
71.58889 164
71.609 146
71.62911 160
71.64923 151
71.66934 170
71.68946 170
71.70957 164
71.72968 145
71.7498 165
71.76991 177
71.79002 137
71.81014 152
71.83025 154
71.85037 169
71.87048 149
71.89059 155
71.91071 167
71.93082 166
71.95093 164
71.97105 132
71.99116 151
72.01127 172
72.03139 164
72.0515 159
72.07162 156
72.09173 158
72.11184 150
72.13196 173
72.15207 147
72.17218 168
72.1923 167
72.21241 164
72.23253 171
72.25264 160
72.27275 151
72.29287 190
72.31298 158
72.33309 159
72.35321 164
72.37332 161
72.39344 164
72.41355 163
72.43366 177
72.45378 147
72.47389 164
72.494 156
72.51412 160
72.53423 158
72.55434 152
72.57446 145
72.59457 132
72.61469 154
72.6348 145
72.65491 173
72.67503 157
72.69514 159
72.71525 143
72.73537 157
72.75548 165
72.7756 151
72.79571 171
72.81582 160
72.83594 199
72.85605 158
72.87616 163
72.89628 173
72.91639 166
72.9365 169
72.95662 176
72.97673 155
72.99685 165
73.01696 139
73.03707 172
73.05719 175
73.0773 162
73.09741 179
73.11753 176
73.13764 177
73.15776 176
73.17787 224
73.19798 217
73.2181 205
73.23821 248
73.25832 250
73.27844 304
73.29855 313
73.31867 340
73.33878 416
73.35889 464
73.37901 504
73.39912 608
73.41923 633
73.43935 621
73.45946 588
73.47957 547
73.49969 381
73.5198 345
73.53992 339
73.56003 338
73.58014 352
73.60026 363
73.62037 379
73.64048 348
73.6606 355
73.68071 356
73.70083 308
73.72094 261
73.74105 228
73.76117 229
73.78128 203
73.80139 190
73.82151 173
73.84162 162
73.86174 182
73.88185 169
73.90196 172
73.92208 165
73.94219 154
73.9623 154
73.98242 161
74.00253 167
74.02264 144
74.04276 173
74.06287 156
74.08299 165
74.1031 169
74.12321 142
74.14333 142
74.16344 174
74.18355 154
74.20367 168
74.22378 147
74.2439 162
74.26401 148
74.28412 142
74.30424 136
74.32435 165
74.34446 138
74.36458 141
74.38469 145
74.40481 149
74.42492 157
74.44503 151
74.46515 151
74.48526 143
74.50537 146
74.52549 136
74.5456 167
74.56571 146
74.58583 163
74.60594 145
74.62606 172
74.64617 140
74.66628 138
74.6864 134
74.70651 170
74.72662 152
74.74674 156
74.76685 132
74.78697 147
74.80708 124
74.82719 174
74.84731 161
74.86742 172
74.88753 150
74.90765 175
74.92776 141
74.94787 148
74.96799 155
74.9881 196
75.00822 159
