3.00117 20329.8761491581
3.02128 20280.3139933377
3.0414 19725
3.06151 19146.7281202756
3.08162 18559.3282902408
3.10174 17904.0465155525
3.12185 17640.4069730952
3.14197 17261.1878675568
3.16208 16418.3147089672
3.18219 16398.2625853246
3.20231 15432.7386267946
3.22242 15473.8602805042
3.24253 14822.891758988
3.26265 14304.0163542171
3.28276 13881.9903148538
3.30288 13350.4701144797
3.32299 13004.1213410754
3.3431 12768
3.36322 12399.6268079741
3.38333 11928.9315225124
3.40344 11187.2073387799
3.42356 11150.0559190341
3.44367 10802.9610271696
3.46379 10193.1320202541
3.4839 10098
3.50401 9446.82970210069
3.52413 9460.80074058037
3.54424 8970.90213513003
3.56435 8602.57660861545
3.58447 8360.52435024112
3.60458 8026.08993824786
3.62469 8068.08180237869
3.64481 7620.76806824209
3.66492 7293.70929463792
3.68504 6985.46237749962
3.70515 6771.52090324158
3.72526 6541.57859638595
3.74538 6187.39378643003
3.76549 5844.10800178237
3.7856 5697
3.80572 5447.85510211475
3.82583 5453.08611714841
3.84595 5342.00194067081
3.86606 4899.22234894734
3.88617 4976.37033278281
3.90629 4415.17140858154
3.9264 4461
3.94651 4315.86222375671
3.96663 4091.88056293638
3.98674 4047.58942394298
4.00686 3734.3294952531
4.02697 3775.91697548619
4.04708 3632.36061664478
4.0672 3262
4.08731 3298.97532730933
4.10742 3082.80856064137
4.12754 3005.88197181512
4.14765 2876.47099111729
4.16776 2696.22203365122
4.18788 2637.08176019902
4.20799 2561.98095643118
4.22811 2661.00029470233
4.24822 2522.8426167379
4.26833 2417.85566648856
4.28845 2316.8184400539
4.30856 2276.07253461578
4.32867 2251.96345738181
4.34879 2269.04121817738
4.3689 2131
4.38902 2151.95529352509
4.40913 2042.95680367312
4.42924 2094.98093279463
4.44936 2004.09747417897
4.46947 2004.09964935852
4.48958 1900.99248932507
4.5097 1990
4.52981 1859.94726407626
4.54992 1822.92973434872
4.57004 1742.0686357133
4.59015 1826.14472916541
4.61027 1656.0886252058
4.63038 1772.86500036618
4.65049 1786.0463780467
4.67061 1648.93310756422
4.69072 1580.01320920693
4.71083 1637.06816645394
4.73095 1652.04935638304
4.75106 1639.2356016835
4.77118 1480.06138587389
4.79129 1541.96336872861
4.8114 1539
4.83152 1499.02085062294
4.85163 1538.95855007238
4.87174 1435.80194897863
4.89186 1400.97546283988
4.91197 1420.99126919795
4.93209 1405.01172913455
4.9522 1379
4.97231 1360.01922784234
4.99243 1404.94156370416
5.01254 1313.95890987667
5.03265 1348.12164886495
5.05277 1220.09712990036
5.07288 1246.99435873738
5.09299 1207.99673550862
5.11311 1252.9929701335
5.13322 1185.98381385939
5.15334 1240.08067790413
5.17345 1199.73971786898
5.19356 1125.92779008973
5.21368 1203.03068287388
5.23379 1097.99822894068
5.2539 1190
5.27402 1070.00352934027
5.29413 1201.06336304456
5.31425 1104.82747184162
5.33436 1142.87855700465
5.35447 1141.09933271178
5.37459 1065.01410336629
5.3947 1085
5.41481 1078.00994684953
5.43493 1110.97937125662
5.45504 1046.88421135769
5.47516 1016.07537451493
5.49527 990.936998178299
5.51538 1071.96366817129
5.5355 1055
5.55561 1074.97825675798
5.57572 982.954835559162
5.59584 1016.09684043172
5.61595 1012.15433296909
5.63606 950.990991156876
5.65618 1015.94513971082
5.67629 1003.03432043916
5.69641 953.015940767451
5.71652 1018.98899877686
5.73663 931.923475576296
5.75675 965.136147629946
5.77686 979.053263822512
5.79697 954.967154002652
5.81709 1016.97397302195
5.8372 1013
5.85732 953.987986846074
5.87743 972.978815596265
5.89754 946.088898809754
5.91766 1024.0237056621
5.93777 913.143928741828
5.95788 904.959910355686
5.978 938
5.99811 943.016687961469
6.01823 997.048972129311
6.03834 970.838341531305
6.05845 896.025655033929
6.07857 937.964143420964
6.09868 921.010560316361
6.11879 914.026669436634
6.13891 848.003110737594
6.15902 906.004774245002
6.17913 853.988389459998
6.19925 904.051586559335
6.21936 878.006621972507
6.23948 905.00448743623
6.25959 867.00571506877
6.2797 910
6.29982 922.918197279222
6.31993 804.922640994044
6.34004 841.088071628197
6.36016 840.04010887644
6.38027 839.95052805966
6.40039 867.015753714578
6.4205 795
6.44061 810.012955064782
6.46073 819.013631425961
6.48084 836.030830772329
6.50095 835.057279382666
6.52107 802.037753613104
6.54118 801.975026661468
6.56129 826.001596359668
6.58141 795.984990514746
6.60152 794.027856296722
6.62164 825.010384147147
6.64175 809.997139724085
6.66186 825.99530239786
6.68198 801.035110740947
6.70209 781.996602818326
6.7222 819
6.74232 857.973595400529
6.76243 790.940241406963
6.78255 800.032444642024
6.80266 789.035923248189
6.82277 787.965449615947
6.84289 807.010304909238
6.863 780
6.88311 841.99126131491
6.90323 749.916871299959
6.92334 782.12154004797
6.94346 814.987878473551
6.96357 810.002892159387
6.98368 807.022243934369
7.0038 768
7.02391 762.012676167829
7.04402 788.995627414674
7.06414 768.019932770055
7.08425 791.073507446014
7.10436 732.993468514062
7.12448 785.002320446707
7.14459 723.011789247346
7.16471 767.021377323373
7.18482 767.986696102128
7.20493 761.993320721433
7.22505 779.160298041419
7.24516 854.949919115982
7.26527 795.175627377245
7.28539 720.978196314965
7.3055 804
7.32562 686.978333715339
7.34573 796.141682587716
7.36584 781.853477972455
7.38596 730.990253889853
7.40607 775.945377876359
7.42618 779.007098786333
7.4463 784
7.46641 784.980696217487
7.48653 719.921159461854
7.50664 717.092456185373
7.52675 770.951262322117
7.54687 758.003342804956
7.56698 773.004688599152
7.58709 737.020784609992
7.60721 732.024314811488
7.62732 781.981372821416
7.64743 721.993613181421
7.66755 776.04549096553
7.68766 745.994159439648
7.70778 787.994159752462
7.72789 745.014544411218
7.748 751
7.76812 727.97822464411
7.78823 727.023327157527
7.80834 744.014776657766
7.82846 742.000732972527
7.84857 752.968676983817
7.86869 785.975952016811
7.8888 828
7.90891 790.962272940735
7.92903 720.957856300091
7.94914 724.98230590404
7.96925 709.923568171981
7.98937 772.955581469112
8.00948 760.996509856138
8.0296 781
8.04971 731.994628856961
8.06982 777.051028391769
8.08994 780.905337068944
8.11005 719.919600828273
8.13016 740.887081052687
8.15028 790.981872002977
8.17039 769.022598545648
8.1905 746
8.21062 789.994166899449
8.23073 739.965064375929
8.25085 770.099182189554
8.27096 759.156754628732
8.29107 678.001053298787
8.31119 745.979180419326
8.3313 729
8.35141 746.006437640546
8.37153 746.019266312014
8.39164 770.015026188
8.41176 749.067417546212
8.43187 723.019181720523
8.45198 725.983921855079
8.4721 736
8.49221 706.989180845165
8.51232 714.033754860832
8.53244 732.928315304452
8.55255 690.897753578421
8.57266 789.915358071051
8.59278 739.066032007931
8.61289 717.996516434529
8.63301 736.014565421139
8.65312 748.968993210881
8.67323 708.01680702487
8.69335 766.093310118618
8.71346 743.111868582444
8.73357 693.047101543568
8.75369 704.966049550473
8.7738 777
8.79392 736.986243307962
8.81403 757.982309013614
8.83414 709.960046430516
8.85426 737.93642446357
8.87437 740.02658278398
8.89448 722.008543322497
8.9146 736
8.93471 773.000576627637
8.95483 728.901696011251
8.97494 695.056626360479
8.99505 749.963258955328
9.01517 711.059279498305
9.03528 715.958186370778
9.05539 754.998276017546
9.07551 740.008090965588
9.09562 774.991615278251
9.11573 728.976433600699
9.13585 760.066982849955
9.15596 765.962640260835
9.17608 788.018209659646
9.19619 731.025052345727
9.2163 728
9.23642 763.990483566275
9.25653 721.97062999965
9.27664 743.050915807969
9.29676 741.050892609641
9.31687 723.970690219588
9.33699 758.001135102579
9.3571 724
9.37721 753.014450662486
9.39733 743.931523269761
9.41744 707.032705002894
9.43755 755.960457554261
9.45767 721.056912479899
9.47778 731.935771024388
9.4979 780
9.51801 688.990026754001
9.53812 749.030637795176
9.55824 717.967376833752
9.57835 745.057809992221
9.59846 740.021088328888
9.61858 741.99000825443
9.63869 748.00279022193
9.6588 732
9.67892 725.006895173087
9.69903 733.993853035163
9.71915 712.93384871165
9.73926 709.923575170162
9.75937 753.010421074447
9.77949 717.993049871885
9.7996 769
9.81971 716.993530611735
9.83983 779.124198323835
9.85994 808.912106107808
9.88006 716.188226386335
9.90017 688.905383278507
9.92028 764.01548615077
9.9404 680
9.96051 735.019334286173
9.98062 716.983008301802
10.00074 738.076846129886
10.02085 756.050902197096
10.04097 724.993850539233
10.06108 754.002262737643
10.08119 715.012352703385
10.10131 713.990805070803
10.12142 694.035541470612
10.14153 766.047538636638
10.16165 739.936420551576
10.18176 760.890254343221
10.20187 804.004689049479
10.22199 760.022469630705
10.2421 756
10.26222 793.987744701718
10.28233 739.942000691067
10.30244 758.119680428768
10.32256 793.085118848197
10.34267 695.116822278388
10.36278 690.950729894229
10.3829 745
10.40301 742.993395496261
10.42313 743.025698041986
10.44324 757.97898072022
10.46335 732.019463305755
10.48347 768.888288599406
10.50358 824.01567629522
10.52369 749.035533598763
10.54381 738.021620971505
10.56392 786.008527921483
10.58403 755.964220798951
10.60415 768.083467422598
10.62426 779.081861116246
10.64438 722.006996590748
10.66449 770.977614694229
10.6846 755
10.70472 688.001894697568
10.72483 761.12651668564
10.74494 791.941781231896
10.76506 735.090087079903
10.78517 729.9628877237
10.80529 762.985274716017
10.8254 781
10.84551 758.959896340883
10.86563 675.996661940445
10.88574 751.131938672335
10.90585 764.990759814832
10.92597 776.009923037555
10.94608 761.986078830146
10.9662 779
10.98631 719.009476380627
11.00642 792.003457197642
11.02654 716.921737852294
11.04665 748.938252361413
11.06676 733.023514235479
11.08688 743.99274371444
11.10699 733.008624259151
11.1271 738
11.14722 791.014911626469
11.16733 753.915929157233
11.18745 725.030986649048
11.20756 756.969305818122
11.22767 757.963322729111
11.24779 765.044723880838
11.2679 667
11.28801 833.022263876977
11.30813 711.840797902727
11.32824 718.075221972075
11.34836 737.933877200418
11.36847 764.0493544415
11.38858 707.990582550946
11.4087 774
11.42881 747.004175686393
11.44892 795.004759562605
11.46904 742.920785563558
11.48915 760.870001332728
11.50927 793.028761519938
11.52938 736.049517677917
11.54949 735.976505191164
11.56961 795.018755720904
11.58972 796.984925909525
11.60983 790.011805554915
11.62995 795.951540918143
11.65006 756.063037594495
11.67017 743.018543335247
11.69029 745.974445988428
11.7104 810
11.73052 760.962526297777
11.75063 775.056896688516
11.77074 795.980393411622
11.79086 772.015094817181
11.81097 792.953232916265
11.83108 810.003750805902
11.8512 801
11.87131 824.007125681289
11.89143 840.077439784609
11.91154 892.970684086905
11.93165 834.026697459213
11.95177 877.980976117868
11.97188 845.006963018736
11.99199 879.98951939701
12.01211 877.009357764406
12.03222 899.963925313425
12.05234 841.036036134831
12.07245 919.053919099725
12.09256 864.071092868998
12.11268 901.930071065715
12.13279 927.028121365782
12.1529 856
12.17302 957.073835264106
12.19313 947.941213486137
12.21324 925.980809250226
12.23336 930.946500515009
12.25347 950.038678798771
12.27359 903.00340433117
12.2937 942
12.31381 927.982570703901
12.33393 909.017904031042
12.35404 931.998423267874
12.37415 887.184644553344
12.39427 833.993749951626
12.41438 869.993982192399
12.4345 842
12.45461 858.988859462609
12.47472 802.9767392254
12.49484 825.02810449619
12.51495 800.104074636538
12.53506 779.963493232116
12.55518 819.972085900624
12.57529 811.018645706287
12.5954 773
12.61552 777.011650682369
12.63563 786.016718944282
12.65575 799.02362500951
12.67586 803.990658332831
12.69597 805.01545287704
12.71609 778.020481993517
12.7362 746
12.75631 774.018331749321
12.77643 777.925966410718
12.79654 729.052562823747
12.81666 808.927610088758
12.83677 767.087251856327
12.85688 754.964757619915
12.877 800
12.89711 764.966383650596
12.91722 705.972912778603
12.93734 725.112892158785
12.95745 767.042086725139
12.97757 722.992978628116
12.99768 770.990316060207
13.01779 720.02605549639
13.03791 711.009833266375
13.05802 731.006252746535
13.07813 730.017979003275
13.09825 743.961574336991
13.11836 712.008309836452
13.13847 724.041188880208
13.15859 674.998046963504
13.1787 733
13.19882 718.973038622053
13.21893 726.072806593449
13.23904 770.976271915645
13.25916 705.126319836759
13.27927 690.960644498904
13.29938 738.940599612649
13.3195 768
13.33961 715.002594997647
13.35973 767.015557648401
13.37984 707.863649155205
13.39995 687.933371760032
13.42007 717.016900078932
13.44018 694.96043970266
13.46029 764.003497387349
13.48041 692.991379684033
13.50052 748.028500906088
13.52064 719.967163025723
13.54075 729.95937878941
13.56086 680.075195664737
13.58098 683.970309816958
13.60109 708.997366024407
13.6212 695
13.64132 701.042387643461
13.66143 740.978501624864
13.68154 705.053183101272
13.70166 764.047166257436
13.72177 664.082338639838
13.74189 694.981688265139
13.762 686
13.78211 682.014372399388
13.80223 721.023294165415
13.82234 719.038778971702
13.84245 762.920378137375
13.86257 746.099609380136
13.88268 682.007703649819
13.9028 725
13.92291 702.966783459381
13.94302 654.019670186688
13.96314 715.047604898758
13.98325 696.966840949773
14.00336 756.903645932443
14.02348 738.08322813393
14.04359 658.005234863011
14.06371 714.026611703407
14.08382 717.976466515434
14.10393 711.047982593902
14.12405 755.015428299181
14.14416 713.100963549738
14.16427 689.001458129771
14.18439 709.977386876458
14.2045 751
14.22461 718.98069997979
14.24473 699.995750366427
14.26484 708.034394763969
14.28496 725.977085532698
14.30507 732.982945573497
14.32518 745.000247305378
14.3453 726
14.36541 709.008811171985
14.38552 747.023453938269
14.40564 741.973853139451
14.42575 719.135705641375
14.44587 688.891469826009
14.46598 798.00000244023
14.48609 676.055241225237
14.50621 661.016472174901
14.52632 691.023400771942
14.54643 706.011599946469
14.56655 697.916072584107
14.58666 682.88463788762
14.60677 756.035925143504
14.62689 654.02377367937
14.647 711
14.66712 741.9910974921
14.68723 723.991887605905
14.70734 742.061424111295
14.72746 745.109134803483
14.74757 656.1035717351
14.76768 657.929271293146
14.7878 753
14.80791 772.985612013234
14.82803 720.916314067421
14.84814 678.942867766658
14.86825 671.940375191303
14.88837 722.90334206312
14.90848 748.054722351071
14.92859 673.995716526162
14.94871 745.005581921681
14.96882 679.964370301192
14.98894 710.054358096717
15.00905 709.032979430615
15.02916 727.058262022653
15.04928 671.010050425743
15.06939 725.966952388375
15.0895 742
15.10962 687.99028750142
15.12973 720.023831086024
15.14984 700.969426923922
15.16996 711.957515468489
15.19007 715.041833719103
15.21019 672.014419285107
15.2303 690
15.25041 765.015998794259
15.27053 732.897364049246
15.29064 665.892245242104
15.31075 637.005542816891
15.33087 658.936755094257
15.35098 697.984471351711
15.3711 695
15.39121 705.997523299308
15.41132 694.013475415578
15.43144 731.051597309856
15.45155 731.015831053325
15.47166 729.013135077332
15.49178 720.000178395907
15.51189 720.009808722283
15.53201 676.975176633239
15.55212 661.042205235637
15.57223 718.005048576976
15.59235 669.926941535996
15.61246 691.928214699773
15.63257 714.970101917227
15.65269 735.992134268901
15.6728 724
15.69291 664.9981555508
15.71303 709.039090841451
15.73314 712.07899666156
15.75326 778.951412884928
15.77337 744.062530579891
15.79348 719.036659080433
15.8136 683
15.83371 716.00119638239
15.85382 683.986984765559
15.87394 717.105767564684
15.89405 738.093432921787
15.91417 675.043210070265
15.93428 700.958171405265
15.95439 736.976747737585
15.97451 765.983048807345
15.99462 692.957632355084
16.01473 706.03684220445
16.03485 717.039320695141
16.05496 728.043557383897
16.07508 684.027101080324
16.09519 704.969295025202
16.1153 756
16.13542 723.007350755351
16.15553 758.975284580201
16.17564 694.949073630058
16.19576 720.990266553317
16.21587 681.053603455399
16.23598 688.957601364697
16.2561 734
16.27621 723.982681854949
16.29633 685.956637823249
16.31644 680.03819325258
16.33655 709.940282075461
16.35667 725.966463013037
16.37678 744.011840755591
16.39689 702.023229371029
16.41701 700.033196100512
16.43712 779.010767052308
16.45724 723.923670990004
16.47735 737.042617031334
16.49746 728.035964726077
16.51758 711.02271356554
16.53769 688.005271999019
16.5578 693
16.57792 708.025765489008
16.59803 737.025787396224
16.61814 728.935939328165
16.63826 693.040115959783
16.65837 687.019030218435
16.67849 675.989938030338
16.6986 722
16.71871 732.000328063552
16.73883 718.927643031903
16.75894 673.032163519612
16.77905 749.810655550197
16.79917 764.071837953232
16.81928 711.997191658174
16.8394 750
16.85951 682.966249777943
16.87962 674.048800400859
16.89974 740.085157302167
16.91985 739.062973498161
16.93996 725.96758069911
16.96008 752.998153503018
16.98019 728.008748226716
17.00031 723.990764478689
17.02042 692.98684539685
17.04053 704.017283577521
17.06065 716.089373040577
17.08076 758.981262454853
17.10087 734.029789390051
17.12099 740.991887938466
17.1411 750
17.16121 728.96861515767
17.18133 659.969670867973
17.20144 695.085316108167
17.22156 710.002672511623
17.24167 720.940083823827
17.26178 755.024266794939
17.2819 693
17.30201 713.001659746946
17.32212 687.997801260657
17.34224 718.041106457155
17.36235 714.998814742566
17.38247 733.962330215693
17.40258 737.03524133812
17.42269 696.997208773408
17.44281 740.010845871188
17.46292 722.985099738406
17.48303 728.003270773273
17.50315 731.07520384089
17.52326 770.988719942681
17.54338 728.061835445188
17.56349 699.985082739924
17.5836 751
17.60372 717.979998104975
17.62383 743.068122975216
17.64394 767.975065955311
17.66406 732.056187042389
17.68417 736.951127990613
17.70428 754.036678308112
17.7244 697
17.74451 747.017795678081
17.76463 748.022110593606
17.78474 772.96640370438
17.80485 720.076821762658
17.82497 743.919984651456
17.84508 779.006686167574
17.86519 763.983349585862
17.88531 817.994841454064
17.90542 736.92710847785
17.92554 728.067069541614
17.94565 770.093672678647
17.96576 788.00913031996
17.98588 782.980684418514
18.00599 794.027435297408
18.0261 701
18.04622 729.03850231731
18.06633 757.086203659935
18.08645 813.963415995523
18.10656 740.098793193026
18.12667 738.021170094208
18.14679 720.975359043222
18.1669 802
18.18701 734.980516620572
18.20713 755.011752480331
18.22724 730.990792736729
18.24735 728.173882926335
18.26747 659.89302480887
18.28758 802.992808487849
18.3077 666
18.32781 718.032135004014
18.34792 719.985154700693
18.36804 723.020178953167
18.38815 719.070837248704
18.40826 701.918837709363
18.42838 754.03007819521
18.44849 671.006206138916
18.46861 738.015841183883
18.48872 704.986886631711
18.50883 740.040478257491
18.52895 726.926461506009
18.54906 702.044894171128
18.56917 698.946117896859
18.58929 759.974215959268
18.6094 763
18.62951 700.988490273782
18.64963 722.031425011415
18.66974 738.099186969601
18.68986 786.057082231295
18.70997 711.024581969865
18.73008 776.933365452625
18.7502 782
18.77031 726.968364132071
18.79042 698.040577666306
18.81054 763.017136032645
18.83065 717.045064758335
18.85077 752.949541819625
18.87088 741.044792529206
18.89099 708.992842095541
18.91111 751.008602060251
18.93122 733.991353125559
18.95133 752.030749647616
18.97145 747.920712845436
18.99156 713.019660132803
19.01168 743.940637442351
19.03179 787.003426878475
19.0519 740
19.07202 723.993785169041
19.09213 715.99541138792
19.11224 723.031081076168
19.13236 735.999023194501
19.15247 728.999593049242
19.17258 738.992690493492
19.1927 751
19.21281 790.000074078765
19.23293 739.895357583814
19.25304 695.996872909478
19.27315 723.929749990697
19.29327 748.929282637032
19.31338 794.007836255859
19.33349 756.995820137692
19.35361 803.00053251882
19.37372 753.978216656029
19.39384 781.041249192509
19.41395 751.832165181989
19.43406 698.993057652157
19.45418 744.967151359127
19.47429 740.00620578404
19.4944 752
19.51452 805.055559536009
19.53463 841.008430747899
19.55475 837.043397519487
19.57486 845.125549868303
19.59497 758.002946867731
19.61509 850.956147691313
19.6352 860
19.65531 840.028703403563
19.67543 930.035701148908
19.69554 877.920221899167
19.71565 903.855462223154
19.73577 937.022987250534
19.75588 900.008103604331
19.776 953
19.79611 1037.01788309163
19.81622 1015.9495326477
19.83634 984.015927325326
19.85645 1008.01315157198
19.87656 981.98586120532
19.89668 1014.00551275922
19.91679 976.001378089403
19.93691 1028.02910154401
19.95702 1021.90701478851
19.97713 929.02713092733
19.99725 1023.06074068603
20.01736 955.075370743002
20.03747 1000.90868254527
20.05759 1007.02527956946
20.0777 947
20.09782 955.976819913445
20.11793 915.025000855338
20.13804 979.051240413358
20.15816 940.088438268893
20.17827 935.965422893014
20.19838 950.018269863512
20.2185 918
20.23861 942.004215477949
20.25872 924.990599869906
20.27884 947.088505732993
20.29895 973.061072743347
20.31907 928.005037350476
20.33918 960.998273622396
20.35929 935.989743749026
20.37941 1001.0177199852
20.39952 977.962868145879
20.41963 969.026505005513
20.43975 990.005878863925
20.45986 974.024254833629
20.47998 965.028366606756
20.50009 943.981947639446
20.5202 1016
20.54032 975.915285793195
20.56043 922.033552509539
20.58054 994.098987163259
20.60066 978.106044824699
20.62077 928.051573582291
20.64088 930.949949735176
20.661 999
20.68111 1006.99667341297
20.70123 1007.00699075448
20.72134 1052.24517725405
20.74145 1204.76382379221
20.76157 1224.97820468432
20.78168 1298.87206765422
20.80179 1456.91700456909
20.82191 1581.02490854895
20.84202 1553.92406979597
20.86214 1487.9526015131
20.88225 1456.70330021242
20.90236 1287.2002507849
20.92248 1259.07016605747
20.94259 1108.07666097379
20.9627 1033
20.98282 1074.01636841528
21.00293 1028.87009377535
21.02305 981.131558034576
21.04316 1079.94395655097
21.06327 1032.01979701386
21.08339 1074.99529484061
21.1035 1042
21.12361 1099.02025479341
21.14373 1100.00835005955
21.16384 1121.0060840944
21.18395 1105.00691056714
21.20407 1155.83155057713
21.22418 1227.08252088404
21.2443 1077
21.26441 1193.02475355038
21.28452 1124.9619916992
21.30464 1181.1342685168
21.32475 1202.00257718283
21.34486 1194.04923353186
21.36498 1163.01675047412
21.38509 1150.01989016078
21.40521 1100.9954606089
21.42532 1128.01055983461
21.44543 1106.97687685306
21.46555 1101.93385586122
21.48566 1060.03750674181
21.50577 1062.02630269713
21.52589 1022.01216469231
21.546 1024
21.56612 1016.00080599684
21.58623 1021.98417874282
21.60634 1000.99299344292
21.62646 1004.05799624034
21.64657 960.004173192832
21.66668 1005.95429305551
21.6868 989
21.70691 895.999896564276
21.72702 969.034773335273
21.74714 933.948442681946
21.76725 933.096861079443
21.78737 880.965512376962
21.80748 941.029848182859
21.82759 840.012740144389
21.84771 913.023944855989
21.86782 873.935045271709
21.88793 848.027053070004
21.90805 878.012311706545
21.92816 860.998046837643
21.94828 882.993925676138
21.96839 875.990217945358
21.9885 911
22.00862 864.950917080956
22.02873 859.06325042794
22.04884 915.059786925532
22.06896 909.025116341638
22.08907 900.036739567182
22.10919 858.020777564876
22.1293 845
22.14941 871.988541895458
22.16953 828.021559668785
22.18964 897.081195957901
22.20975 863.179760119323
22.22987 832.91588986109
22.24998 914.000736109102
22.27009 820.045716010523
22.29021 806.022044438737
22.31032 852.010555777001
22.33044 814.880579615982
22.35055 782.048659164715
22.37066 815.036035244557
22.39078 773.971388951943
22.41089 862.976743290553
22.431 833
22.45112 828.002741157804
22.47123 812.95148468441
22.49135 779.958277129383
22.51146 801.868045529145
22.53157 870.963750142241
22.55169 854.003500553748
22.5718 863
22.59191 817.989825952327
22.61203 845.071739234404
22.63214 865.944384552615
22.65225 828.960771159797
22.67237 870.034420082846
22.69248 797.018954310771
22.7126 846
22.73271 810.97685422989
22.75282 795.006293099787
22.77294 809.030427705001
22.79305 822.959473713836
22.81316 837.987407803375
22.83328 837.996519595538
22.85339 831.020552648279
22.87351 789.007415349414
22.89362 838.002808253551
22.91373 795.991844913484
22.93385 824.950953228945
22.95396 765.016989379451
22.97407 829.896860489205
22.99419 849.007841464724
23.0143 832
23.03442 822.937673196043
23.05453 744.984043494227
23.07464 801.079604408829
23.09476 806.927684731764
23.11487 860.013004085842
23.13498 791.048695339754
23.1551 807
23.17521 834.99985451575
23.19532 830.024753816387
23.21544 859.951828014124
23.23555 797.066328124455
23.25567 821.974441773036
23.27578 793.053435112448
23.29589 766.983704293261
23.31601 827.012169404833
23.33612 803.980315541313
23.35623 826.077407375291
23.37635 853.906031563549
23.39646 793.993372420809
23.41658 854.972376641629
23.43669 827.007570910631
23.4568 829
23.47692 762.00005047472
23.49703 838.107794458816
23.51714 829.829989742843
23.53726 761.916887693173
23.55737 867.950817482091
23.57749 793.039684463252
23.5976 785
23.61771 819.004366049214
23.63783 822.057743923534
23.65794 885.06914548048
23.67805 851.22433376987
23.69817 765.050154698796
23.71828 798.932234778044
23.73839 838.009911365275
23.75851 787.989454145728
23.77862 815.035720069055
23.79874 829.001025215422
23.81885 829.009929484264
23.83896 851.896257904159
23.85908 892.023717915864
23.87919 820.026092603371
23.8993 832
23.91942 879.015020617357
23.93953 873.013288136921
23.95965 889.956086610617
23.97976 858.960921926143
23.99987 913.983255576163
24.01999 880.000527400963
24.0401 926
24.06021 894.965203619156
24.08033 845.011769657129
24.10044 889.041383972742
24.12056 877.984367315181
24.14067 906.997478813129
24.16078 898.95166175255
24.1809 980
24.20101 927.974067128272
24.22112 909.976106785625
24.24124 880.008311844061
24.26135 911.967246160327
24.28146 881.107156944496
24.30158 856.962883981587
24.32169 908.007290648488
24.34181 847.997307517517
24.36192 915.057303722041
24.38203 907.932458968651
24.40215 860.903742015143
24.42226 844.977544943151
24.44237 867.977922356405
24.46249 868.000672948088
24.4826 888
24.50272 943.023616227949
24.52283 915.907660438255
24.54294 852.907711369239
24.56306 840.955121401795
24.58317 881.935323661673
24.60328 897.027675155383
24.6234 855
24.64351 885.021483845071
24.66362 890.948247711535
24.68374 849.11325885913
24.70385 951.982840110997
24.72397 862.068303782868
24.74408 909.950518092223
24.76419 914.997061934766
24.78431 951.024698722625
24.80442 977.984503542086
24.82453 941.978352599311
24.84465 964.079260804553
24.86476 984.9686564699
24.88488 997.993243142545
24.90499 989.015354049405
24.9251 952
24.94522 951.001966671324
24.96533 940.970604277787
24.98544 912.925822092581
25.00556 898.914864190451
25.02567 946.05175905352
25.04579 874.987739827976
25.0659 984
25.08601 937.982430086309
25.10613 943.95735296278
25.12624 889.004557707901
25.14635 952.885678239112
25.16647 942.04081380652
25.18658 931.002467141643
25.20669 945.975522895255
25.22681 981.979358691574
25.24692 888.945848603592
25.26704 909.080700615404
25.28715 912.910371280472
25.30726 884.937339496349
25.32738 930.038564366383
25.34749 841.004011307801
25.3676 922
25.38772 889.968129800119
25.40783 880.938109758949
25.42795 816.947057879704
25.44806 848.939033221252
25.46817 843.034784735022
25.48829 841.979275945808
25.5084 873
25.52851 792.01104740089
25.54863 886.00554091143
25.56874 780.858527530678
25.58886 815.86000660631
25.60897 862.946810571921
25.62908 867.059435099991
25.6492 785
25.66931 829.033393105149
25.68942 861.992780232506
25.70954 826.911887652216
25.72965 797.025553998261
25.74976 810.925050452052
25.76988 842.005528241519
25.78999 813.004602686503
25.81011 839.016662880722
25.83022 838.953383648929
25.85033 782.978797540208
25.87045 811.049801352911
25.89056 810.964448979665
25.91067 852.948848989732
25.93079 848.021793435563
25.9509 819
25.97102 896.031205399919
25.99113 867.973248102004
26.01124 883.003105240557
26.03136 844.118994941887
26.05147 803.998519902334
26.07158 835.968665706239
26.0917 848
26.11181 860.010065153126
26.13193 883.028358885078
26.15204 896.023312816329
26.17215 904.007311079483
26.19227 884.053669468303
26.21238 841.041891996516
26.23249 831.975964699115
26.25261 894.003793858103
26.27272 850.978104032761
26.29283 876.039758411563
26.31295 896.125500621726
26.33306 937.090468794931
26.35318 845.021643874369
26.37329 919.959656415518
26.3934 947
26.41352 974.067185865267
26.43363 1059.09354731494
26.45374 1127.28007245203
26.47386 1300.80402423327
26.49397 1393.60586967415
26.51409 1819.8006755528
26.5342 2142
26.55431 2658.30070353315
26.57443 3207.59670267023
26.59454 3482.53176642617
26.61465 3681.12084821216
26.63477 3386.53983400523
26.65488 3083.29674620678
26.67499 2690.26530898327
26.69511 2105.75166295654
26.71522 1738.67899324472
26.73534 1429.52596020543
26.75545 1236.42812915186
26.77556 1000.25766327328
26.79568 981.017436660335
26.81579 921.018647018893
26.8359 918
26.85602 886.018939963114
26.87613 939.013055124995
26.89625 881.834517455925
26.91636 853.000417035892
26.93647 865.970373470207
26.95659 872.011049944844
26.9767 825
26.99681 801.012419064317
27.01693 841.003096853252
27.03704 794.897122449866
27.05716 773.9921242439
27.07727 786.98177597001
27.09738 798.977903162335
27.1175 816
27.13761 796.012558643309
27.15772 846.00319229331
27.17784 792.905742946736
27.19795 779.035759227781
27.21806 766.945819525637
27.23818 820.969130809115
27.25829 813.006565420644
27.27841 823.013822909896
27.29852 838.980110391896
27.31863 798.970192186221
27.33875 808.01763828779
27.35886 797.028504072069
27.37897 780.050303058112
27.39909 754.988431335476
27.4192 809
27.43932 793.983576078465
27.45943 800.017316690364
27.47954 804.00013663104
27.49966 814.934573394712
27.51977 833.066676067959
27.53988 749.051436084779
27.56 760
27.58011 786.016821011023
27.60023 801.938000267786
27.62034 731.940291556819
27.64045 760.904478194177
27.66057 787.933853992329
27.68068 820.038525476535
27.70079 750.001533249399
27.72091 816.019295588826
27.74102 786.958866340172
27.76113 774.001017540475
27.78125 780.044014407647
27.80136 798.993208984183
27.82148 780.031326144798
27.84159 760.995735378621
27.8617 789
27.88182 793.99398248439
27.90193 779.959759685014
27.92204 760.023670764377
27.94216 804.892764713617
27.96227 831.022192348642
27.98239 780.034357406953
28.0025 738
28.02261 767.99217478045
28.04273 730.039910569079
28.06284 809.06433442609
28.08295 773.067010643479
28.10307 778.02632963797
28.12318 744.986427629094
28.1433 808
28.16341 812.989651542983
28.18352 784.961609540853
28.20364 757.014310797511
28.22375 785.025217430413
28.24386 761.070780544814
28.26398 743.990764069975
28.28409 765.993384689822
28.3042 766
28.32432 779.011421480764
28.34443 789.029119053517
28.36455 810.008710276108
28.38466 784.096018802
28.40477 749.985480165429
28.42489 780.001506603078
28.445 740
28.46511 763.030993559455
28.48523 816.009396109193
28.50534 785.962489924503
28.52546 779.082758347732
28.54557 726.987375225317
28.56568 786.968918751163
28.5858 768
28.60591 782.998762266301
28.62602 765.011017444898
28.64614 795.994601383656
28.66625 748.126347659575
28.68636 738.93008409965
28.70648 797.940484039201
28.72659 814.024551459894
28.74671 739.982002570871
28.76682 743.984289671383
28.78693 716.040665634822
28.80705 784.067544160339
28.82716 750.067455589798
28.84727 753.97243800995
28.86739 771.987087787261
28.8875 801
28.90762 792.962394196838
28.92773 757.000672702727
28.94784 782.006460597668
28.96796 756.032324281744
28.98807 755.028493649627
29.00818 723.00621632287
29.0283 761
29.04841 805.002263776114
29.06853 783.983350129073
29.08864 779.930694398599
29.10875 721.094436722456
29.12887 735.9178291098
29.14898 781.999501604675
29.16909 746.013333212527
29.18921 753.009784283538
29.20932 759.99011843391
29.22943 754.034402638558
29.24955 793.042000168863
29.26966 771.078574942551
29.28978 745.002800334195
29.30989 770.974829554965
29.33 799
29.35012 743.015996453979
29.37023 808.00105175162
29.39034 726.865522346617
29.41046 736.887611527349
29.43057 786.967507696875
29.45069 771.02053721036
29.4708 738
29.49091 753.000728725508
29.51103 758.086197448869
29.53114 836.033486821573
29.55125 777.168159910395
29.57137 763.94356734553
29.59148 813.973141989332
29.6116 806
29.63171 779.97488379401
29.65182 730.996573763766
29.67194 754.978906101193
29.69205 724.060921463415
29.71216 787.977251542867
29.73228 741.01942769925
29.75239 778.980333044903
29.7725 787
29.79262 784.980966797113
29.81273 762.003082600628
29.83285 784.019992993404
29.85296 763.061842656112
29.87307 754.956183631164
29.89319 788.005787117276
29.9133 748
29.93341 784.00722443533
29.95353 767.003846733722
29.97364 790.99283012135
29.99376 756.041564166185
30.01387 761.999409699523
30.03398 749.001614410268
30.0541 747
30.07421 704.011255857112
30.09432 775.032477749569
30.11444 756.005121217392
30.13455 798.928470901467
30.15467 779.07267223896
30.17478 743.998834538449
30.19489 775.982687948859
30.21501 779.983885892388
30.23512 760.046576727538
30.25523 829.993066631785
30.27535 739.778812606449
30.29546 720.932926009481
30.31557 752.014014903841
30.33569 723.993431763939
30.3558 764
30.37592 714.989927822826
30.39603 754.027360854155
30.41614 734.993056281799
30.43626 775.878423292636
30.45637 809.028698349552
30.47648 756.043550273862
30.4966 748
30.51671 770.020349857346
30.53683 788.922471413767
30.55694 702.931233487099
30.57705 736.915280128576
30.59717 736.003906649642
30.61728 738.020455773561
30.63739 731.963716879071
30.65751 819.987306329577
30.67762 713.974941420761
30.69773 799.095319654135
30.71785 793.01565499295
30.73796 813.093138950751
30.75808 716.049604994102
30.77819 741.983600554021
30.7983 754
30.81842 794.998060132531
30.83853 759.99041031904
30.85864 789.019794650692
30.87876 759.071752196635
30.89887 736.036541720219
30.91899 729.976624572416
30.9391 807
30.95921 803.988757033458
30.97933 794.003048596254
30.99944 797.992973415297
31.01955 771.140454599086
31.03967 720.006275492526
31.05978 771.924525725525
31.0799 818
31.10001 781.987753760473
31.12012 787.010794704504
31.14024 777.938563831994
31.16035 758.928792685247
31.18046 804.011091224605
31.20058 764.987798305898
31.22069 831.979965401699
31.2408 804
31.26092 758.966008231206
31.28103 744.019408975013
31.30115 777.090403042114
31.32126 795.011132773112
31.34137 783.989912940446
31.36149 784.027152197533
31.3816 709
31.40171 766.026784439257
31.42183 781.020697333092
31.44194 817.087286044989
31.46206 835.054559279235
31.48217 780.067693420236
31.50228 756.028146173864
31.5224 733
31.54251 783.019445033591
31.56262 784.982089436611
31.58274 770.993856433851
31.60285 783.932400929962
31.62297 808.987738532811
31.64308 803.002884657035
31.66319 798.01474111493
31.68331 758.994788170445
31.70342 784.029514622241
31.72353 797.008595936822
31.74365 794.950793710694
31.76376 772.003022768256
31.78387 794.961163341764
31.80399 807.997285334693
31.8241 809
31.84422 799.993843353442
31.86433 790.96501604445
31.88444 771.025715068229
31.90456 801.990889657848
31.92467 771.046884103506
31.94478 766.984087501645
31.9649 780
31.98501 769.006295285021
32.00513 809.062856896473
32.02524 830.003470596379
32.04535 810.113940804049
32.06547 762.03312710209
32.08558 779.955894775406
32.10569 813.999607136614
32.12581 777.973440699778
32.14592 750.020747065121
32.16604 801.077934970372
32.18615 805.975512478488
32.20626 802.987758237915
32.22638 790.062348401493
32.24649 735.978262187718
32.2666 846
32.28672 809.956123137213
32.30683 815.041915796265
32.32694 813.887875050348
32.34706 751.98274234042
32.36717 825.913247697401
32.38729 826.009397900911
32.4074 815
32.42751 818.028241594225
32.44763 882.988577063233
32.46774 809.898898547956
32.48785 830.864019708061
32.50797 875.955068493146
32.52808 892.989005445325
32.5482 887
32.56831 844.003535767402
32.58842 884.003927868866
32.60854 857.031777566078
32.62865 887.145646022346
32.64876 795.929561208724
32.66888 924.970686831913
32.68899 843.005852651289
32.7091 941
32.72922 915.969327917232
32.74933 926.019667818177
32.76945 910.907833581093
32.78956 880.999528390443
32.80967 918.909938699641
32.82979 954.011295491334
32.8499 903
32.87001 942.027942217843
32.89013 962.959053070394
32.91024 916.956874621842
32.93036 949.851389438976
32.95047 998.051155312238
32.97058 929.997003517207
32.9907 993
33.01081 938.998485337696
33.03092 1000.02650205751
33.05104 983.05636958536
33.07115 1054.93880213108
33.09127 1010.06858673078
33.11138 1004.99088303129
33.13149 1006.00136728913
33.15161 1011.00987687821
33.17172 1034.00731068386
33.19183 1008.91729902358
33.21195 979.122930829603
33.23206 1073.89611805802
33.25217 1036.13119480664
33.27229 962.018065425139
33.2924 969
33.31252 993.001082084533
33.33263 978.99030724406
33.35274 988.0199085829
33.37286 993.977385002009
33.39297 1006.002356268
33.41308 990.016840870642
33.4332 979
33.45331 957.983991860867
33.47343 943.048544157738
33.49354 984.966732503987
33.51365 938.944391524542
33.53377 1012.98332310443
33.55388 936.075116724396
33.57399 915.001638084696
33.59411 901.993340383229
33.61422 907.032736504894
33.63434 943.00956865941
33.65445 917.95145796396
33.67456 914.026969221385
33.69468 885.024912787079
33.71479 894.971816618596
33.7349 936
33.75502 834.95848490639
33.77513 878.062890370836
33.79524 871.967932989417
33.81536 869.00925415366
33.83547 855.024095381476
33.85559 852.989446527956
33.8757 867
33.89581 811.99350024454
33.91593 845.02856259227
33.93604 832.99848079556
33.95615 837.099163397138
33.97627 780.993254663915
33.99638 835.981771233276
34.0165 814
34.03661 856.979479306354
34.05672 758.978435686565
34.07684 862.285742926379
34.09695 929.107546494045
34.11706 836.09810196631
34.13718 842.021103758815
34.15729 797.989939678037
34.17741 872.014956225196
34.19752 826.946498724818
34.21763 795.935973372818
34.23775 767.113120007623
34.25786 858.901510158392
34.27797 845.015208000673
34.29809 860.00291790871
34.3182 824
34.33831 813.992625849117
34.35843 793.99793611309
34.37854 803.981077135532
34.39866 782.987041551138
34.41877 835.881392142155
34.43888 869.066069742367
34.459 781
34.47911 882.009208295917
34.49922 799.961128845261
34.51934 848.071945772803
34.53945 834.009097641591
34.55957 850.023525888471
34.57968 807.013987405301
34.59979 843.973240914297
34.61991 869.993950308148
34.64002 857.03369137455
34.66013 931.089507930662
34.68025 926.840316623001
34.70036 865.001779969662
34.72047 915.947281068992
34.74059 927.975711861741
34.7607 992
34.78082 925.956126492084
34.80093 943.048386226699
34.82104 939.912939933079
34.84116 896.990364595637
34.86127 961.864686252808
34.88138 1014.01643834608
34.9015 959
34.92161 981.025030325173
34.94173 1013.9952987714
34.96184 978.912417084865
34.98195 966.905073965626
35.00207 1029.93383646562
35.02218 1021.05297686822
35.04229 975.996605326892
35.06241 998.979961643212
35.08252 914.971250644497
35.10264 955.048140781824
35.12275 942.031605018382
35.14286 973.041773274786
35.16298 925.976900243157
35.18309 1006.98517928232
35.2032 955
35.22332 939.990192309513
35.24343 931.033763624411
35.26354 961.971173602762
35.28366 919.000932116805
35.30377 962.970741110282
35.32389 941.005793302354
35.344 965
35.36411 980.999823741998
35.38423 979.01557505767
35.40434 995.001375789012
35.42445 989.951071779755
35.44457 1037.9262692424
35.46468 1054.02507816269
35.4848 1010
35.50491 1025.03367600158
35.52502 1091.00456904784
35.54514 1062.04929599606
35.56525 1143.86398208788
35.58536 1157.91258983702
35.60548 1206.04448721196
35.62559 1100.01921791195
35.64571 1148.01241512163
35.66582 1119.99856184962
35.68593 1148.97612412628
35.70605 1104.04278788414
35.72616 1158.05102736919
35.74627 1081.9713970292
35.76639 1180.99151375046
35.7865 1074
35.80661 1052.02047515251
35.82673 1096.0188418424
35.84684 1078.97822838883
35.86696 1077.05113429529
35.88707 1022.08512994235
35.90718 993.995255007076
35.9273 1018
35.94741 1019.98510404765
35.96752 961.92626939044
35.98764 919.046773264955
36.00775 992.819862981306
36.02787 1006.07864465014
36.04798 939.02307090546
36.06809 966.985987921707
36.08821 967.998775514714
36.10832 960.963872983507
36.12843 913.978507638966
36.14855 935.0402828366
36.16866 935.969327674906
36.18878 956.014953557388
36.20889 910.016476727095
36.229 905
36.24912 899.022184995458
36.26923 937.018628021905
36.28934 913.945259723781
36.30946 936.806982380453
36.32957 1025.04135222896
36.34968 927.015190527506
36.3698 1007
36.38991 962.993252119558
36.41003 1015.06603368708
36.43014 1012.97258619401
36.45025 1024.89912954685
36.47037 1071.95768411384
36.49048 1058.0544620899
36.51059 1040.95138700684
36.53071 1191.03105987175
36.55082 1132.928468972
36.57094 1104.93487344537
36.59105 1043.83958948187
36.61116 1017.94048140361
36.63128 1054.02467474369
36.65139 979.023584325172
36.6715 997
36.69162 1031.0298697874
36.71173 1031.91262893889
36.73184 971.047647430628
36.75196 1065.87264514961
36.77207 1046.08301798147
36.79219 1009.00613694699
36.8123 1019
36.83241 1030.99142466398
36.85253 1006.00906532003
36.87264 1031.99239058383
36.89275 986.125149147109
36.91287 993.863785872188
36.93298 1098.97641647865
36.9531 1041
36.97321 1069.03213471608
36.99332 1102.97221360235
37.01344 1027.84841673474
37.03355 988.029368933048
37.05366 1000.91460440833
37.07378 1021.06072539768
37.09389 925.013133064262
37.11401 987.032024551847
37.13412 992.97279510038
37.15423 952.914758081358
37.17435 895.912339324746
37.19446 896.939911303231
37.21457 941.921660121236
37.23469 966.016491514328
37.2548 910
37.27491 934.000024196563
37.29503 895.960369166199
37.31514 890.954962206864
37.33526 856.999308364299
37.35537 876.034997903708
37.37548 829.987295767402
37.3956 918
37.41571 948.976193920908
37.43582 879.979465770368
37.45594 887.895571091676
37.47605 791.088952204764
37.49617 838.926934218682
37.51628 841.009955473777
37.53639 850.986522033306
37.55651 868.992817752609
37.57662 845.012556057844
37.59673 878.991211196045
37.61685 830.921895409729
37.63696 859.852313535417
37.65708 923.986761629634
37.67719 887.022957017272
37.6973 871
37.71742 893.014841392538
37.73753 890.982001427754
37.75764 868.922848235351
37.77776 834.007039056243
37.79787 847.018929516436
37.81798 821.98163341561
37.8381 885
37.85821 889.987669339699
37.87833 866.988959686868
37.89844 855.905281148429
37.91855 798.021859829676
37.93867 840.943244867288
37.95878 846.996263112314
37.97889 858.999527650542
37.99901 842.99029089759
38.01912 839.017087732137
38.03924 864.027610618999
38.05935 844.863236718051
38.07946 813.888650756601
38.09958 925.926152382413
38.11969 917.02169208525
38.1398 873
38.15992 842.053305079473
38.18003 925.001038169325
38.20015 875.105008985652
38.22026 991.938163975629
38.24037 899.141953439526
38.26049 880.991969833995
38.2806 900
38.30071 925.992679968517
38.32083 884.970781742234
38.34094 920.150138775682
38.36105 963.120123789488
38.38117 865.070679500497
38.40128 889.981824213352
38.4214 882
38.44151 920.986631265947
38.46162 844.971078007904
38.48174 893.118459923249
38.50185 916.983621316673
38.52196 915.040350681175
38.54208 894.991358827962
38.56219 920.998309309921
38.58231 872.956107254563
38.60242 807.007558956944
38.62253 858.019614651484
38.64265 821.961378018948
38.66276 843.985994887685
38.68287 817.041159406398
38.70299 827.972545922879
38.7231 894
38.74321 875.96914688459
38.76333 818.978232414638
38.78344 843.043233760908
38.80356 831.071876682971
38.82367 808.968990213484
38.84378 866.939656469084
38.8639 894
38.88401 851.964041530903
38.90412 802.021403104114
38.92424 870.080598691437
38.94435 854.068507928985
38.96447 843.017078737023
38.98458 832.989758057705
39.00469 867.977541133295
39.02481 888.988594848198
39.04492 860.022426883954
39.06503 904.971561183934
39.08515 834.945906578718
39.10526 888.884828641964
39.12538 882.068583546526
39.14549 804.018330063941
39.1656 829
39.18572 877.026921912899
39.20583 875.963340995335
39.22594 846.962373766067
39.24606 849.955904384167
39.26617 871.99211930075
39.28628 870.980258444904
39.3064 897
39.32651 866.002132830856
39.34663 921.096672183695
39.36674 947.964954384674
39.38685 924.956219384653
39.40697 988.895412738436
39.42708 1030.97998905846
39.44719 1042.99423251254
39.46731 1023.95645110825
39.48742 917.963663220931
39.50754 954.047737114959
39.52765 913.820789367925
39.54776 860.034456099035
39.56788 866.999029298008
39.58799 860.991829691456
39.6081 892
39.62822 849.917859415012
39.64833 786.005954260805
39.66845 841.099655039211
39.68856 818.135452990409
39.70867 758.024919055458
39.72879 773.99877493572
39.7489 759
39.76901 811.034414411217
39.78913 853.997538960867
39.80924 813.892665213827
39.82935 790.929121687311
39.84947 837.981937793505
39.86958 814.00758134404
39.8897 831
39.90981 806.998830796977
39.92992 823.99126867698
39.95004 795.002708319713
39.97015 830.940023701613
39.99026 827.003887295867
40.01038 829.022245006674
40.03049 793.005227923335
40.05061 829.031998804061
40.07072 870.987202999559
40.09083 830.989437006939
40.11095 862.035970947679
40.13106 841.041267708173
40.15117 845.969389529156
40.17129 874.979805785894
40.1914 907
40.21152 884.989131810514
40.23163 909.074325896491
40.25174 954.037367961016
40.27186 934.098878484185
40.29197 891.013222385423
40.31208 917.963371599863
40.3322 932
40.35231 898.984016939253
40.37242 904.059730920641
40.39254 955.92630817941
40.41265 856.137391683829
40.43277 876.967961240106
40.45288 851.045341757922
40.47299 824.997578989371
40.49311 848.008455925817
40.51322 841.978167645289
40.53333 853.128198887119
40.55345 943.961479798234
40.57356 842.112818306944
40.59368 872.970356716589
40.61379 856.010192368427
40.6339 861
40.65402 885.042621585103
40.67413 921.993282617803
40.69424 875.89611186561
40.71436 858.951350763854
40.73447 881.045163322653
40.75458 817.028851461471
40.7747 856
40.79481 918.023858251057
40.81493 917.885077760248
40.83504 833.009489293636
40.85515 918.849819207976
40.87527 897.081399953281
40.89538 868.992080180134
40.91549 896.988801305615
40.93561 916.021415483256
40.95572 948.961488229947
40.97584 859.887556096172
40.99595 882.160482847585
41.01606 913.08463725579
41.03618 845.005622915041
41.05629 898.988645736705
41.0764 862
41.09652 864.010343273137
41.11663 863.998354953662
41.13675 866.000063416654
41.15686 863.003955960845
41.17697 863.001575696349
41.19709 858.004364664858
41.2172 849
41.23731 858.015993382259
41.25743 871.919611965225
41.27754 806.053736303309
41.29765 912.830689162039
41.31777 895.04889274225
41.33788 896.985043257822
41.358 903
41.37811 877.970957753546
41.39822 834.029811024705
41.41834 891.9615531113
41.43845 817.008628648264
41.45856 882.987382633151
41.47868 823.003045064828
41.49879 889.986748815777
41.51891 845.982928449434
41.53902 848.987867534242
41.55913 810.967086572126
41.57925 825.071295124442
41.59936 839.017285425242
41.61947 826.982279512222
41.63959 850.002992611897
41.6597 818
41.67982 817.969131047945
41.69993 776.018982626004
41.72004 831.038936912546
41.74016 805.007820764683
41.76027 859.876039357535
41.78038 906.025215417188
41.8005 831
41.82061 821.021652501347
41.84072 857.975280733753
41.86084 784.895693732715
41.88095 789.923908181615
41.90107 799.041388712744
41.92118 753.030239056163
41.94129 760.982505372923
41.96141 802.01823140984
41.98152 815.983263383346
42.00163 787.982895438256
42.02175 796.006993459745
42.04186 784.023322002285
42.06198 790.971045352979
42.08209 818.999892181598
42.1022 778
42.12232 739.03528524748
42.14243 814.052734607863
42.16254 788.945732865538
42.18266 787.014259934312
42.20277 786.92531426589
42.22289 851.999207093595
42.243 796
42.26311 810.996277305297
42.28323 775.998756669261
42.30334 831.141879556544
42.32345 871.991965033228
42.34357 854.0234131662
42.36368 865.95876317616
42.38379 913.985187497999
42.40391 912.990306386744
42.42402 892.985257072961
42.44414 870.905880525222
42.46425 835.074533594165
42.48436 904.941979290781
42.50448 857.080573917283
42.52459 798.012971862431
42.5447 810
42.56482 840.978379066249
42.58493 790.978396065997
42.60505 812.989820087887
42.62516 770.063539138679
42.64527 779.950688608381
42.66539 794.014099257421
42.6855 750
42.70561 769.997292276658
42.72573 740.001934532532
42.74584 759.941300009592
42.76595 718.866708703859
42.78607 827.971794178491
42.80618 746.047198706123
42.8263 769
42.84641 710.984204823096
42.86652 730.016545706209
42.88664 729.038170512865
42.90675 768.942027168553
42.92686 764.015242408008
42.94698 775.971870187489
42.96709 804.991297436034
42.98721 806.997410858172
43.00732 787.952532553832
43.02743 746.019411751478
43.04755 773.885210460332
43.06766 693.968821200688
43.08777 796.921085010683
43.10789 756.020165579965
43.128 776
43.14812 790.960207279993
43.16823 735.990255725395
43.18834 771.012933609555
43.20846 740.01453023503
43.22857 773.952554745958
43.24868 774.017655395702
43.2688 754
43.28891 737.996355975966
43.30902 749.034908558023
43.32914 788.033874396628
43.34925 774.069855722037
43.36937 756.000941779021
43.38948 770.978652440833
43.40959 777.011040818256
43.42971 741.990258585858
43.44982 757.040434479922
43.46993 790.001548826951
43.49005 761.925263613593
43.51016 739.066515564572
43.53028 714.976971804056
43.55039 777.971346255763
43.5705 802
43.59062 797.972545940666
43.61073 746.907057112183
43.63084 719.07930206956
43.65096 795.902059338412
43.67107 785.058783481176
43.69119 758.002750110668
43.7113 770
43.73141 772.992428131555
43.75153 748.972285396848
43.77164 753.059018860605
43.79175 781.010462154105
43.81187 742.068528790481
43.83198 718.001124558108
43.85209 727.995862691294
43.87221 730.001928487204
43.89232 756.059952426446
43.91244 804.960304828006
43.93255 738.920049150799
43.95266 757.984708123724
43.97278 733.016345510365
43.99289 732.009950348719
44.013 709
44.03312 761.008930042262
44.05323 730.003469037186
44.07335 772.037359449479
44.09346 750.005027669377
44.11357 782.95817250371
44.13369 772.021610911704
44.1538 733
44.17391 748.995536903241
44.19403 724.019454110743
44.21414 768.028193217398
44.23426 732.090272409865
44.25437 721.956003084231
44.27448 771.953081411097
44.2946 795
44.31471 779.986605062719
44.33482 754.986818757569
44.35494 770.099655959924
44.37505 818.988625047802
44.39516 769.142492785827
44.41528 725.997111806447
44.43539 744.007582861695
44.45551 709.003589373323
44.47562 759.031394457424
44.49573 755.006556360096
44.51585 774.997431091812
44.53596 746.053932284136
44.55607 749.948379092867
44.57619 794.982324065533
44.5963 787
44.61642 709.9724818003
44.63653 753.111546771645
44.65664 808.045148693769
44.67676 799.05469654028
44.69687 771.035373041724
44.71698 758.997786843147
44.7371 761
44.75721 745.008408834343
44.77732 780.004701001638
44.79744 757.000133992097
44.81755 791.92354613918
44.83767 791.031570305297
44.85778 762.035782045973
44.87789 735.999993889653
44.89801 769.028279322779
44.91812 799.964700431444
44.93823 726.938500691635
44.95835 753.148732870219
44.97846 802.941270819468
44.99858 790.067086104173
45.01869 715.011718920009
45.0388 743
45.05892 743.025491915164
45.07903 791.03165105751
45.09914 786.036456112169
45.11926 822.997514831501
45.13937 771.102212881989
45.15949 745.979256144136
45.1796 797
45.19971 725.990231188033
45.21983 783.085432116699
45.23994 785.940851696722
45.26005 785.825304521894
45.28017 860.043948412275
45.30028 762.02356053611
45.32039 812.010091698498
45.34051 719.98961790401
45.36062 802.073801242853
45.38074 811.999820098067
45.40085 832.040683926304
45.42096 820.081870832528
45.44108 776.019548372498
45.46119 783.994234271685
45.4813 785
45.50142 787.999298582534
45.52153 778.976855999803
45.54165 777.074171158947
45.56176 821.950407738158
45.58187 810.046085629073
45.60199 799.983745328007
45.6221 836
45.64221 771.985622054195
45.66233 802.053265998907
45.68244 821.065688051511
45.70256 860.982322369527
45.72267 837.03119347368
45.74278 844.973521681428
45.7629 865
45.78301 862.01540046322
45.80312 898.979933655924
45.82324 824.877461105878
45.84335 807.02259629218
45.86346 797.965455895351
45.88358 831.985720538313
45.90369 798.037128274137
45.92381 740.004148964509
45.94392 802.053180978247
45.96403 803.95467135003
45.98415 773.960082528517
46.00426 780.949169769252
46.02437 788.065783154195
46.04449 731.9979288226
46.0646 793
46.08472 768.93793365765
46.10483 724.000432428662
46.12494 762.080752473532
46.14506 766.072759433486
46.16517 743.923166191876
46.18528 842.939237501228
46.2054 812
46.22551 737.994982482357
46.24563 784.071542316032
46.26574 793.972290868632
46.28585 779.017818895775
46.30597 774.025764647467
46.32608 758.983810201755
46.34619 792.995516050704
46.36631 763.981474460714
46.38642 751.013968796683
46.40653 779.039081558062
46.42665 776.898070953761
46.44676 725.047590331974
46.46688 742.965083430999
46.48699 764.998278832432
46.5071 762
46.52722 788.032880178827
46.54733 797.951624961928
46.56744 744.935026783497
46.58756 743.997677699087
46.60767 733.011684439055
46.62779 752.97160778517
46.6479 812
46.66801 782.983674746502
46.68813 771.99235811591
46.70824 766.004552338211
46.72835 785.906305146848
46.74847 813.018207407788
46.76858 792.967782045257
46.78869 838.021179487434
46.80881 724.967287355976
46.82892 753.0507003943
46.84904 765.969735168269
46.86915 737.912140659385
46.88926 718.968918409047
46.90938 745.005929844955
46.92949 727.982411425237
46.9496 802
46.96972 776.970224711117
46.98983 762.951384225513
47.00995 728.032818976225
47.03006 771.986540532226
47.05017 732.042460203914
47.07029 747.982674170158
47.0904 787
47.11051 819.982532283348
47.13063 752.976647717166
47.15074 801.082158960214
47.17086 802.999251714093
47.19097 808.032823164364
47.21108 757.049912477275
47.2312 738
47.25131 759.002831267303
47.27142 739.970704032849
47.29154 737.091974755054
47.31165 799.940080684221
47.33176 786.98616617122
47.35188 815.007146410974
47.37199 768.01743483486
47.39211 776.01508618622
47.41222 788.976783792691
47.43233 748.972950712112
47.45245 761.029986972581
47.47256 759.994390151755
47.49267 779.949950154784
47.51279 815.984600474034
47.5329 823
47.55302 784.989511613985
47.57313 797.993535094014
47.59324 764.93560972669
47.61336 772.883543781879
47.63347 828.019050434526
47.65358 762.039701966584
47.6737 772
47.69381 771.02501228256
47.71393 831.962237387411
47.73404 757.016559182848
47.75415 824.079535052526
47.77427 717.000232444447
47.79438 848.893840525895
47.81449 823.053877432331
47.83461 753.019312923894
47.85472 845.01909722426
47.87483 767.893836611204
47.89495 780.176258918608
47.91506 835.022985551068
47.93518 790.992214707805
47.95529 832.014413226679
47.9754 745
47.99552 788.015782811512
48.01563 741.935645419672
48.03574 762.157202005224
48.05586 821.071911476627
48.07597 740.001524519661
48.09609 827.96994715347
48.1162 805
48.13631 788.001075240838
48.15643 797.019401137888
48.17654 788.897961211276
48.19665 732.006292642031
48.21677 776.961682235493
48.23688 762.009931998249
48.257 778
48.27711 794.018522587537
48.29722 816.951099882141
48.31734 732.952559067325
48.33745 780.085481076284
48.35756 750.124053402552
48.37768 726.944204326784
48.39779 817.979287461914
48.4179 792
48.43802 793.996236143391
48.45813 780.009701514983
48.47825 802.004748533202
48.49836 784.998388356401
48.51847 791.056799878403
48.53859 740.990155209994
48.5587 813
48.57881 765.978213187679
48.59893 780.077023000581
48.61904 824.022682157479
48.63916 798.085496318945
48.65927 768.010949040217
48.67938 773.002852539075
48.6995 766
48.71961 794.007168416822
48.73972 769.941676581047
48.75984 719.996182652958
48.77995 749.984408503425
48.80006 733.962618368896
48.82018 787.968021320181
48.84029 765.026967120734
48.86041 736.014335885594
48.88052 801.046821076939
48.90063 805.989177494006
48.92075 806.999892203074
48.94086 788.092034994096
48.96097 761.925075884632
48.98109 848.986164751054
49.0012 802
49.02132 800.99354375588
49.04143 787.033123662967
49.06154 830.009849669975
49.08166 793.047254011943
49.10177 791.039861936089
49.12188 748.004207516667
49.142 803
49.16211 856.005317796379
49.18223 826.925030874476
49.20234 786.966677186406
49.22245 814.799143320545
49.24257 881.036763499834
49.26268 797.035353304183
49.28279 828.994809065524
49.30291 812.019367509689
49.32302 887.007974468374
49.34313 831.983032095246
49.36325 881.04948204019
49.38336 835.117327645305
49.40348 812.987882999048
49.42359 840.986044491671
49.4437 849
49.46382 823.986575835578
49.48393 826.002158263183
49.50404 818.98538315476
49.52416 816.998087908955
49.54427 821.981300497123
49.56439 845.98216348821
49.5845 857
49.60461 782.989605552007
49.62473 822.044308173462
49.64484 808.95980097416
49.66495 812.940342207371
49.68507 845.947469464144
49.70518 851.050442961335
49.7253 794
49.74541 851.001510824286
49.76552 793.975878333734
49.78564 828.050158537751
49.80575 816.980227792486
49.82586 818.046273772181
49.84598 798.953141839864
49.86609 858.022588376638
49.8862 758
49.90632 889.090541961095
49.92643 870.94403709588
49.94655 867.99033810641
49.96666 856.97807270134
49.98677 895.934687601847
50.00689 935.97465678505
50.027 989
50.04711 992.9971246851
50.06723 1030.17140799334
50.08734 1145.00524440418
50.10746 1041.18228503369
50.12757 1037.93513022631
50.14768 1060.02533934314
50.1678 990
50.18791 934.995931066674
50.20802 945.986153489931
50.22814 917.019467550644
50.24825 944.077309138662
50.26837 871.034682516273
50.28848 880.067960241729
50.30859 772.99858621865
50.32871 864.004218540319
50.34882 768.951048222279
50.36893 810.039969371268
50.38905 794.041875893107
50.40916 841.002396608649
50.42927 798.995919470492
50.44939 832.018494507167
50.4695 749
50.48962 825.031506658421
50.50973 769.909970922642
50.52984 776.125361152955
50.54996 848.911156042039
50.57007 829.124286722224
50.59018 754.993239201437
50.6103 817
50.63041 765.974014173821
50.65053 757.014137719792
50.67064 762.00465081437
50.69075 774.913204019366
50.71087 802.033029958696
50.73098 760.98809796154
50.75109 832.966688093324
50.77121 840.980202823255
50.79132 806.011205413136
50.81143 838.983452360938
50.83155 773.842440548054
50.85166 764.915223694274
50.87178 816.977972043194
50.89189 802.009944000636
50.912 797
50.93212 799.019600885186
50.95223 811.952804564166
50.97234 753.943272019828
50.99246 785.866110887968
51.01257 833.005711583857
51.03269 781.033092297186
51.0528 755
51.07291 822.022675906579
51.09303 812.933644716932
51.11314 769.952623306292
51.13325 772.950970915856
51.15337 794.970189356061
51.17348 806.000563862543
51.1936 794
51.21371 777.999579766179
51.23382 784.99705729459
51.25394 776.013235525454
51.27405 795.97704908486
51.29416 783.045000656009
51.31428 771.990786820604
51.33439 787.999764372459
51.3545 773
51.37462 778.00194560756
51.39473 766.973446048989
51.41485 761.045466387787
51.43496 783.014610448668
51.45507 752.023942494863
51.47519 778.970497214123
51.4953 814
51.51541 743.988501677272
51.53553 784.05654572118
51.55564 780.964686064106
51.57576 774.987872813585
51.59587 777.027612070944
51.61598 756.986036458251
51.6361 793
51.65621 770.993703293913
51.67632 777.995561706338
51.69644 761.000892454597
51.71655 777.99347092785
51.73667 755.04313781268
51.75678 750.968191096598
51.77689 781.010511261099
51.79701 737.005353771453
51.81712 801.038101795713
51.83723 778.942927137757
51.85735 755.949504314885
51.87746 741.982965056009
51.89757 760.998214351842
51.91769 739.01102421921
51.9378 735
51.95792 759.044105974859
51.97803 781.931586441659
51.99814 729.097061394359
52.01826 826.035216204166
52.03837 696.115692242952
52.05848 747.907411773443
52.0786 790
52.09871 775.019582490944
52.11883 829.963200710254
52.13894 743.931546313776
52.15905 786.917716734766
52.17917 775.007215166323
52.19928 796.983896770828
52.21939 785.014842093539
52.23951 770.011059466536
52.25962 797.980035397984
52.27974 746.977855858348
52.29985 793.1249491275
52.31996 802.049541413726
52.34008 766.031688218358
52.36019 760.985454905718
52.3803 793
52.40042 763.996628461949
52.42053 783.986465993748
52.44064 760.054693499785
52.46076 826.945073461109
52.48087 807.991702552777
52.50099 841.004040273534
52.5211 790
52.54121 785.975681595687
52.56133 725.041160460506
52.58144 822.094139218941
52.60155 771.194942736651
52.62167 745.942891179594
52.64178 792.012046545308
52.6619 753
52.68201 844.020875241884
52.70212 796.932685722118
52.72224 754.923819629398
52.74235 735.905931850874
52.76246 787.033642126319
52.78258 738.960642928498
52.80269 838.992894877537
52.8228 758
52.84292 804.038234441484
52.86303 792.985669947197
52.88315 789.895474973883
52.90326 742.944815994041
52.92337 815.98598851499
52.94349 759.008273390345
52.9636 814
52.98371 807.97968580846
53.00383 795.082638211594
53.02394 869.005338876015
53.04406 814.017701456675
53.06417 849.039999135122
53.08428 764.03319833841
53.1044 823
53.12451 852.986425589552
53.14462 800.96139317107
53.16474 800.047121891191
53.18485 826.94576650819
53.20497 841.977922022071
53.22508 861.976098044995
53.24519 876.004418485151
53.26531 863.007264158006
53.28542 879.962688947451
53.30553 811.973390107064
53.32565 853.070327478527
53.34576 852.945562701689
53.36587 904.973146639107
53.38599 891.991034733975
53.4061 944
53.42622 921.964608674208
53.44633 904.997756845595
53.46644 915.041183733694
53.48656 923.054195406507
53.50667 888.984823661804
53.52678 935.974938455197
53.5469 917
53.56701 912.004899203046
53.58713 915.976588031714
53.60724 908.081352801883
53.62735 968.973194818789
53.64747 927.04065402458
53.66758 939.98902662362
53.68769 936.993455168395
53.70781 953.989185380689
53.72792 913.001705232812
53.74804 957.047950304594
53.76815 960.105988632201
53.78826 1012.05895073085
53.80838 927.02319058765
53.82849 973.995744864833
53.8486 933
53.86872 990.01048530935
53.88883 939.957053107379
53.90894 956.005752903419
53.92906 939.965727212624
53.94917 977.01308874321
53.96929 928.008805790736
53.9894 961
54.00951 960.995291304465
54.02963 946.946709529914
54.04974 923.076182474202
54.06985 986.994346539783
54.08997 929.044086239678
54.11008 956.974517135372
54.1302 956
54.15031 964.982950235143
54.17042 904.975953862022
54.19054 933.070057660308
54.21065 941.021812613862
54.23076 937.970848184361
54.25088 956.004972845633
54.27099 918.027124559387
54.29111 887.008041621646
54.31122 954.097529911429
54.33133 1013.9591674304
54.35145 931.862885966718
54.37156 918.078484691544
54.39167 869.959123797523
54.41179 947.990445134592
54.4319 901
54.45201 927.982708987034
54.47213 855.018090118779
54.49224 943.063803033805
54.51236 887.087565760134
54.53247 903.959500367759
54.55258 903.016431450548
54.5727 890
54.59281 887.991807735031
54.61292 870.008825015865
54.63304 893.998140707643
54.65315 875.968152989566
54.67327 918.963323409854
54.69338 905.023790534786
54.71349 898.994486455641
54.73361 923.016682912827
54.75372 933.959912281151
54.77383 886.024639934956
54.79395 958.116230459251
54.81406 947.041078169644
54.83417 946.996042107705
54.85429 938.008432063717
54.8744 917
54.89452 887.966419951648
54.91463 879.068543186704
54.93474 935.988621527846
54.95486 865.128221829271
54.97497 872.888201587427
54.99508 937.019457980374
55.0152 865
55.03531 899.9946530933
55.05543 838.97770621508
55.07554 885.051878402828
55.09565 847.16141000128
55.11577 818.946777886579
55.13588 875.991240942953
55.15599 841.002283028351
55.17611 868.994231968045
55.19622 823.999812901582
55.21634 884.114726914321
55.23645 899.993045766919
55.25656 901.985308450668
55.27668 909.99677761425
55.29679 892.025018130775
55.3169 839
55.33702 857.005209094485
55.35713 834.972948532451
55.37724 843.050607732115
55.39736 863.99357211221
55.41747 848.035163447893
55.43759 829.006944111414
55.4577 813
55.47781 786.995263199421
55.49793 814.099762854773
55.51804 867.970511860516
55.53815 804.092485047528
55.55827 821.961507994279
55.57838 824.005975769419
55.5985 813
55.61861 795.016915530266
55.63872 853.012746158707
55.65884 815.955241164477
55.67895 851.816670606277
55.69906 893.082593111417
55.71918 800.062472008906
55.73929 799.993294846247
55.75941 795.998430000372
55.77952 798.996200605111
55.79963 778.951263641909
55.81975 761.051025641528
55.83986 795.996936469164
55.85997 773.98198749961
55.88009 813.998084399682
55.9002 770
55.92031 772.01384773549
55.94043 784.959694113901
55.96054 750.027887619812
55.98066 803.945174754349
56.00077 785.029249990584
56.02088 791.985309065874
56.041 797
56.06111 796.005568443799
56.08122 814.009685407952
56.10134 802.941809179131
56.12145 772.045883805572
56.14157 773.975660008832
56.16168 791.986954748491
56.18179 798.996874973024
56.20191 813.012325029063
56.22202 818.954793192014
56.24213 757.987778291901
56.26225 804.083654944994
56.28236 800.995201603776
56.30248 809.028346434925
56.32259 762.002632302416
56.3427 802
56.36282 792.984233752923
56.38293 793.011862315529
56.40304 793.974201668452
56.42316 782.97231155152
56.44327 805.014333971075
56.46338 760.043984053042
56.4835 758
56.50361 806.000299502718
56.52373 764.959885240836
56.54384 774.022309387439
56.56395 784.896197822684
56.58407 821.05589012761
56.60418 737.035219863086
56.62429 779.972290856423
56.64441 792.990331159824
56.66452 775.007037466323
56.68464 806.060250251555
56.70475 806.919349315796
56.72486 774.987066155287
56.74498 806.993376816992
56.76509 775.016413414825
56.7852 765
56.80532 760.993760934957
56.82543 755.998171752157
56.84554 765.046253267265
56.86566 786.997865624681
56.88577 783.956425888295
56.90589 834.987136499136
56.926 810
56.94611 769.998763553986
56.96623 798.042677066347
56.98634 783.860354586534
57.00645 715.983852825086
57.02657 788.911202736309
57.04668 799.992353089341
57.0668 819
57.08691 795.990714264277
57.10702 805.032837419527
57.12714 836.013257116233
57.14725 823.014076145222
57.16736 834.974258775928
57.18748 834.012966068554
57.20759 815.010318793103
57.22771 788.980591485075
57.24782 769.038647454707
57.26793 838.046076645007
57.28805 811.91602209
57.30816 800.019056566348
57.32827 787.00394243247
57.34839 795.996000871323
57.3685 804
57.38861 826.999515745849
57.40873 815.02300551547
57.42884 841.969142618991
57.44896 777.132743791039
57.46907 747.003087312032
57.48918 765.958459572656
57.5093 799
57.52941 772.006207543849
57.54952 827.043053500412
57.56964 819.916807201542
57.58975 795.922997980831
57.60987 845.010385344703
57.62998 775.065318681629
57.65009 759.992813892522
57.67021 773.000880934022
57.69032 788.062197494192
57.71043 850.973535293076
57.73055 766.862790007181
57.75066 793.865991042916
57.77078 847.971395924344
57.79089 832.033904198974
57.811 766
57.83112 810.010020416411
57.85123 770.964755802855
57.87134 780.995285027604
57.89146 765.963974348702
57.91157 800.019410649316
57.93168 755.995730360428
57.9518 806
57.97191 771.994845289098
57.99203 793.988055742503
58.01214 767.053972813564
58.03225 824.02656825195
58.05237 747.066228992544
58.07248 788.917608871506
58.09259 834.012917982049
58.11271 767.979260415859
58.13282 776.018817587533
58.15294 781.009951549435
58.17305 780.940453389295
58.19316 749.010110696366
58.21328 773.976637386186
58.23339 785.988976919077
58.2535 811
58.27362 790.997435403466
58.29373 800.972470005679
58.31385 769.02547321447
58.33396 801.044481259479
58.35407 731.052021665883
58.37419 753.989872679958
58.3943 753
58.41441 788.002047748372
58.43453 766.004650160673
58.45464 795.009332580279
58.47475 764.068721237188
58.49487 766.967302676018
58.51498 771.038888751223
58.5351 734
58.55521 821.023053972733
58.57532 798.973885761068
58.59544 796.973571946928
58.61555 761.085183214589
58.63566 739.046569700054
58.65578 725.977270430521
58.67589 764.995098937588
58.69601 763.024326260494
58.71612 828.986720404586
58.73623 749.947873914555
58.75635 798.150851092465
58.77646 814.031644774279
58.79657 784.058736945118
58.81669 764.986892167177
58.8368 804
58.85691 757.988719681707
58.87703 787.068665121387
58.89714 803.953205018928
58.91726 775.969933566333
58.93737 831.929533954326
58.95748 823.062424991238
58.9776 763
58.99771 801.004291622865
59.01782 778.013306100291
59.03794 811.942204346327
59.05805 757.893715591711
59.07817 859.0015538288
59.09828 755.046520686171
59.11839 814.972319320456
59.13851 801.982699654813
59.15862 782.987622991443
59.17873 778.018764717949
59.19885 801.040428677689
59.21896 802.011298784894
59.23908 816.945949656431
59.25919 871.002378798126
59.2793 820
59.29942 819.956023915952
59.31953 759.029274745438
59.33964 842.064395985453
59.35976 811.98031908537
59.37987 873.964222774175
59.39998 832.045122810302
59.4201 797
59.44021 735.024317753442
59.46033 869.140715182331
59.48044 859.896845363548
59.50055 824.053796676682
59.52067 801.05687769
59.54078 775.970046330082
59.56089 831.994821519741
59.58101 803.004704269622
59.60112 844.990969653746
59.62124 800.035201762587
59.64135 876.079857226285
59.66146 836.075739367551
59.68158 838.990876309371
59.70169 829.009778421222
59.7218 810
59.74192 804.01469905228
59.76203 839.067988459055
59.78215 872.017301884273
59.80226 858.032620268483
59.82237 886.845494325732
59.84249 997.989175836692
59.8626 955
59.88271 1036.01869651803
59.90283 993.929562293415
59.92294 980.973051513563
59.94305 946.104823634427
59.96317 913.032098720653
59.98328 894.027776858584
60.0034 871
60.02351 890.995016143395
60.04362 873.038623779513
60.06374 937.991782729373
60.08385 864.121553757625
60.10396 876.96641479741
60.12408 851.057202654926
60.14419 798.011821310695
60.16431 799.999716089459
60.18442 787.996002436742
60.20453 800.024961963175
60.22465 798.925392818694
60.24476 762.020961367113
60.26487 791.923292488736
60.28499 814.019467327521
60.3051 755
60.32522 806.037686251401
60.34533 792.95206900222
60.36544 777.007203179782
60.38556 788.988882745795
60.40567 783.012009360815
60.42578 777.009348494285
60.4459 759
60.46601 744.007872629137
60.48612 780.025983170695
60.50624 778.969326688716
60.52635 775.941691766708
60.54647 802.014024192005
60.56658 765.018488901923
60.58669 776.995724688171
60.60681 774.005591030592
60.62692 783.967631547647
60.64703 730.9846685799
60.66715 774.109549138788
60.68726 770.097188874497
60.70738 725.992766238715
60.72749 778.976875412032
60.7476 789
60.76772 781.979315940894
60.78783 749.955592828927
60.80794 754.111456608775
60.82806 825.934185752508
60.84817 809.035822784176
60.86828 808.988155669587
60.8884 807
60.90851 785.017320116175
60.92863 836.970722828216
60.94874 747.864614212335
60.96885 755.878851878481
60.98897 796.969626093383
61.00908 791.024780570528
61.02919 773.994855589714
61.04931 790.991753781515
61.06942 761.016811797802
61.08954 818.060089096554
61.10965 794.909837821562
61.12976 782.980351871562
61.14988 796.000031041428
61.16999 794.986914504622
61.1901 821
61.21022 756.980919386828
61.23033 792.030339264683
61.25045 773.971690503302
61.27056 791.95007387048
61.29067 802.007527676035
61.31079 788.008355977288
61.3309 783
61.35101 806.004881146473
61.37113 792.963352080414
61.39124 781.026791641423
61.41135 816.894763288259
61.43147 838.01795279653
61.45158 822.976100357874
61.4717 859
61.49181 795.990138864011
61.51192 833.022643898187
61.53204 798.875655583351
61.55215 769.904798132101
61.57226 833.970990379269
61.59238 801.00293058466
61.61249 847.980569018765
61.63261 838.980466552903
61.65272 813.012999899905
61.67283 833.958353157055
61.69295 778.990808440328
61.71306 846.838316473135
61.73317 876.045888179525
61.75329 838.990961323652
61.7734 897
61.79352 860.964238058139
61.81363 850.977601665286
61.83374 833.023752100932
61.85386 870.946410747453
61.87397 871.008910446037
61.89408 863.026872581758
61.9142 837
61.93431 875.007229399657
61.95442 864.010627287958
61.97454 890.98170925947
61.99465 855.002030858555
62.01477 900.936692765479
62.03488 904.021647668444
62.05499 886.000142785522
62.07511 903.009873260841
62.09522 916.010815696258
62.11533 932.035366261563
62.13545 937.901068707166
62.15556 891.969223907675
62.17568 970.923288155443
62.19579 975.037210306625
62.2159 900
62.23602 981.055194135374
62.25613 967.95877607024
62.27624 943.888533709571
62.29636 891.952228485271
62.31647 951.027649369579
62.33659 865.015000684987
62.3567 919
62.37681 906.99196661657
62.39693 920.036737775812
62.41704 920.919522944345
62.43715 862.090349445026
62.45727 877.914742852214
62.47738 915.033219475873
62.49749 847.008066177687
62.51761 884.002499855476
62.53772 867.055700980229
62.55784 957.986486040136
62.57795 850.805757657614
62.59806 863.925671924056
62.61818 862.037767843515
62.63829 828.995198260559
62.6584 879
62.67852 887.966538926484
62.69863 846.982407980659
62.71875 864.022418000784
62.73886 858.976924301873
62.75897 882.997739556651
62.77909 855.01463575406
62.7992 827
62.81931 777.001341956184
62.83943 835.097262374048
62.85954 845.887136242743
62.87965 769.088857293619
62.89977 792.938639044776
62.91988 825.958064899503
62.94 850
62.96011 790.002456376191
62.98022 845.004138021089
63.00034 789.956515379054
63.02045 836.853532455831
63.04056 853.049392408538
63.06068 805.054913946278
63.08079 761.015120050626
63.10091 768.032712883795
63.12102 831.980464322038
63.14113 756.969264962447
63.16125 814.120851779765
63.18136 817.982344413787
63.20147 840.009583866381
63.22159 804.012389710641
63.2417 799
63.26182 784.032662956176
63.28193 831.977343459708
63.30204 759.911174708775
63.32216 778.931101296644
63.34227 792.992270450911
63.36238 795.007238547436
63.3825 795
63.40261 837.006640434012
63.42272 800.934812413411
63.44284 762.047423867568
63.46295 819.933203170576
63.48307 801.021658937193
63.50318 814.983951084993
63.52329 807.015909746691
63.54341 791.019852933332
63.56352 851.004410967426
63.58363 807.989653693337
63.60375 857.103735897024
63.62386 847.085314300636
63.64398 807.020140180951
63.66409 824.971295815488
63.6842 875
63.70432 825.972144270629
63.72443 837.007310372446
63.74454 814.950695287162
63.76466 818.920305382742
63.78477 861.99170192454
63.80489 840.997982302119
63.825 875
63.84511 853.983176694856
63.86523 830.979273932228
63.88534 841.100545714828
63.90545 889.035922235233
63.92557 840.98950917506
63.94568 900.978210008114
63.96579 875.994718298092
63.98591 920.997742981756
64.00602 866.980421512057
64.02614 890.986939816037
64.04625 842.933887293896
64.06636 867.912959170184
64.08648 882.03127870641
64.10659 840.00088133181
64.1267 877
64.14682 876.016100719069
64.16693 916.043342401818
64.18705 895.819173779044
64.20716 822.039270626227
64.22727 853.960662371446
64.24739 862.981377581394
64.2675 908
64.28761 840.976674133778
64.30773 846.023603179575
64.32784 850.020982921332
64.34796 872.954780551998
64.36807 875.039753331834
64.38818 822.068591178355
64.4083 794
64.42841 868.986087971868
64.44852 775.998218941669
64.46864 869.070806389245
64.48875 808.110255668334
64.50886 827.962800191855
64.52898 810.024142008671
64.54909 811.984885632084
64.56921 834.988864201989
64.58932 775.951271001569
64.60943 785.10231066903
64.62955 865.104434636159
64.64966 831.195446212765
64.66977 754.968577861564
64.68989 838.981514870772
64.71 807
64.73012 817.954488746957
64.75023 748.028847561245
64.77034 832.022050561401
64.79046 765.024573464091
64.81057 834.929067542227
64.83068 807.051135310478
64.8508 784
64.87091 802.007906871653
64.89102 802.98832731498
64.91114 774.90035000656
64.93125 749.868204435698
64.95137 841.941744623966
64.97148 801.055339142781
64.99159 785.992319912308
65.01171 798.993907077619
65.03182 757.949705625145
65.05193 750.100904999817
65.07205 821.931024330858
65.09216 724.068603254279
65.11228 784.945179097964
65.13239 777.01337483939
65.1525 763
65.17262 764.041749103834
65.19273 808.975752813169
65.21284 734.87163562351
65.23296 730.919793758866
65.25307 774.964949579751
65.27319 774.002505037917
65.2933 778
65.31341 766.980718256913
65.33353 732.01699916585
65.35364 771.010987463475
65.37375 730.097356769098
65.39387 736.926647966759
65.41398 778.013629922964
65.43409 734.001524031271
65.45421 783.020295991786
65.47432 777.971831804045
65.49444 760.006902885825
65.51455 772.999009450898
65.53466 748.074861747799
65.55478 737.954158935754
65.57489 797.998474903498
65.595 755
65.61512 785.989577823468
65.63523 720.920439347139
65.65535 727.117157264617
65.67546 778.92351235039
65.69557 782.054321376118
65.71569 745.995808768299
65.7358 794
65.75591 785.978693059086
65.77603 750.001155831615
65.79614 774.007938918537
65.81626 756.991430157696
65.83637 760.094150264609
65.85648 680.979643102811
65.8766 779
65.89671 740.003018105826
65.91682 805.016243390807
65.93694 751.92896196523
65.95705 778.8799405114
65.97716 805.990862434036
65.99728 787.042158463722
66.01739 739.017905324207
66.03751 737.018066356148
66.05762 785.028613310334
66.07773 774.943968348219
66.09785 741.981035290781
66.11796 752.0016519825
66.13807 740.988127077689
66.15819 758.006549285317
66.1783 732
66.19842 770.981086476325
66.21853 709.987970191968
66.23864 773.115085391947
66.25876 773.068184782216
66.27887 744.01188647635
66.29898 750.003033448129
66.3191 750
66.33921 806.009010131305
66.35933 781.977957985255
66.37944 801.05221466353
66.39955 791.156292763573
66.41967 721.021850216692
66.43978 760.969224759287
66.45989 763.990046968601
66.48001 783.979072629603
66.50012 715.001133395689
66.52023 773.007264698006
66.54035 710.917649785208
66.56046 741.931187792019
66.58058 742.01214024586
66.60069 738.997365869977
66.6208 749
66.64092 758.003684588989
66.66103 763.022669228414
66.68114 777.991189590773
66.70126 761.006750075191
66.72137 780.959601869987
66.74149 792.005912490631
66.7616 765
66.78171 761.014303237936
66.80183 793.999159356949
66.82194 755.916733879259
66.84205 737.007039820849
66.86217 740.987382508786
66.88228 757.968200588371
66.90239 783.005146266894
66.92251 750.994305635062
66.94262 772.023139648834
66.96274 788.058531148189
66.98285 811.948085846571
67.00296 758.070882833502
67.02308 750.022102263403
67.04319 720.9932789734
67.0633 765
67.08342 745.00630381712
67.10353 787.04157460798
67.12365 764.855457484615
67.14376 731.921159421
67.16387 798.997088348095
67.18399 726.032220414265
67.2041 728
67.22421 779.023428151289
67.24433 797.966226172613
67.26444 747.900781958702
67.28456 738.910332806041
67.30467 789.010756357468
67.32478 743.003754510741
67.3449 788
67.36501 763.995390877327
67.38512 786.012102503509
67.40524 774.987084095958
67.42535 790.928860214041
67.44546 808.017930709929
67.46558 776.037068926389
67.48569 754.001966075335
67.50581 761.003981687154
67.52592 765.00489223962
67.54603 773.01245554008
67.56615 790.091468449789
67.58626 823.011189929663
67.60637 801.968096453378
67.62649 861.98173596554
67.6466 862
67.66672 884.985113179674
67.68683 849.013227456357
67.70694 893.007672673788
67.72706 849.047726281608
67.74717 857.023347119742
67.76728 816.012169394661
67.7874 841
67.80751 823.985445041834
67.82763 820.056379352996
67.84774 860.978703257888
67.86785 807.08358890227
67.88797 829.921961078061
67.90808 865.001697749473
67.92819 828.025494555525
67.94831 790.992407714614
67.96842 800.028214045917
67.98853 826.01023645843
68.00865 833.10743908033
68.02876 898.9226784202
68.04888 905.980337013987
68.06899 931.010908724358
68.0891 866
68.10922 866.034480448114
68.12933 902.031831124194
68.14944 892.92201967077
68.16956 862.963082555462
68.18967 906.989172245493
68.20979 877.002584862257
68.2299 911
68.25001 900.987634008338
68.27013 897.047772208127
68.29024 927.956069053229
68.31035 855.171646890313
68.33047 824.019887196568
68.35058 827.959090742689
68.3707 854
68.39081 758.998683421012
68.41092 854.071871589988
68.43104 826.835299633521
68.45115 766.994547855209
68.47126 791.032202800497
68.49138 745.996037147948
68.51149 795.992529462223
68.5316 756
68.55172 760.012722817886
68.57183 750.951757717631
68.59195 731.073506550972
68.61206 782.980192457715
68.63217 755.992174498091
68.65229 788.008089266859
68.6724 733
68.69251 787.024741994448
68.71263 771.890995947885
68.73274 701.974686464791
68.75286 738.950717110735
68.77297 741.950106187127
68.79308 797.981820216616
68.8132 770
68.83331 772.997903498236
68.85342 739.949268309634
68.87354 717.080204104296
68.89365 789.902430774302
68.91376 771.070923910199
68.93388 756.995652573441
68.95399 756.013394955933
68.97411 738.023116081074
68.99422 818.027058680012
69.01433 774.933384255326
69.03445 773.041251664053
69.05456 768.084473670864
69.07467 721.0040461833
69.09479 765.976685040581
69.1149 774
69.13502 750.008352231259
69.15513 769.970644705879
69.17524 721.972120601947
69.19536 769.850432187744
69.21547 813.020896128491
69.23558 765.033546620757
69.2557 778
69.27581 791.96998370379
69.29593 699.945635334659
69.31604 739.094936294012
69.33615 745.048320372713
69.35627 728.004781379924
69.37638 745.96507685529
69.39649 776.995153229823
69.41661 764.991544045116
69.43672 762.01323858063
69.45683 775.995231137806
69.47695 761.998453722723
69.49706 765.053936225
69.51718 718.022682806134
69.53729 732.988977798659
69.5574 751
69.57752 788.010123692946
69.59763 766.961118645648
69.61774 754.990242040636
69.63786 760.945188636096
69.65797 782.036308429893
69.67809 737.999428853016
69.6982 775
69.71831 741.00661397182
69.73843 797.02126440564
69.75854 750.918745620127
69.77865 759.90561523324
69.79877 783.022214062328
69.81888 741.034931250635
69.839 739
69.85911 761.001047030941
69.87922 744.986360600172
69.89934 756.075331747316
69.91945 785.963534739842
69.93956 728.124910971974
69.95968 716.941091284364
69.97979 786.00019441401
69.9999 719
70.02002 743.076842731959
70.04013 795.960369454789
70.06025 723.929202817985
70.08036 757.947268549022
70.10047 742.035101516114
70.12059 737.996237383567
70.1407 746
70.16081 730.975391604448
70.18093 700.081737021809
70.20104 800.075538348433
70.22116 754.088279233427
70.24127 764.948380844672
70.26138 771.042820327531
70.2815 716
70.30161 754.014280338646
70.32172 750.999253199737
70.34184 761.996689120243
70.36195 730.137196180675
70.38207 694.96773239526
70.40218 766.92119868372
70.42229 798.014607391506
70.44241 745.987794461238
70.46252 760.0135767486
70.48263 743.94600197789
70.50275 732.117414555249
70.52286 798.975948618346
70.54297 749.06720946046
70.56309 744.997078201049
70.5832 730
70.60332 710.03117256766
70.62343 773.058867054648
70.64354 770.987243676704
70.66366 770.045192283208
70.68377 736.011379170293
70.70388 758.980142960128
70.724 756
70.74411 739.985907386355
70.76423 725.048560907703
70.78434 771.988898609231
70.80445 714.106463049397
70.82457 720.964162285169
70.84468 752.93672936963
70.86479 809.00720869257
70.88491 736.973447034006
70.90502 737.012140433793
70.92513 732.988824677882
70.94525 732.006909559398
70.96536 742.947883879808
70.98548 765.008657930391
71.00559 724.023984471046
71.0257 710
71.04582 770.039706776625
71.06593 761.939616477646
71.08604 727.991769572127
71.10616 743.994056404817
71.12627 726.020671419311
71.14639 741.976958119855
71.1665 786
71.18661 754.979466439102
71.20673 742.036879807893
71.22684 775.005148769588
71.24695 752.012448462176
71.26707 770.991930541279
71.28718 763.980630858592
71.3073 785
71.32741 710.993713059064
71.34752 769.043992357515
71.36764 748.899464447347
71.38775 717.987295697964
71.40786 743.969389266961
71.42798 740.997471277587
71.44809 754.996302694211
71.4682 745
71.48832 733.007565762086
71.50843 753.020776173677
71.52855 756.014032054192
71.54866 766.989195751275
71.56877 758.031964729128
71.58889 743.994373203017
71.609 772
71.62911 775.004605082877
71.64923 781.962434602264
71.66934 743.99648290987
71.68946 780.942372880823
71.70957 769.058599103206
71.72968 739.99480585527
71.7498 756
71.76991 716.003034269678
71.79002 768.032409992766
71.81014 763.008842735988
71.83025 778.05045833411
71.85037 736.006210131547
71.87048 770.984453073617
71.89059 762.988664524495
71.91071 813.009503424158
71.93082 783.963803082517
71.95093 768.991782898705
71.97105 781.123285766726
71.99116 825.049452623755
72.01127 750.06485038895
72.03139 762.993898846762
72.0515 764
72.07162 818.007248851854
72.09173 764.9061739257
72.11184 730.966789686478
72.13196 727.962826917305
72.15207 758.961236785499
72.17218 758.032292918876
72.1923 727
72.21241 762.006150443618
72.23253 748.008180617724
72.25264 775.009823112392
72.27275 743.099252784836
72.29287 736.939081772838
72.31298 794.967863065682
72.33309 791.003898684668
72.35321 785.986087057139
72.37332 753.005638891751
72.39344 781.986890003663
72.41355 736.93083863749
72.43366 745.980282015407
72.45378 743.990760065603
72.47389 782.968224103856
72.494 815
72.51412 709.924961529443
72.53423 720.102966480603
72.55434 779.013094328367
72.57446 744.046068429245
72.59457 762.943041522582
72.61469 779.012227334693
72.6348 733
72.65491 733.002747623526
72.67503 750.087627340414
72.69514 806.96370072967
72.71525 730.112539923281
72.73537 740.997666650325
72.75548 713.011868461323
72.7756 741
72.79571 771.000890220528
72.81582 744.958950640205
72.83594 722.032473418642
72.85605 757.963239112223
72.87616 727.120421233932
72.89628 692.967737860418
72.91639 758.986827404662
72.9365 728
72.95662 730.019334081442
72.97673 737.978266373405
72.99685 712.969411782034
73.01696 739.861924203944
73.03707 792.042492315671
73.05719 711.020796641122
73.0773 732
73.09741 708.98668403464
73.11753 707.024643621672
73.13764 739.101198719293
73.15776 766.085588241939
73.17787 694.020968517986
73.19798 748.952585572976
73.2181 750
73.23821 760.009549374366
73.25832 757.955821334386
73.27844 706.998734713272
73.29855 759.86929121106
73.31867 774.01319446228
73.33878 771.981135449777
73.35889 801.991594799382
73.37901 790.985322360372
73.39912 754.960311362293
73.41923 743.067417053289
73.43935 815.098245602475
73.45946 789.129478243023
73.47957 735.028558200504
73.49969 757.975985499889
73.5198 787
73.53992 756.017936123294
73.56003 809.018225709931
73.58014 775.985547158229
73.60026 811.949164735857
73.62037 785.101530311845
73.64048 726.011169589103
73.6606 759
73.68071 753.978414900358
73.70083 717.019377361384
73.72094 763.037451909697
73.74105 743.025445295192
73.76117 755.002975328856
73.78128 732.01460657291
73.80139 751.974317014772
73.82151 796.000026920936
73.84162 745.930345311421
73.86174 719.097859646841
73.88185 799.081768683105
73.90196 769.061167915653
73.92208 766.008885681903
73.94219 749.99529143659
73.9623 783
73.98242 769.962690947419
74.00253 728.949187467391
74.02264 703.951737331266
74.04276 685.001439814899
74.06287 700.972628657601
74.08299 729.968979898968
74.1031 794
74.12321 740.963168657206
74.14333 692.973212978884
74.16344 702.057830591206
74.18355 734.931980130298
74.20367 739.041442398072
74.22378 708.994104081161
74.2439 740
74.26401 728.011803922405
74.28412 779.015271678841
74.30424 734.871785204039
74.32435 686.089491993065
74.34446 674.94241425109
74.36458 734.933549748475
74.38469 763.015953611169
74.40481 707.990403371404
74.42492 742.046192378985
74.44503 759.984309033202
74.46515 726.876626832136
74.48526 707.894804640298
74.50537 772.039759811714
74.52549 677.01913872184
74.5456 723
74.56571 712.00480424992
74.58583 749.008910579336
74.60594 716.962390307409
74.62606 740.909797463218
74.64617 768.014262091589
74.66628 736.021710546308
74.6864 732
74.70651 711.997423262762
74.72662 728.019936842056
74.74674 745.047828731384
74.76685 759.057669955342
74.78697 709.058549688201
74.80708 718.940380994779
74.82719 771.007289493175
74.84731 718.999481930128
74.86742 770.015955314975
74.88753 721.918749065572
74.90765 712.069599908387
74.92776 750.941824105769
74.94787 745.06904037556
74.96799 690.013386245889
74.9881 702
75.00822 718.011531760995
