3.00117 20834
3.02128 19887
3.0414 19782
3.06151 19125
3.08162 18711
3.10174 18159
3.12185 17336
3.14197 16965
3.16208 16430
3.18219 16289
3.20231 15771
3.22242 14601
3.24253 14826
3.26265 14190
3.28276 13911
3.30288 13272
3.32299 12794
3.3431 12562
3.36322 11983
3.38333 11772
3.40344 11176
3.42356 11026
3.44367 11106
3.46379 10144
3.4839 9844
3.50401 9638
3.52413 9114
3.54424 8812
3.56435 8489
3.58447 8446
3.60458 8006
3.62469 7536
3.64481 7427
3.66492 6994
3.68504 6876
3.70515 6656
3.72526 6224
3.74538 6121
3.76549 5842
3.7856 5517
3.80572 5693
3.82583 5060
3.84595 4961
3.86606 4728
3.88617 4587
3.90629 4422
3.9264 4189
3.94651 4107
3.96663 3720
3.98674 3708
4.00686 3580
4.02697 3224
4.04708 3184
4.0672 3129
4.08731 3008
4.10742 2927
4.12754 2733
4.14765 2587
4.16776 2576
4.18788 2424
4.20799 2380
4.22811 2118
4.24822 2212
4.26833 2049
4.28845 2073
4.30856 2139
4.32867 1815
4.34879 1815
4.3689 1739
4.38902 1790
4.40913 1717
4.42924 1569
4.44936 1635
4.46947 1510
4.48958 1521
4.5097 1592
4.52981 1392
4.54992 1470
4.57004 1297
4.59015 1378
4.61027 1332
4.63038 1222
4.65049 1202
4.67061 1217
4.69072 1190
4.71083 1173
4.73095 1128
4.75106 1210
4.77118 1083
4.79129 1146
4.8114 1105
4.83152 1025
4.85163 1003
4.87174 983
4.89186 970
4.91197 1011
4.93209 902
4.9522 1021
4.97231 980
4.99243 876
5.01254 896
5.03265 783
5.05277 844
5.07288 852
5.09299 791
5.11311 807
5.13322 770
5.15334 714
5.17345 763
5.19356 688
5.21368 748
5.23379 630
5.2539 678
5.27402 699
5.29413 680
5.31425 635
5.33436 674
5.35447 654
5.37459 587
5.3947 615
5.41481 586
5.43493 617
5.45504 565
5.47516 580
5.49527 564
5.51538 518
5.5355 532
5.55561 570
5.57572 499
5.59584 549
5.61595 544
5.63606 485
5.65618 489
5.67629 476
5.69641 436
5.71652 438
5.73663 486
5.75675 458
5.77686 414
5.79697 415
5.81709 474
5.8372 434
5.85732 443
5.87743 489
5.89754 451
5.91766 418
5.93777 423
5.95788 396
5.978 414
5.99811 409
6.01823 381
6.03834 412
6.05845 408
6.07857 403
6.09868 395
6.11879 396
6.13891 374
6.15902 380
6.17913 385
6.19925 373
6.21936 360
6.23948 417
6.25959 383
6.2797 366
6.29982 358
6.31993 350
6.34004 354
6.36016 362
6.38027 347
6.40039 372
6.4205 360
6.44061 395
6.46073 371
6.48084 383
6.50095 378
6.52107 388
6.54118 388
6.56129 351
6.58141 333
6.60152 357
6.62164 342
6.64175 366
6.66186 358
6.68198 354
6.70209 363
6.7222 372
6.74232 329
6.76243 351
6.78255 349
6.80266 369
6.82277 334
6.84289 337
6.863 324
6.88311 380
6.90323 397
6.92334 350
6.94346 381
6.96357 364
6.98368 353
7.0038 384
7.02391 311
7.04402 411
7.06414 381
7.08425 375
7.10436 400
7.12448 374
7.14459 377
7.16471 401
7.18482 344
7.20493 396
7.22505 345
7.24516 400
7.26527 385
7.28539 395
7.3055 374
7.32562 403
7.34573 393
7.36584 365
7.38596 404
7.40607 413
7.42618 408
7.4463 384
7.46641 369
7.48653 406
7.50664 425
7.52675 382
7.54687 379
7.56698 394
7.58709 381
7.60721 406
7.62732 386
7.64743 393
7.66755 428
7.68766 364
7.70778 392
7.72789 377
7.748 396
7.76812 373
7.78823 373
7.80834 395
7.82846 386
7.84857 381
7.86869 402
7.8888 338
7.90891 406
7.92903 394
7.94914 355
7.96925 344
7.98937 315
8.00948 363
8.0296 382
8.04971 410
8.06982 338
8.08994 381
8.11005 389
8.13016 364
8.15028 331
8.17039 385
8.1905 372
8.21062 383
8.23073 367
8.25085 352
8.27096 327
8.29107 362
8.31119 362
8.3313 399
8.35141 367
8.37153 342
8.39164 318
8.41176 382
8.43187 358
8.45198 352
8.4721 343
8.49221 405
8.51232 360
8.53244 383
8.55255 404
8.57266 356
8.59278 369
8.61289 360
8.63301 391
8.65312 346
8.67323 389
8.69335 381
8.71346 392
8.73357 421
8.75369 416
8.7738 407
8.79392 478
8.81403 455
8.83414 459
8.85426 466
8.87437 466
8.89448 471
8.9146 414
8.93471 402
8.95483 410
8.97494 353
8.99505 366
9.01517 349
9.03528 407
9.05539 375
9.07551 374
9.09562 342
9.11573 332
9.13585 326
9.15596 334
9.17608 330
9.19619 351
9.2163 356
9.23642 377
9.25653 328
9.27664 348
9.29676 330
9.31687 313
9.33699 341
9.3571 310
9.37721 336
9.39733 326
9.41744 308
9.43755 344
9.45767 319
9.47778 335
9.4979 341
9.51801 327
9.53812 304
9.55824 338
9.57835 326
9.59846 347
9.61858 356
9.63869 369
9.6588 349
9.67892 339
9.69903 362
9.71915 370
9.73926 299
9.75937 312
9.77949 311
9.7996 320
9.81971 327
9.83983 310
9.85994 349
9.88006 354
9.90017 321
9.92028 352
9.9404 328
9.96051 314
9.98062 329
10.00074 347
10.02085 309
10.04097 310
10.06108 336
10.08119 303
10.10131 344
10.12142 323
10.14153 362
10.16165 312
10.18176 338
10.20187 348
10.22199 337
10.2421 291
10.26222 318
10.28233 306
10.30244 345
10.32256 336
10.34267 338
10.36278 318
10.3829 322
10.40301 328
10.42313 359
10.44324 340
10.46335 331
10.48347 309
10.50358 309
10.52369 320
10.54381 355
10.56392 344
10.58403 325
10.60415 310
10.62426 349
10.64438 357
10.66449 337
10.6846 351
10.70472 341
10.72483 322
10.74494 365
10.76506 349
10.78517 305
10.80529 344
10.8254 345
10.84551 355
10.86563 311
10.88574 343
10.90585 348
10.92597 342
10.94608 321
10.9662 311
10.98631 322
11.00642 367
11.02654 333
11.04665 348
11.06676 364
11.08688 328
11.10699 342
11.1271 350
11.14722 324
11.16733 335
11.18745 337
11.20756 323
11.22767 342
11.24779 348
11.2679 362
11.28801 389
11.30813 343
11.32824 357
11.34836 354
11.36847 351
11.38858 354
11.4087 366
11.42881 354
11.44892 351
11.46904 365
11.48915 360
11.50927 391
11.52938 378
11.54949 378
11.56961 391
11.58972 375
11.60983 398
11.62995 381
11.65006 399
11.67017 380
11.69029 387
11.7104 406
11.73052 404
11.75063 401
11.77074 404
11.79086 403
11.81097 414
11.83108 411
11.8512 450
11.87131 432
11.89143 490
11.91154 492
11.93165 500
11.95177 468
11.97188 510
11.99199 509
12.01211 525
12.03222 495
12.05234 591
12.07245 572
12.09256 612
12.11268 622
12.13279 621
12.1529 608
12.17302 684
12.19313 722
12.21324 733
12.23336 743
12.25347 711
12.27359 787
12.2937 793
12.31381 736
12.33393 703
12.35404 736
12.37415 718
12.39427 704
12.41438 681
12.4345 629
12.45461 610
12.47472 585
12.49484 551
12.51495 520
12.53506 517
12.55518 468
12.57529 484
12.5954 485
12.61552 438
12.63563 429
12.65575 401
12.67586 384
12.69597 365
12.71609 406
12.7362 368
12.75631 420
12.77643 369
12.79654 363
12.81666 336
12.83677 365
12.85688 365
12.877 328
12.89711 357
12.91722 315
12.93734 338
12.95745 339
12.97757 327
12.99768 313
13.01779 321
13.03791 343
13.05802 322
13.07813 348
13.09825 290
13.11836 349
13.13847 329
13.15859 302
13.1787 291
13.19882 307
13.21893 329
13.23904 291
13.25916 285
13.27927 301
13.29938 351
13.3195 294
13.33961 330
13.35973 281
13.37984 280
13.39995 292
13.42007 318
13.44018 297
13.46029 291
13.48041 292
13.50052 318
13.52064 273
13.54075 283
13.56086 313
13.58098 335
13.60109 293
13.6212 351
13.64132 324
13.66143 287
13.68154 321
13.70166 294
13.72177 274
13.74189 278
13.762 268
13.78211 304
13.80223 262
13.82234 302
13.84245 289
13.86257 266
13.88268 288
13.9028 273
13.92291 296
13.94302 286
13.96314 254
13.98325 311
14.00336 264
14.02348 257
14.04359 291
14.06371 284
14.08382 269
14.10393 287
14.12405 258
14.14416 311
14.16427 273
14.18439 290
14.2045 309
14.22461 288
14.24473 292
14.26484 289
14.28496 278
14.30507 233
14.32518 264
14.3453 273
14.36541 258
14.38552 271
14.40564 278
14.42575 273
14.44587 270
14.46598 261
14.48609 274
14.50621 244
14.52632 277
14.54643 268
14.56655 310
14.58666 255
14.60677 272
14.62689 259
14.647 304
14.66712 268
14.68723 259
14.70734 268
14.72746 283
14.74757 283
14.76768 238
14.7878 254
14.80791 283
14.82803 266
14.84814 277
14.86825 285
14.88837 271
14.90848 294
14.92859 276
14.94871 257
14.96882 262
14.98894 292
15.00905 286
15.02916 287
15.04928 263
15.06939 256
15.0895 274
15.10962 226
15.12973 267
15.14984 287
15.16996 254
15.19007 279
15.21019 281
15.2303 301
15.25041 265
15.27053 265
15.29064 247
15.31075 284
15.33087 275
15.35098 279
15.3711 251
15.39121 271
15.41132 282
15.43144 250
15.45155 251
15.47166 248
15.49178 263
15.51189 256
15.53201 266
15.55212 246
15.57223 280
15.59235 278
15.61246 274
15.63257 259
15.65269 266
15.6728 267
15.69291 262
15.71303 281
15.73314 273
15.75326 269
15.77337 282
15.79348 256
15.8136 277
15.83371 294
15.85382 281
15.87394 260
15.89405 256
15.91417 281
15.93428 287
15.95439 268
15.97451 256
15.99462 258
16.01473 263
16.03485 268
16.05496 265
16.07508 246
16.09519 260
16.1153 233
16.13542 248
16.15553 279
16.17564 263
16.19576 262
16.21587 253
16.23598 277
16.2561 309
16.27621 271
16.29633 268
16.31644 271
16.33655 269
16.35667 265
16.37678 272
16.39689 267
16.41701 272
16.43712 261
16.45724 262
16.47735 254
16.49746 247
16.51758 259
16.53769 237
16.5578 288
16.57792 270
16.59803 269
16.61814 290
16.63826 242
16.65837 238
16.67849 235
16.6986 249
16.71871 249
16.73883 291
16.75894 274
16.77905 253
16.79917 235
16.81928 291
16.8394 291
16.85951 265
16.87962 253
16.89974 249
16.91985 272
16.93996 288
16.96008 301
16.98019 291
17.00031 279
17.02042 287
17.04053 262
17.06065 272
17.08076 243
17.10087 267
17.12099 298
17.1411 250
17.16121 279
17.18133 240
17.20144 294
17.22156 277
17.24167 258
17.26178 240
17.2819 246
17.30201 275
17.32212 259
17.34224 211
17.36235 273
17.38247 310
17.40258 246
17.42269 272
17.44281 243
17.46292 288
17.48303 270
17.50315 266
17.52326 273
17.54338 272
17.56349 297
17.5836 261
17.60372 268
17.62383 276
17.64394 297
17.66406 285
17.68417 274
17.70428 301
17.7244 298
17.74451 301
17.76463 323
17.78474 280
17.80485 315
17.82497 293
17.84508 289
17.86519 313
17.88531 270
17.90542 292
17.92554 272
17.94565 295
17.96576 274
17.98588 315
18.00599 290
18.0261 311
18.04622 297
18.06633 309
18.08645 328
18.10656 347
18.12667 343
18.14679 360
18.1669 349
18.18701 416
18.20713 441
18.22724 475
18.24735 509
18.26747 514
18.28758 525
18.3077 520
18.32781 463
18.34792 461
18.36804 397
18.38815 364
18.40826 336
18.42838 293
18.44849 290
18.46861 314
18.48872 300
18.50883 304
18.52895 306
18.54906 309
18.56917 299
18.58929 290
18.6094 301
18.62951 299
18.64963 300
18.66974 308
18.68986 276
18.70997 308
18.73008 272
18.7502 286
18.77031 273
18.79042 268
18.81054 264
18.83065 316
18.85077 271
18.87088 275
18.89099 275
18.91111 270
18.93122 323
18.95133 268
18.97145 290
18.99156 278
19.01168 287
19.03179 289
19.0519 306
19.07202 298
19.09213 292
19.11224 304
19.13236 287
19.15247 304
19.17258 287
19.1927 313
19.21281 312
19.23293 344
19.25304 334
19.27315 346
19.29327 358
19.31338 348
19.33349 362
19.35361 339
19.37372 348
19.39384 322
19.41395 355
19.43406 347
19.45418 350
19.47429 342
19.4944 358
19.51452 330
19.53463 346
19.55475 361
19.57486 385
19.59497 394
19.61509 456
19.6352 428
19.65531 473
19.67543 518
19.69554 543
19.71565 600
19.73577 585
19.75588 615
19.776 715
19.79611 644
19.81622 654
19.83634 692
19.85645 716
19.87656 697
19.89668 706
19.91679 673
19.93691 676
19.95702 679
19.97713 612
19.99725 643
20.01736 610
20.03747 636
20.05759 671
20.0777 644
20.09782 674
20.11793 640
20.13804 609
20.15816 661
20.17827 704
20.19838 647
20.2185 625
20.23861 753
20.25872 719
20.27884 706
20.29895 638
20.31907 725
20.33918 650
20.35929 684
20.37941 696
20.39952 694
20.41963 664
20.43975 703
20.45986 650
20.47998 681
20.50009 711
20.5202 760
20.54032 711
20.56043 741
20.58054 758
20.60066 783
20.62077 825
20.64088 903
20.661 986
20.68111 1122
20.70123 1342
20.72134 1649
20.74145 2134
20.76157 2620
20.78168 3098
20.80179 3621
20.82191 4055
20.84202 4040
20.86214 3596
20.88225 2933
20.90236 2279
20.92248 1690
20.94259 1274
20.9627 1024
20.98282 945
21.00293 894
21.02305 846
21.04316 776
21.06327 732
21.08339 695
21.1035 664
21.12361 617
21.14373 601
21.16384 604
21.18395 554
21.20407 573
21.22418 533
21.2443 536
21.26441 544
21.28452 579
21.30464 557
21.32475 565
21.34486 545
21.36498 518
21.38509 557
21.40521 556
21.42532 562
21.44543 510
21.46555 481
21.48566 565
21.50577 521
21.52589 524
21.546 513
21.56612 521
21.58623 503
21.60634 527
21.62646 510
21.64657 460
21.66668 478
21.6868 491
21.70691 503
21.72702 487
21.74714 510
21.76725 462
21.78737 468
21.80748 449
21.82759 498
21.84771 461
21.86782 463
21.88793 439
21.90805 466
21.92816 499
21.94828 480
21.96839 433
21.9885 440
22.00862 454
22.02873 438
22.04884 432
22.06896 455
22.08907 452
22.10919 442
22.1293 474
22.14941 469
22.16953 440
22.18964 489
22.20975 481
22.22987 452
22.24998 486
22.27009 489
22.29021 460
22.31032 468
22.33044 423
22.35055 429
22.37066 455
22.39078 432
22.41089 442
22.431 410
22.45112 451
22.47123 453
22.49135 398
22.51146 423
22.53157 419
22.55169 467
22.5718 416
22.59191 409
22.61203 442
22.63214 453
22.65225 445
22.67237 426
22.69248 402
22.7126 451
22.73271 440
22.75282 403
22.77294 404
22.79305 423
22.81316 436
22.83328 427
22.85339 460
22.87351 396
22.89362 455
22.91373 443
22.93385 428
22.95396 370
22.97407 393
22.99419 403
23.0143 432
23.03442 440
23.05453 449
23.07464 465
23.09476 469
23.11487 505
23.13498 483
23.1551 462
23.17521 523
23.19532 464
23.21544 450
23.23555 438
23.25567 428
23.27578 450
23.29589 375
23.31601 399
23.33612 386
23.35623 385
23.37635 371
23.39646 402
23.41658 380
23.43669 366
23.4568 397
23.47692 358
23.49703 389
23.51714 428
23.53726 386
23.55737 419
23.57749 419
23.5976 446
23.61771 383
23.63783 428
23.65794 421
23.67805 422
23.69817 459
23.71828 413
23.73839 448
23.75851 408
23.77862 445
23.79874 437
23.81885 425
23.83896 445
23.85908 439
23.87919 472
23.8993 536
23.91942 527
23.93953 551
23.95965 575
23.97976 519
23.99987 516
24.01999 523
24.0401 484
24.06021 453
24.08033 485
24.10044 436
24.12056 410
24.14067 462
24.16078 447
24.1809 476
24.20101 447
24.22112 494
24.24124 462
24.26135 462
24.28146 496
24.30158 483
24.32169 461
24.34181 479
24.36192 526
24.38203 461
24.40215 516
24.42226 483
24.44237 514
24.46249 507
24.4826 477
24.50272 534
24.52283 581
24.54294 535
24.56306 534
24.58317 550
24.60328 606
24.6234 597
24.64351 607
24.66362 607
24.68374 622
24.70385 661
24.72397 639
24.74408 641
24.76419 645
24.78431 680
24.80442 665
24.82453 700
24.84465 651
24.86476 683
24.88488 656
24.90499 702
24.9251 660
24.94522 657
24.96533 687
24.98544 613
25.00556 587
25.02567 610
25.04579 531
25.0659 535
25.08601 502
25.10613 544
25.12624 521
25.14635 501
25.16647 550
25.18658 532
25.20669 454
25.22681 515
25.24692 492
25.26704 506
25.28715 473
25.30726 497
25.32738 516
25.34749 511
25.3676 483
25.38772 501
25.40783 521
25.42795 599
25.44806 578
25.46817 590
25.48829 625
25.5084 581
25.52851 582
25.54863 584
25.56874 577
25.58886 579
25.60897 592
25.62908 601
25.6492 538
25.66931 533
25.68942 554
25.70954 547
25.72965 556
25.74976 512
25.76988 542
25.78999 538
25.81011 475
25.83022 522
25.85033 531
25.87045 535
25.89056 538
25.91067 513
25.93079 558
25.9509 551
25.97102 526
25.99113 533
26.01124 563
26.03136 537
26.05147 557
26.07158 620
26.0917 627
26.11181 637
26.13193 740
26.15204 720
26.17215 788
26.19227 826
26.21238 791
26.23249 834
26.25261 924
26.27272 963
26.29283 1080
26.31295 1130
26.33306 1275
26.35318 1480
26.37329 1605
26.3934 2059
26.41352 2451
26.43363 3001
26.45374 3786
26.47386 4840
26.49397 6272
26.51409 8392
26.5342 10489
26.55431 13165
26.57443 15248
26.59454 16786
26.61465 16624
26.63477 15156
26.65488 12849
26.67499 9687
26.69511 7189
26.71522 4989
26.73534 3250
26.75545 2133
26.77556 1605
26.79568 1312
26.81579 1225
26.8359 1110
26.85602 1033
26.87613 959
26.89625 972
26.91636 898
26.93647 837
26.95659 778
26.9767 765
26.99681 780
27.01693 756
27.03704 782
27.05716 766
27.07727 694
27.09738 650
27.1175 586
27.13761 614
27.15772 558
27.17784 581
27.19795 579
27.21806 552
27.23818 583
27.25829 582
27.27841 582
27.29852 677
27.31863 652
27.33875 746
27.35886 834
27.37897 828
27.39909 831
27.4192 806
27.43932 802
27.45943 726
27.47954 714
27.49966 638
27.51977 599
27.53988 574
27.56 533
27.58011 476
27.60023 488
27.62034 436
27.64045 443
27.66057 438
27.68068 458
27.70079 447
27.72091 466
27.74102 407
27.76113 470
27.78125 465
27.80136 440
27.82148 430
27.84159 413
27.8617 416
27.88182 417
27.90193 407
27.92204 405
27.94216 381
27.96227 373
27.98239 414
28.0025 410
28.02261 395
28.04273 352
28.06284 396
28.08295 361
28.10307 342
28.12318 365
28.1433 334
28.16341 361
28.18352 398
28.20364 323
28.22375 361
28.24386 361
28.26398 362
28.28409 347
28.3042 373
28.32432 335
28.34443 383
28.36455 331
28.38466 383
28.40477 347
28.42489 377
28.445 378
28.46511 369
28.48523 349
28.50534 345
28.52546 343
28.54557 374
28.56568 384
28.5858 345
28.60591 356
28.62602 312
28.64614 353
28.66625 357
28.68636 373
28.70648 370
28.72659 372
28.74671 337
28.76682 355
28.78693 342
28.80705 324
28.82716 315
28.84727 353
28.86739 316
28.8875 319
28.90762 329
28.92773 297
28.94784 328
28.96796 350
28.98807 346
29.00818 326
29.0283 319
29.04841 355
29.06853 341
29.08864 366
29.10875 324
29.12887 349
29.14898 334
29.16909 328
29.18921 325
29.20932 313
29.22943 304
29.24955 356
29.26966 333
29.28978 359
29.30989 364
29.33 382
29.35012 378
29.37023 394
29.39034 404
29.41046 406
29.43057 366
29.45069 371
29.4708 423
29.49091 375
29.51103 333
29.53114 310
29.55125 337
29.57137 329
29.59148 329
29.6116 329
29.63171 314
29.65182 355
29.67194 334
29.69205 386
29.71216 363
29.73228 367
29.75239 351
29.7725 367
29.79262 354
29.81273 390
29.83285 370
29.85296 327
29.87307 354
29.89319 372
29.9133 360
29.93341 342
29.95353 353
29.97364 359
29.99376 330
30.01387 382
30.03398 362
30.0541 359
30.07421 340
30.09432 378
30.11444 392
30.13455 421
30.15467 402
30.17478 365
30.19489 401
30.21501 403
30.23512 340
30.25523 367
30.27535 332
30.29546 322
30.31557 350
30.33569 333
30.3558 308
30.37592 315
30.39603 338
30.41614 365
30.43626 316
30.45637 340
30.47648 334
30.4966 324
30.51671 319
30.53683 309
30.55694 343
30.57705 335
30.59717 373
30.61728 337
30.63739 372
30.65751 363
30.67762 448
30.69773 420
30.71785 379
30.73796 403
30.75808 406
30.77819 380
30.7983 378
30.81842 382
30.83853 388
30.85864 364
30.87876 379
30.89887 340
30.91899 343
30.9391 321
30.95921 356
30.97933 345
30.99944 349
31.01955 349
31.03967 328
31.05978 332
31.0799 282
31.10001 303
31.12012 353
31.14024 341
31.16035 289
31.18046 334
31.20058 320
31.22069 296
31.2408 311
31.26092 300
31.28103 299
31.30115 308
31.32126 297
31.34137 304
31.36149 320
31.3816 295
31.40171 299
31.42183 279
31.44194 299
31.46206 304
31.48217 296
31.50228 255
31.5224 277
31.54251 293
31.56262 283
31.58274 319
31.60285 287
31.62297 300
31.64308 298
31.66319 284
31.68331 293
31.70342 306
31.72353 302
31.74365 307
31.76376 307
31.78387 304
31.80399 260
31.8241 308
31.84422 274
31.86433 329
31.88444 297
31.90456 343
31.92467 287
31.94478 318
31.9649 306
31.98501 314
32.00513 327
32.02524 315
32.04535 323
32.06547 353
32.08558 325
32.10569 311
32.12581 311
32.14592 347
32.16604 308
32.18615 312
32.20626 317
32.22638 317
32.24649 272
32.2666 315
32.28672 310
32.30683 304
32.32694 291
32.34706 275
32.36717 298
32.38729 293
32.4074 314
32.42751 303
32.44763 323
32.46774 304
32.48785 300
32.50797 346
32.52808 288
32.5482 282
32.56831 290
32.58842 272
32.60854 297
32.62865 295
32.64876 305
32.66888 319
32.68899 282
32.7091 324
32.72922 343
32.74933 292
32.76945 291
32.78956 300
32.80967 286
32.82979 309
32.8499 283
32.87001 315
32.89013 309
32.91024 336
32.93036 331
32.95047 309
32.97058 275
32.9907 334
33.01081 303
33.03092 352
33.05104 331
33.07115 321
33.09127 324
33.11138 354
33.13149 282
33.15161 355
33.17172 332
33.19183 296
33.21195 349
33.23206 335
33.25217 321
33.27229 280
33.2924 335
33.31252 328
33.33263 337
33.35274 292
33.37286 313
33.39297 337
33.41308 324
33.4332 274
33.45331 319
33.47343 319
33.49354 292
33.51365 296
33.53377 325
33.55388 286
33.57399 315
33.59411 301
33.61422 294
33.63434 294
33.65445 318
33.67456 276
33.69468 282
33.71479 318
33.7349 334
33.75502 318
33.77513 327
33.79524 318
33.81536 306
33.83547 306
33.85559 325
33.8757 324
33.89581 293
33.91593 326
33.93604 353
33.95615 331
33.97627 370
33.99638 373
34.0165 374
34.03661 404
34.05672 358
34.07684 394
34.09695 426
34.11706 395
34.13718 427
34.15729 453
34.17741 429
34.19752 422
34.21763 424
34.23775 412
34.25786 365
34.27797 403
34.29809 417
34.3182 379
34.33831 393
34.35843 373
34.37854 382
34.39866 399
34.41877 431
34.43888 405
34.459 382
34.47911 428
34.49922 392
34.51934 416
34.53945 398
34.55957 397
34.57968 419
34.59979 376
34.61991 390
34.64002 424
34.66013 437
34.68025 460
34.70036 496
34.72047 453
34.74059 486
34.7607 526
34.78082 479
34.80093 522
34.82104 554
34.84116 575
34.86127 579
34.88138 594
34.9015 580
34.92161 515
34.94173 544
34.96184 502
34.98195 501
35.00207 512
35.02218 516
35.04229 430
35.06241 491
35.08252 444
35.10264 484
35.12275 442
35.14286 403
35.16298 432
35.18309 440
35.2032 383
35.22332 448
35.24343 434
35.26354 440
35.28366 428
35.30377 431
35.32389 445
35.344 466
35.36411 444
35.38423 438
35.40434 486
35.42445 485
35.44457 495
35.46468 464
35.4848 452
35.50491 468
35.52502 460
35.54514 444
35.56525 447
35.58536 454
35.60548 439
35.62559 441
35.64571 452
35.66582 471
35.68593 439
35.70605 432
35.72616 475
35.74627 470
35.76639 483
35.7865 497
35.80661 492
35.82673 507
35.84684 421
35.86696 452
35.88707 456
35.90718 494
35.9273 494
35.94741 444
35.96752 487
35.98764 476
36.00775 449
36.02787 422
36.04798 452
36.06809 448
36.08821 433
36.10832 451
36.12843 440
36.14855 454
36.16866 440
36.18878 426
36.20889 461
36.229 433
36.24912 455
36.26923 484
36.28934 548
36.30946 535
36.32957 614
36.34968 706
36.3698 728
36.38991 898
36.41003 990
36.43014 1123
36.45025 1249
36.47037 1393
36.49048 1487
36.51059 1467
36.53071 1345
36.55082 1126
36.57094 1062
36.59105 902
36.61116 857
36.63128 762
36.65139 603
36.6715 526
36.69162 457
36.71173 459
36.73184 408
36.75196 433
36.77207 419
36.79219 424
36.8123 402
36.83241 422
36.85253 384
36.87264 442
36.89275 448
36.91287 419
36.93298 423
36.9531 445
36.97321 444
36.99332 437
37.01344 413
37.03355 402
37.05366 423
37.07378 445
37.09389 433
37.11401 406
37.13412 439
37.15423 424
37.17435 450
37.19446 421
37.21457 390
37.23469 443
37.2548 431
37.27491 429
37.29503 424
37.31514 416
37.33526 407
37.35537 427
37.37548 430
37.3956 431
37.41571 443
37.43582 454
37.45594 474
37.47605 483
37.49617 458
37.51628 456
37.53639 466
37.55651 491
37.57662 503
37.59673 466
37.61685 465
37.63696 443
37.65708 460
37.67719 469
37.6973 460
37.71742 422
37.73753 392
37.75764 393
37.77776 382
37.79787 439
37.81798 432
37.8381 417
37.85821 398
37.87833 379
37.89844 387
37.91855 393
37.93867 398
37.95878 426
37.97889 373
37.99901 412
38.01912 391
38.03924 418
38.05935 411
38.07946 412
38.09958 383
38.11969 416
38.1398 371
38.15992 460
38.18003 436
38.20015 410
38.22026 435
38.24037 450
38.26049 482
38.2806 454
38.30071 472
38.32083 464
38.34094 488
38.36105 438
38.38117 462
38.40128 470
38.4214 479
38.44151 507
38.46162 461
38.48174 448
38.50185 442
38.52196 448
38.54208 417
38.56219 448
38.58231 464
38.60242 413
38.62253 423
38.64265 397
38.66276 389
38.68287 423
38.70299 364
38.7231 407
38.74321 394
38.76333 370
38.78344 416
38.80356 438
38.82367 368
38.84378 415
38.8639 394
38.88401 435
38.90412 386
38.92424 400
38.94435 400
38.96447 384
38.98458 395
39.00469 380
39.02481 386
39.04492 401
39.06503 413
39.08515 434
39.10526 395
39.12538 412
39.14549 469
39.1656 458
39.18572 472
39.20583 542
39.22594 524
39.24606 566
39.26617 592
39.28628 737
39.3064 731
39.32651 851
39.34663 956
39.36674 1087
39.38685 1242
39.40697 1305
39.42708 1274
39.44719 1223
39.46731 1095
39.48742 1008
39.50754 860
39.52765 813
39.54776 689
39.56788 608
39.58799 533
39.6081 427
39.62822 431
39.64833 382
39.66845 362
39.68856 380
39.70867 338
39.72879 324
39.7489 377
39.76901 361
39.78913 340
39.80924 358
39.82935 356
39.84947 338
39.86958 399
39.8897 369
39.90981 404
39.92992 386
39.95004 409
39.97015 391
39.99026 371
40.01038 372
40.03049 445
40.05061 425
40.07072 448
40.09083 464
40.11095 519
40.13106 541
40.15117 577
40.17129 635
40.1914 683
40.21152 765
40.23163 791
40.25174 742
40.27186 775
40.29197 710
40.31208 667
40.3322 558
40.35231 542
40.37242 546
40.39254 474
40.41265 399
40.43277 373
40.45288 375
40.47299 363
40.49311 357
40.51322 383
40.53333 375
40.55345 336
40.57356 372
40.59368 344
40.61379 352
40.6339 328
40.65402 349
40.67413 312
40.69424 363
40.71436 322
40.73447 326
40.75458 386
40.7747 297
40.79481 306
40.81493 345
40.83504 341
40.85515 328
40.87527 333
40.89538 336
40.91549 358
40.93561 331
40.95572 334
40.97584 356
40.99595 326
41.01606 331
41.03618 321
41.05629 357
41.0764 322
41.09652 342
41.11663 318
41.13675 365
41.15686 312
41.17697 329
41.19709 295
41.2172 328
41.23731 343
41.25743 329
41.27754 319
41.29765 319
41.31777 348
41.33788 347
41.358 335
41.37811 337
41.39822 332
41.41834 335
41.43845 316
41.45856 343
41.47868 333
41.49879 320
41.51891 353
41.53902 345
41.55913 338
41.57925 323
41.59936 354
41.61947 345
41.63959 369
41.6597 376
41.67982 403
41.69993 382
41.72004 362
41.74016 389
41.76027 417
41.78038 410
41.8005 383
41.82061 376
41.84072 339
41.86084 387
41.88095 409
41.90107 343
41.92118 372
41.94129 352
41.96141 336
41.98152 327
42.00163 340
42.02175 341
42.04186 342
42.06198 327
42.08209 335
42.1022 325
42.12232 334
42.14243 389
42.16254 364
42.18266 406
42.20277 407
42.22289 452
42.243 528
42.26311 540
42.28323 609
42.30334 666
42.32345 769
42.34357 804
42.36368 943
42.38379 1016
42.40391 962
42.42402 950
42.44414 858
42.46425 702
42.48436 682
42.50448 627
42.52459 601
42.5447 549
42.56482 470
42.58493 385
42.60505 360
42.62516 326
42.64527 341
42.66539 320
42.6855 321
42.70561 320
42.72573 296
42.74584 350
42.76595 310
42.78607 310
42.80618 324
42.8263 283
42.84641 289
42.86652 303
42.88664 293
42.90675 281
42.92686 294
42.94698 267
42.96709 266
42.98721 282
43.00732 280
43.02743 264
43.04755 290
43.06766 254
43.08777 266
43.10789 278
43.128 271
43.14812 255
43.16823 283
43.18834 321
43.20846 250
43.22857 278
43.24868 267
43.2688 282
43.28891 287
43.30902 294
43.32914 279
43.34925 286
43.36937 316
43.38948 317
43.40959 285
43.42971 279
43.44982 265
43.46993 286
43.49005 265
43.51016 275
43.53028 291
43.55039 296
43.5705 308
43.59062 281
43.61073 283
43.63084 273
43.65096 289
43.67107 291
43.69119 284
43.7113 253
43.73141 300
43.75153 266
43.77164 289
43.79175 282
43.81187 278
43.83198 283
43.85209 261
43.87221 268
43.89232 275
43.91244 279
43.93255 276
43.95266 278
43.97278 266
43.99289 276
44.013 286
44.03312 301
44.05323 307
44.07335 306
44.09346 298
44.11357 313
44.13369 317
44.1538 325
44.17391 298
44.19403 267
44.21414 289
44.23426 297
44.25437 299
44.27448 313
44.2946 291
44.31471 285
44.33482 289
44.35494 302
44.37505 257
44.39516 284
44.41528 294
44.43539 287
44.45551 292
44.47562 290
44.49573 295
44.51585 291
44.53596 322
44.55607 282
44.57619 285
44.5963 300
44.61642 269
44.63653 250
44.65664 309
44.67676 276
44.69687 267
44.71698 324
44.7371 266
44.75721 276
44.77732 281
44.79744 267
44.81755 269
44.83767 277
44.85778 263
44.87789 285
44.89801 306
44.91812 278
44.93823 294
44.95835 287
44.97846 287
44.99858 338
45.01869 323
45.0388 295
45.05892 294
45.07903 323
45.09914 278
45.11926 277
45.13937 289
45.15949 292
45.1796 318
45.19971 312
45.21983 339
45.23994 269
45.26005 324
45.28017 356
45.30028 341
45.32039 353
45.34051 390
45.36062 360
45.38074 346
45.40085 381
45.42096 367
45.44108 380
45.46119 384
45.4813 381
45.50142 422
45.52153 420
45.54165 430
45.56176 461
45.58187 476
45.60199 507
45.6221 545
45.64221 534
45.66233 622
45.68244 650
45.70256 741
45.72267 778
45.74278 795
45.7629 757
45.78301 702
45.80312 663
45.82324 597
45.84335 561
45.86346 492
45.88358 467
45.90369 466
45.92381 427
45.94392 337
45.96403 341
45.98415 331
46.00426 287
46.02437 313
46.04449 310
46.0646 287
46.08472 313
46.10483 300
46.12494 303
46.14506 321
46.16517 324
46.18528 319
46.2054 331
46.22551 277
46.24563 302
46.26574 293
46.28585 290
46.30597 340
46.32608 309
46.34619 284
46.36631 263
46.38642 327
46.40653 322
46.42665 290
46.44676 269
46.46688 285
46.48699 291
46.5071 274
46.52722 267
46.54733 283
46.56744 284
46.58756 284
46.60767 302
46.62779 305
46.6479 263
46.66801 270
46.68813 253
46.70824 278
46.72835 299
46.74847 245
46.76858 302
46.78869 288
46.80881 302
46.82892 288
46.84904 289
46.86915 279
46.88926 277
46.90938 314
46.92949 249
46.9496 304
46.96972 290
46.98983 261
47.00995 288
47.03006 259
47.05017 306
47.07029 321
47.0904 276
47.11051 285
47.13063 292
47.15074 304
47.17086 311
47.19097 260
47.21108 299
47.2312 265
47.25131 253
47.27142 301
47.29154 305
47.31165 308
47.33176 302
47.35188 283
47.37199 282
47.39211 296
47.41222 272
47.43233 296
47.45245 262
47.47256 276
47.49267 245
47.51279 296
47.5329 307
47.55302 275
47.57313 239
47.59324 294
47.61336 238
47.63347 291
47.65358 262
47.6737 266
47.69381 276
47.71393 258
47.73404 267
47.75415 307
47.77427 284
47.79438 292
47.81449 299
47.83461 268
47.85472 274
47.87483 291
47.89495 265
47.91506 282
47.93518 279
47.95529 284
47.9754 269
47.99552 313
48.01563 247
48.03574 262
48.05586 292
48.07597 267
48.09609 276
48.1162 255
48.13631 287
48.15643 266
48.17654 241
48.19665 259
48.21677 276
48.23688 247
48.257 291
48.27711 247
48.29722 266
48.31734 264
48.33745 267
48.35756 260
48.37768 278
48.39779 272
48.4179 314
48.43802 280
48.45813 304
48.47825 301
48.49836 272
48.51847 285
48.53859 267
48.5587 306
48.57881 261
48.59893 269
48.61904 290
48.63916 269
48.65927 290
48.67938 267
48.6995 246
48.71961 276
48.73972 289
48.75984 307
48.77995 324
48.80006 270
48.82018 302
48.84029 290
48.86041 310
48.88052 293
48.90063 289
48.92075 262
48.94086 331
48.96097 287
48.98109 270
49.0012 277
49.02132 252
49.04143 265
49.06154 280
49.08166 268
49.10177 297
49.12188 258
49.142 323
49.16211 272
49.18223 288
49.20234 264
49.22245 286
49.24257 275
49.26268 291
49.28279 278
49.30291 313
49.32302 271
49.34313 295
49.36325 308
49.38336 298
49.40348 298
49.42359 294
49.4437 273
49.46382 299
49.48393 269
49.50404 253
49.52416 302
49.54427 310
49.56439 307
49.5845 307
49.60461 310
49.62473 332
49.64484 323
49.66495 350
49.68507 320
49.70518 357
49.7253 329
49.74541 394
49.76552 370
49.78564 401
49.80575 437
49.82586 446
49.84598 500
49.86609 541
49.8862 616
49.90632 662
49.92643 756
49.94655 901
49.96666 998
49.98677 1179
50.00689 1342
50.027 1593
50.04711 1751
50.06723 1856
50.08734 2005
50.10746 1819
50.12757 1585
50.14768 1428
50.1678 1255
50.18791 1198
50.20802 1142
50.22814 1037
50.24825 930
50.26837 776
50.28848 598
50.30859 501
50.32871 437
50.34882 423
50.36893 383
50.38905 357
50.40916 360
50.42927 390
50.44939 387
50.4695 402
50.48962 396
50.50973 421
50.52984 385
50.54996 417
50.57007 380
50.59018 375
50.6103 379
50.63041 346
50.65053 315
50.67064 359
50.69075 307
50.71087 309
50.73098 336
50.75109 306
50.77121 336
50.79132 314
50.81143 309
50.83155 300
50.85166 293
50.87178 274
50.89189 307
50.912 279
50.93212 311
50.95223 289
50.97234 256
50.99246 264
51.01257 303
51.03269 285
51.0528 294
51.07291 264
51.09303 264
51.11314 261
51.13325 260
51.15337 277
51.17348 279
51.1936 271
51.21371 244
51.23382 264
51.25394 210
51.27405 288
51.29416 268
51.31428 256
51.33439 240
51.3545 249
51.37462 247
51.39473 264
51.41485 221
51.43496 268
51.45507 273
51.47519 231
51.4953 248
51.51541 274
51.53553 254
51.55564 282
51.57576 235
51.59587 228
51.61598 255
51.6361 277
51.65621 238
51.67632 259
51.69644 248
51.71655 254
51.73667 273
51.75678 235
51.77689 239
51.79701 293
51.81712 256
51.83723 229
51.85735 257
51.87746 218
51.89757 256
51.91769 260
51.9378 284
51.95792 262
51.97803 263
51.99814 274
52.01826 261
52.03837 243
52.05848 261
52.0786 265
52.09871 278
52.11883 280
52.13894 285
52.15905 259
52.17917 248
52.19928 229
52.21939 250
52.23951 274
52.25962 273
52.27974 285
52.29985 259
52.31996 278
52.34008 253
52.36019 254
52.3803 272
52.40042 249
52.42053 252
52.44064 268
52.46076 279
52.48087 268
52.50099 253
52.5211 267
52.54121 222
52.56133 242
52.58144 246
52.60155 261
52.62167 247
52.64178 269
52.6619 276
52.68201 261
52.70212 245
52.72224 283
52.74235 288
52.76246 251
52.78258 265
52.80269 241
52.8228 241
52.84292 265
52.86303 261
52.88315 245
52.90326 233
52.92337 263
52.94349 268
52.9636 269
52.98371 255
53.00383 240
53.02394 246
53.04406 260
53.06417 271
53.08428 250
53.1044 290
53.12451 276
53.14462 214
53.16474 256
53.18485 250
53.20497 254
53.22508 268
53.24519 259
53.26531 265
53.28542 244
53.30553 266
53.32565 260
53.34576 261
53.36587 272
53.38599 266
53.4061 286
53.42622 270
53.44633 303
53.46644 288
53.48656 265
53.50667 275
53.52678 282
53.5469 267
53.56701 275
53.58713 288
53.60724 283
53.62735 300
53.64747 303
53.66758 324
53.68769 258
53.70781 319
53.72792 314
53.74804 275
53.76815 342
53.78826 292
53.80838 302
53.82849 312
53.8486 312
53.86872 320
53.88883 308
53.90894 304
53.92906 309
53.94917 314
53.96929 314
53.9894 313
54.00951 316
54.02963 352
54.04974 331
54.06985 304
54.08997 353
54.11008 324
54.1302 369
54.15031 354
54.17042 329
54.19054 340
54.21065 355
54.23076 335
54.25088 350
54.27099 388
54.29111 344
54.31122 380
54.33133 380
54.35145 388
54.37156 348
54.39167 384
54.41179 398
54.4319 393
54.45201 363
54.47213 341
54.49224 353
54.51236 378
54.53247 414
54.55258 386
54.5727 411
54.59281 406
54.61292 408
54.63304 468
54.65315 486
54.67327 463
54.69338 560
54.71349 590
54.73361 666
54.75372 708
54.77383 762
54.79395 729
54.81406 809
54.83417 782
54.85429 697
54.8744 652
54.89452 676
54.91463 559
54.93474 588
54.95486 572
54.97497 549
54.99508 526
55.0152 494
55.03531 452
55.05543 435
55.07554 446
55.09565 447
55.11577 425
55.13588 459
55.15599 457
55.17611 445
55.19622 478
55.21634 512
55.23645 517
55.25656 571
55.27668 515
55.29679 537
55.3169 525
55.33702 484
55.35713 476
55.37724 439
55.39736 455
55.41747 409
55.43759 422
55.4577 405
55.47781 409
55.49793 405
55.51804 344
55.53815 332
55.55827 356
55.57838 326
55.5985 359
55.61861 360
55.63872 342
55.65884 357
55.67895 334
55.69906 343
55.71918 338
55.73929 318
55.75941 338
55.77952 333
55.79963 333
55.81975 314
55.83986 334
55.85997 301
55.88009 291
55.9002 313
55.92031 297
55.94043 305
55.96054 313
55.98066 314
56.00077 303
56.02088 321
56.041 308
56.06111 312
56.08122 296
56.10134 292
56.12145 309
56.14157 324
56.16168 300
56.18179 274
56.20191 305
56.22202 295
56.24213 295
56.26225 269
56.28236 263
56.30248 280
56.32259 284
56.3427 293
56.36282 285
56.38293 288
56.40304 262
56.42316 290
56.44327 257
56.46338 285
56.4835 296
56.50361 274
56.52373 320
56.54384 273
56.56395 291
56.58407 289
56.60418 287
56.62429 292
56.64441 293
56.66452 300
56.68464 289
56.70475 325
56.72486 335
56.74498 283
56.76509 280
56.7852 308
56.80532 301
56.82543 308
56.84554 276
56.86566 256
56.88577 263
56.90589 269
56.926 271
56.94611 296
56.96623 277
56.98634 309
57.00645 290
57.02657 294
57.04668 265
57.0668 282
57.08691 296
57.10702 293
57.12714 289
57.14725 289
57.16736 281
57.18748 309
57.20759 319
57.22771 305
57.24782 288
57.26793 292
57.28805 259
57.30816 294
57.32827 246
57.34839 295
57.3685 276
57.38861 277
57.40873 286
57.42884 260
57.44896 280
57.46907 278
57.48918 279
57.5093 255
57.52941 263
57.54952 273
57.56964 255
57.58975 223
57.60987 259
57.62998 273
57.65009 267
57.67021 260
57.69032 265
57.71043 251
57.73055 267
57.75066 252
57.77078 236
57.79089 233
57.811 270
57.83112 241
57.85123 263
57.87134 275
57.89146 265
57.91157 267
57.93168 245
57.9518 261
57.97191 274
57.99203 254
58.01214 265
58.03225 274
58.05237 292
58.07248 279
58.09259 291
58.11271 251
58.13282 245
58.15294 264
58.17305 264
58.19316 269
58.21328 242
58.23339 271
58.2535 260
58.27362 271
58.29373 236
58.31385 260
58.33396 281
58.35407 293
58.37419 257
58.3943 272
58.41441 225
58.43453 270
58.45464 256
58.47475 270
58.49487 272
58.51498 271
58.5351 270
58.55521 278
58.57532 276
58.59544 255
58.61555 265
58.63566 264
58.65578 287
58.67589 239
58.69601 275
58.71612 270
58.73623 259
58.75635 262
58.77646 259
58.79657 258
58.81669 260
58.8368 247
58.85691 275
58.87703 278
58.89714 244
58.91726 279
58.93737 265
58.95748 269
58.9776 257
58.99771 248
59.01782 265
59.03794 241
59.05805 262
59.07817 284
59.09828 275
59.11839 249
59.13851 294
59.15862 260
59.17873 279
59.19885 295
59.21896 298
59.23908 256
59.25919 283
59.2793 277
59.29942 301
59.31953 273
59.33964 263
59.35976 307
59.37987 285
59.39998 279
59.4201 297
59.44021 299
59.46033 305
59.48044 319
59.50055 328
59.52067 347
59.54078 366
59.56089 336
59.58101 380
59.60112 386
59.62124 417
59.64135 420
59.66146 411
59.68158 434
59.70169 517
59.7218 543
59.74192 570
59.76203 699
59.78215 788
59.80226 863
59.82237 1069
59.84249 1152
59.8626 1258
59.88271 1272
59.90283 1338
59.92294 1254
59.94305 1124
59.96317 977
59.98328 825
60.0034 844
60.02351 804
60.04362 787
60.06374 762
60.08385 760
60.10396 628
60.12408 583
60.14419 495
60.16431 420
60.18442 421
60.20453 322
60.22465 352
60.24476 328
60.26487 326
60.28499 324
60.3051 325
60.32522 322
60.34533 307
60.36544 332
60.38556 350
60.40567 333
60.42578 288
60.4459 305
60.46601 292
60.48612 300
60.50624 307
60.52635 312
60.54647 296
60.56658 284
60.58669 286
60.60681 311
60.62692 293
60.64703 270
60.66715 321
60.68726 301
60.70738 270
60.72749 292
60.7476 289
60.76772 289
60.78783 286
60.80794 281
60.82806 276
60.84817 294
60.86828 230
60.8884 275
60.90851 278
60.92863 279
60.94874 276
60.96885 266
60.98897 288
61.00908 269
61.02919 286
61.04931 290
61.06942 298
61.08954 307
61.10965 289
61.12976 281
61.14988 274
61.16999 286
61.1901 301
61.21022 282
61.23033 283
61.25045 262
61.27056 295
61.29067 263
61.31079 305
61.3309 277
61.35101 295
61.37113 312
61.39124 289
61.41135 310
61.43147 283
61.45158 309
61.4717 270
61.49181 287
61.51192 303
61.53204 305
61.55215 321
61.57226 293
61.59238 324
61.61249 277
61.63261 268
61.65272 299
61.67283 268
61.69295 276
61.71306 319
61.73317 328
61.75329 300
61.7734 316
61.79352 309
61.81363 300
61.83374 309
61.85386 285
61.87397 330
61.89408 350
61.9142 326
61.93431 325
61.95442 318
61.97454 347
61.99465 295
62.01477 314
62.03488 347
62.05499 321
62.07511 339
62.09522 342
62.11533 379
62.13545 420
62.15556 374
62.17568 377
62.19579 395
62.2159 390
62.23602 374
62.25613 368
62.27624 397
62.29636 412
62.31647 402
62.33659 398
62.3567 354
62.37681 343
62.39693 354
62.41704 321
62.43715 341
62.45727 366
62.47738 306
62.49749 331
62.51761 326
62.53772 342
62.55784 327
62.57795 349
62.59806 304
62.61818 333
62.63829 317
62.6584 293
62.67852 288
62.69863 317
62.71875 290
62.73886 293
62.75897 327
62.77909 310
62.7992 329
62.81931 269
62.83943 312
62.85954 286
62.87965 274
62.89977 309
62.91988 304
62.94 292
62.96011 321
62.98022 299
63.00034 299
63.02045 309
63.04056 295
63.06068 325
63.08079 280
63.10091 320
63.12102 256
63.14113 299
63.16125 311
63.18136 290
63.20147 261
63.22159 283
63.2417 277
63.26182 278
63.28193 283
63.30204 295
63.32216 267
63.34227 266
63.36238 282
63.3825 249
63.40261 271
63.42272 297
63.44284 274
63.46295 285
63.48307 257
63.50318 272
63.52329 253
63.54341 263
63.56352 267
63.58363 285
63.60375 295
63.62386 275
63.64398 306
63.66409 296
63.6842 300
63.70432 313
63.72443 333
63.74454 329
63.76466 368
63.78477 357
63.80489 344
63.825 390
63.84511 377
63.86523 398
63.88534 440
63.90545 416
63.92557 423
63.94568 458
63.96579 470
63.98591 484
64.00602 459
64.02614 415
64.04625 400
64.06636 385
64.08648 347
64.10659 396
64.1267 397
64.14682 368
64.16693 334
64.18705 348
64.20716 298
64.22727 292
64.24739 287
64.2675 279
64.28761 274
64.30773 247
64.32784 265
64.34796 265
64.36807 269
64.38818 278
64.4083 271
64.42841 249
64.44852 280
64.46864 249
64.48875 248
64.50886 244
64.52898 272
64.54909 239
64.56921 251
64.58932 262
64.60943 253
64.62955 242
64.64966 254
64.66977 239
64.68989 241
64.71 251
64.73012 243
64.75023 257
64.77034 272
64.79046 270
64.81057 224
64.83068 277
64.8508 283
64.87091 242
64.89102 238
64.91114 281
64.93125 253
64.95137 269
64.97148 273
64.99159 253
65.01171 233
65.03182 263
65.05193 275
65.07205 245
65.09216 273
65.11228 268
65.13239 254
65.1525 298
65.17262 268
65.19273 265
65.21284 240
65.23296 264
65.25307 269
65.27319 269
65.2933 243
65.31341 258
65.33353 234
65.35364 250
65.37375 255
65.39387 241
65.41398 259
65.43409 265
65.45421 260
65.47432 259
65.49444 248
65.51455 279
65.53466 240
65.55478 252
65.57489 235
65.595 272
65.61512 263
65.63523 262
65.65535 295
65.67546 284
65.69557 260
65.71569 281
65.7358 241
65.75591 279
65.77603 278
65.79614 275
65.81626 257
65.83637 280
65.85648 287
65.8766 261
65.89671 260
65.91682 287
65.93694 302
65.95705 261
65.97716 284
65.99728 237
66.01739 252
66.03751 243
66.05762 246
66.07773 249
66.09785 250
66.11796 251
66.13807 248
66.15819 247
66.1783 283
66.19842 262
66.21853 261
66.23864 308
66.25876 270
66.27887 256
66.29898 246
66.3191 288
66.33921 276
66.35933 239
66.37944 230
66.39955 264
66.41967 248
66.43978 266
66.45989 226
66.48001 233
66.50012 256
66.52023 264
66.54035 266
66.56046 232
66.58058 266
66.60069 257
66.6208 250
66.64092 238
66.66103 265
66.68114 266
66.70126 265
66.72137 249
66.74149 247
66.7616 228
66.78171 263
66.80183 255
66.82194 247
66.84205 282
66.86217 258
66.88228 250
66.90239 251
66.92251 266
66.94262 285
66.96274 305
66.98285 239
67.00296 255
67.02308 257
67.04319 270
67.0633 293
67.08342 281
67.10353 283
67.12365 266
67.14376 250
67.16387 292
67.18399 304
67.2041 279
67.22421 265
67.24433 288
67.26444 273
67.28456 301
67.30467 284
67.32478 277
67.3449 298
67.36501 297
67.38512 350
67.40524 322
67.42535 345
67.44546 392
67.46558 377
67.48569 393
67.50581 429
67.52592 477
67.54603 531
67.56615 581
67.58626 679
67.60637 670
67.62649 796
67.6466 839
67.66672 864
67.68683 827
67.70694 744
67.72706 738
67.74717 675
67.76728 634
67.7874 615
67.80751 653
67.82763 646
67.84774 678
67.86785 714
67.88797 730
67.90808 681
67.92819 694
67.94831 779
67.96842 748
67.98853 809
68.00865 882
68.02876 913
68.04888 1027
68.06899 1090
68.0891 1071
68.10922 1034
68.12933 1017
68.14944 1009
68.16956 890
68.18967 953
68.20979 928
68.2299 1055
68.25001 1075
68.27013 1000
68.29024 843
68.31035 783
68.33047 679
68.35058 591
68.3707 560
68.39081 544
68.41092 487
68.43104 508
68.45115 476
68.47126 427
68.49138 417
68.51149 351
68.5316 333
68.55172 283
68.57183 298
68.59195 294
68.61206 278
68.63217 302
68.65229 298
68.6724 273
68.69251 289
68.71263 277
68.73274 293
68.75286 256
68.77297 240
68.79308 268
68.8132 279
68.83331 246
68.85342 245
68.87354 252
68.89365 255
68.91376 273
68.93388 278
68.95399 255
68.97411 268
68.99422 275
69.01433 272
69.03445 247
69.05456 224
69.07467 236
69.09479 249
69.1149 235
69.13502 261
69.15513 254
69.17524 284
69.19536 262
69.21547 246
69.23558 245
69.2557 245
69.27581 228
69.29593 232
69.31604 229
69.33615 263
69.35627 237
69.37638 262
69.39649 265
69.41661 270
69.43672 241
69.45683 213
69.47695 218
69.49706 233
69.51718 250
69.53729 234
69.5574 254
69.57752 224
69.59763 267
69.61774 237
69.63786 240
69.65797 241
69.67809 246
69.6982 258
69.71831 252
69.73843 250
69.75854 271
69.77865 223
69.79877 236
69.81888 225
69.839 228
69.85911 234
69.87922 234
69.89934 255
69.91945 264
69.93956 266
69.95968 240
69.97979 249
69.9999 238
70.02002 256
70.04013 243
70.06025 242
70.08036 246
70.10047 232
70.12059 244
70.1407 256
70.16081 234
70.18093 253
70.20104 227
70.22116 239
70.24127 245
70.26138 229
70.2815 235
70.30161 251
70.32172 266
70.34184 265
70.36195 253
70.38207 243
70.40218 224
70.42229 246
70.44241 220
70.46252 222
70.48263 266
70.50275 251
70.52286 243
70.54297 246
70.56309 244
70.5832 215
70.60332 253
70.62343 255
70.64354 242
70.66366 208
70.68377 237
70.70388 222
70.724 255
70.74411 225
70.76423 216
70.78434 234
70.80445 230
70.82457 259
70.84468 210
70.86479 252
70.88491 206
70.90502 220
70.92513 231
70.94525 237
70.96536 224
70.98548 237
71.00559 224
71.0257 249
71.04582 253
71.06593 256
71.08604 231
71.10616 240
71.12627 217
71.14639 267
71.1665 227
71.18661 230
71.20673 252
71.22684 244
71.24695 227
71.26707 233
71.28718 265
71.3073 256
71.32741 232
71.34752 231
71.36764 257
71.38775 236
71.40786 252
71.42798 220
71.44809 247
71.4682 232
71.48832 270
71.50843 247
71.52855 256
71.54866 246
71.56877 245
71.58889 237
71.609 239
71.62911 236
71.64923 242
71.66934 270
71.68946 225
71.70957 245
71.72968 253
71.7498 237
71.76991 244
71.79002 267
71.81014 227
71.83025 235
71.85037 238
71.87048 256
71.89059 260
71.91071 253
71.93082 238
71.95093 259
71.97105 254
71.99116 264
72.01127 280
72.03139 247
72.0515 262
72.07162 241
72.09173 250
72.11184 282
72.13196 246
72.15207 270
72.17218 255
72.1923 231
72.21241 262
72.23253 260
72.25264 251
72.27275 269
72.29287 256
72.31298 231
72.33309 238
72.35321 264
72.37332 255
72.39344 242
72.41355 230
72.43366 268
72.45378 250
72.47389 244
72.494 271
72.51412 247
72.53423 218
72.55434 270
72.57446 275
72.59457 275
72.61469 237
72.6348 241
72.65491 237
72.67503 258
72.69514 249
72.71525 253
72.73537 275
72.75548 247
72.7756 260
72.79571 253
72.81582 252
72.83594 280
72.85605 250
72.87616 264
72.89628 228
72.91639 262
72.9365 233
72.95662 256
72.97673 281
72.99685 240
73.01696 251
73.03707 241
73.05719 276
73.0773 279
73.09741 279
73.11753 293
73.13764 268
73.15776 267
73.17787 276
73.19798 299
73.2181 313
73.23821 343
73.25832 364
73.27844 387
73.29855 353
73.31867 399
73.33878 458
73.35889 421
73.37901 451
73.39912 499
73.41923 439
73.43935 438
73.45946 431
73.47957 374
73.49969 333
73.5198 332
73.53992 355
73.56003 360
73.58014 350
73.60026 348
73.62037 346
73.64048 356
73.6606 320
73.68071 294
73.70083 277
73.72094 279
73.74105 252
73.76117 262
73.78128 239
73.80139 280
73.82151 268
73.84162 214
73.86174 239
73.88185 280
73.90196 234
73.92208 218
73.94219 262
73.9623 266
73.98242 252
74.00253 223
74.02264 246
74.04276 233
74.06287 221
74.08299 264
74.1031 241
74.12321 244
74.14333 254
74.16344 228
74.18355 247
74.20367 229
74.22378 245
74.2439 229
74.26401 246
74.28412 249
74.30424 242
74.32435 259
74.34446 230
74.36458 252
74.38469 250
74.40481 251
74.42492 229
74.44503 243
74.46515 233
74.48526 223
74.50537 255
74.52549 246
74.5456 252
74.56571 273
74.58583 262
74.60594 237
74.62606 231
74.64617 243
74.66628 264
74.6864 245
74.70651 212
74.72662 241
74.74674 234
74.76685 261
74.78697 236
74.80708 245
74.82719 252
74.84731 250
74.86742 255
74.88753 224
74.90765 242
74.92776 245
74.94787 245
74.96799 251
74.9881 220
75.00822 255
