3.00117 19518
3.02128 19111
3.0414 18572
3.06151 18010
3.08162 17870
3.10174 16917
3.12185 16830
3.14197 16079
3.16208 15735
3.18219 15255
3.20231 14514
3.22242 14514
3.24253 14156
3.26265 13418
3.28276 13226
3.30288 12658
3.32299 12575
3.3431 11874
3.36322 11293
3.38333 11299
3.40344 10483
3.42356 10289
3.44367 10180
3.46379 9811
3.4839 9583
3.50401 8818
3.52413 8769
3.54424 8513
3.56435 7956
3.58447 7674
3.60458 7505
3.62469 7388
3.64481 7024
3.66492 6616
3.68504 6525
3.70515 6293
3.72526 6068
3.74538 5758
3.76549 5396
3.7856 5210
3.80572 4888
3.82583 4780
3.84595 4635
3.86606 4439
3.88617 4288
3.90629 3968
3.9264 3920
3.94651 3763
3.96663 3469
3.98674 3412
4.00686 3250
4.02697 3150
4.04708 3011
4.0672 2691
4.08731 2652
4.10742 2532
4.12754 2488
4.14765 2403
4.16776 2109
4.18788 2156
4.20799 1962
4.22811 2015
4.24822 1939
4.26833 1774
4.28845 1809
4.30856 1673
4.32867 1722
4.34879 1719
4.3689 1528
4.38902 1538
4.40913 1462
4.42924 1350
4.44936 1434
4.46947 1306
4.48958 1246
4.5097 1198
4.52981 1261
4.54992 1285
4.57004 1194
4.59015 1108
4.61027 1162
4.63038 1114
4.65049 1162
4.67061 1000
4.69072 992
4.71083 994
4.73095 980
4.75106 966
4.77118 920
4.79129 880
4.8114 869
4.83152 883
4.85163 812
4.87174 752
4.89186 728
4.91197 793
4.93209 729
4.9522 679
4.97231 696
4.99243 682
5.01254 708
5.03265 674
5.05277 686
5.07288 593
5.09299 617
5.11311 597
5.13322 608
5.15334 585
5.17345 555
5.19356 502
5.21368 587
5.23379 535
5.2539 476
5.27402 491
5.29413 464
5.31425 467
5.33436 428
5.35447 465
5.37459 459
5.3947 429
5.41481 446
5.43493 449
5.45504 366
5.47516 380
5.49527 374
5.51538 389
5.5355 373
5.55561 322
5.57572 384
5.59584 328
5.61595 359
5.63606 343
5.65618 296
5.67629 338
5.69641 314
5.71652 319
5.73663 332
5.75675 287
5.77686 294
5.79697 282
5.81709 256
5.8372 278
5.85732 254
5.87743 272
5.89754 282
5.91766 260
5.93777 293
5.95788 228
5.978 247
5.99811 228
6.01823 253
6.03834 264
6.05845 225
6.07857 246
6.09868 234
6.11879 243
6.13891 222
6.15902 248
6.17913 249
6.19925 248
6.21936 224
6.23948 186
6.25959 231
6.2797 251
6.29982 222
6.31993 224
6.34004 219
6.36016 228
6.38027 228
6.40039 241
6.4205 227
6.44061 229
6.46073 204
6.48084 196
6.50095 209
6.52107 222
6.54118 191
6.56129 190
6.58141 186
6.60152 207
6.62164 176
6.64175 188
6.66186 191
6.68198 209
6.70209 190
6.7222 221
6.74232 193
6.76243 197
6.78255 196
6.80266 189
6.82277 181
6.84289 164
6.863 212
6.88311 196
6.90323 197
6.92334 207
6.94346 205
6.96357 207
6.98368 201
7.0038 207
7.02391 226
7.04402 221
7.06414 189
7.08425 226
7.10436 217
7.12448 208
7.14459 186
7.16471 230
7.18482 232
7.20493 229
7.22505 226
7.24516 223
7.26527 215
7.28539 188
7.3055 194
7.32562 169
7.34573 177
7.36584 253
7.38596 217
7.40607 205
7.42618 211
7.4463 184
7.46641 204
7.48653 201
7.50664 206
7.52675 214
7.54687 221
7.56698 205
7.58709 210
7.60721 215
7.62732 186
7.64743 234
7.66755 247
7.68766 215
7.70778 197
7.72789 210
7.748 217
7.76812 195
7.78823 208
7.80834 224
7.82846 208
7.84857 206
7.86869 234
7.8888 197
7.90891 195
7.92903 213
7.94914 215
7.96925 196
7.98937 233
8.00948 212
8.0296 201
8.04971 225
8.06982 239
8.08994 209
8.11005 228
8.13016 225
8.15028 233
8.17039 247
8.1905 203
8.21062 226
8.23073 222
8.25085 229
8.27096 240
8.29107 235
8.31119 231
8.3313 247
8.35141 221
8.37153 261
8.39164 206
8.41176 182
8.43187 218
8.45198 226
8.4721 217
8.49221 216
8.51232 219
8.53244 232
8.55255 226
8.57266 221
8.59278 220
8.61289 206
8.63301 234
8.65312 244
8.67323 222
8.69335 247
8.71346 272
8.73357 257
8.75369 248
8.7738 238
8.79392 215
8.81403 220
8.83414 267
8.85426 234
8.87437 263
8.89448 263
8.9146 245
8.93471 242
8.95483 223
8.97494 267
8.99505 243
9.01517 238
9.03528 240
9.05539 204
9.07551 232
9.09562 232
9.11573 237
9.13585 236
9.15596 235
9.17608 229
9.19619 232
9.2163 240
9.23642 242
9.25653 220
9.27664 237
9.29676 227
9.31687 250
9.33699 225
9.3571 236
9.37721 235
9.39733 211
9.41744 236
9.43755 215
9.45767 258
9.47778 238
9.4979 241
9.51801 225
9.53812 247
9.55824 210
9.57835 209
9.59846 222
9.61858 244
9.63869 253
9.6588 243
9.67892 249
9.69903 239
9.71915 205
9.73926 267
9.75937 251
9.77949 209
9.7996 218
9.81971 253
9.83983 246
9.85994 231
9.88006 257
9.90017 222
9.92028 246
9.9404 250
9.96051 246
9.98062 250
10.00074 254
10.02085 221
10.04097 222
10.06108 253
10.08119 277
10.10131 246
10.12142 246
10.14153 270
10.16165 228
10.18176 233
10.20187 280
10.22199 245
10.2421 216
10.26222 217
10.28233 257
10.30244 273
10.32256 240
10.34267 258
10.36278 237
10.3829 253
10.40301 247
10.42313 233
10.44324 253
10.46335 267
10.48347 250
10.50358 295
10.52369 246
10.54381 219
10.56392 216
10.58403 225
10.60415 250
10.62426 256
10.64438 261
10.66449 231
10.6846 236
10.70472 217
10.72483 258
10.74494 213
10.76506 256
10.78517 246
10.80529 229
10.8254 244
10.84551 251
10.86563 256
10.88574 255
10.90585 247
10.92597 252
10.94608 247
10.9662 215
10.98631 215
11.00642 211
11.02654 258
11.04665 212
11.06676 256
11.08688 255
11.10699 238
11.1271 231
11.14722 218
11.16733 238
11.18745 228
11.20756 236
11.22767 262
11.24779 244
11.2679 233
11.28801 223
11.30813 212
11.32824 244
11.34836 233
11.36847 245
11.38858 231
11.4087 228
11.42881 248
11.44892 237
11.46904 252
11.48915 240
11.50927 249
11.52938 258
11.54949 254
11.56961 252
11.58972 226
11.60983 242
11.62995 258
11.65006 245
11.67017 267
11.69029 260
11.7104 205
11.73052 252
11.75063 250
11.77074 227
11.79086 237
11.81097 250
11.83108 264
11.8512 260
11.87131 264
11.89143 235
11.91154 248
11.93165 279
11.95177 267
11.97188 280
11.99199 256
12.01211 283
12.03222 279
12.05234 272
12.07245 313
12.09256 325
12.11268 305
12.13279 314
12.1529 304
12.17302 329
12.19313 376
12.21324 381
12.23336 364
12.25347 428
12.27359 465
12.2937 431
12.31381 380
12.33393 406
12.35404 407
12.37415 408
12.39427 399
12.41438 375
12.4345 359
12.45461 326
12.47472 305
12.49484 286
12.51495 281
12.53506 299
12.55518 248
12.57529 260
12.5954 264
12.61552 258
12.63563 240
12.65575 216
12.67586 268
12.69597 237
12.71609 203
12.7362 234
12.75631 265
12.77643 241
12.79654 228
12.81666 224
12.83677 222
12.85688 244
12.877 249
12.89711 246
12.91722 220
12.93734 237
12.95745 270
12.97757 227
12.99768 213
13.01779 220
13.03791 214
13.05802 207
13.07813 248
13.09825 212
13.11836 239
13.13847 213
13.15859 204
13.1787 256
13.19882 252
13.21893 230
13.23904 208
13.25916 219
13.27927 207
13.29938 165
13.3195 229
13.33961 198
13.35973 226
13.37984 207
13.39995 204
13.42007 223
13.44018 192
13.46029 223
13.48041 214
13.50052 212
13.52064 229
13.54075 234
13.56086 235
13.58098 192
13.60109 228
13.6212 228
13.64132 232
13.66143 199
13.68154 227
13.70166 198
13.72177 246
13.74189 215
13.762 231
13.78211 201
13.80223 218
13.82234 226
13.84245 210
13.86257 213
13.88268 236
13.9028 218
13.92291 200
13.94302 215
13.96314 221
13.98325 211
14.00336 206
14.02348 204
14.04359 232
14.06371 190
14.08382 202
14.10393 196
14.12405 235
14.14416 211
14.16427 196
14.18439 243
14.2045 200
14.22461 213
14.24473 225
14.26484 204
14.28496 186
14.30507 222
14.32518 199
14.3453 198
14.36541 176
14.38552 204
14.40564 193
14.42575 193
14.44587 207
14.46598 190
14.48609 203
14.50621 178
14.52632 201
14.54643 183
14.56655 199
14.58666 173
14.60677 199
14.62689 214
14.647 220
14.66712 187
14.68723 195
14.70734 197
14.72746 177
14.74757 217
14.76768 164
14.7878 179
14.80791 165
14.82803 196
14.84814 205
14.86825 180
14.88837 208
14.90848 189
14.92859 192
14.94871 209
14.96882 198
14.98894 225
15.00905 191
15.02916 213
15.04928 212
15.06939 193
15.0895 228
15.10962 195
15.12973 197
15.14984 199
15.16996 207
15.19007 199
15.21019 204
15.2303 191
15.25041 191
15.27053 192
15.29064 182
15.31075 208
15.33087 167
15.35098 168
15.3711 190
15.39121 203
15.41132 188
15.43144 190
15.45155 202
15.47166 178
15.49178 157
15.51189 189
15.53201 174
15.55212 171
15.57223 182
15.59235 195
15.61246 199
15.63257 198
15.65269 194
15.6728 184
15.69291 198
15.71303 207
15.73314 177
15.75326 187
15.77337 184
15.79348 174
15.8136 168
15.83371 145
15.85382 191
15.87394 168
15.89405 195
15.91417 192
15.93428 190
15.95439 189
15.97451 171
15.99462 154
16.01473 181
16.03485 211
16.05496 188
16.07508 202
16.09519 186
16.1153 182
16.13542 211
16.15553 192
16.17564 199
16.19576 195
16.21587 181
16.23598 188
16.2561 198
16.27621 185
16.29633 204
16.31644 197
16.33655 179
16.35667 171
16.37678 177
16.39689 174
16.41701 176
16.43712 197
16.45724 191
16.47735 180
16.49746 172
16.51758 192
16.53769 182
16.5578 185
16.57792 158
16.59803 184
16.61814 161
16.63826 183
16.65837 199
16.67849 188
16.6986 187
16.71871 194
16.73883 171
16.75894 193
16.77905 184
16.79917 199
16.81928 195
16.8394 199
16.85951 185
16.87962 172
16.89974 187
16.91985 175
16.93996 161
16.96008 192
16.98019 171
17.00031 203
17.02042 178
17.04053 175
17.06065 166
17.08076 159
17.10087 181
17.12099 148
17.1411 203
17.16121 177
17.18133 185
17.20144 189
17.22156 168
17.24167 187
17.26178 165
17.2819 182
17.30201 217
17.32212 173
17.34224 206
17.36235 191
17.38247 186
17.40258 198
17.42269 186
17.44281 183
17.46292 176
17.48303 200
17.50315 161
17.52326 214
17.54338 216
17.56349 167
17.5836 201
17.60372 194
17.62383 185
17.64394 207
17.66406 183
17.68417 196
17.70428 214
17.7244 194
17.74451 177
17.76463 202
17.78474 172
17.80485 191
17.82497 196
17.84508 178
17.86519 182
17.88531 216
17.90542 176
17.92554 180
17.94565 173
17.96576 167
17.98588 161
18.00599 189
18.0261 180
18.04622 194
18.06633 163
18.08645 171
18.10656 158
18.12667 162
18.14679 208
18.1669 171
18.18701 193
18.20713 173
18.22724 193
18.24735 178
18.26747 184
18.28758 194
18.3077 168
18.32781 170
18.34792 202
18.36804 184
18.38815 211
18.40826 184
18.42838 166
18.44849 205
18.46861 185
18.48872 190
18.50883 175
18.52895 179
18.54906 188
18.56917 171
18.58929 163
18.6094 186
18.62951 185
18.64963 182
18.66974 199
18.68986 186
18.70997 192
18.73008 158
18.7502 205
18.77031 212
18.79042 200
18.81054 234
18.83065 193
18.85077 150
18.87088 186
18.89099 195
18.91111 190
18.93122 198
18.95133 168
18.97145 167
18.99156 166
19.01168 161
19.03179 205
19.0519 184
19.07202 184
19.09213 177
19.11224 194
19.13236 176
19.15247 183
19.17258 163
19.1927 188
19.21281 196
19.23293 202
19.25304 199
19.27315 194
19.29327 182
19.31338 190
19.33349 198
19.35361 186
19.37372 180
19.39384 159
19.41395 182
19.43406 192
19.45418 204
19.47429 177
19.4944 183
19.51452 171
19.53463 180
19.55475 198
19.57486 189
19.59497 215
19.61509 248
19.6352 220
19.65531 261
19.67543 211
19.69554 223
19.71565 243
19.73577 282
19.75588 271
19.776 298
19.79611 293
19.81622 310
19.83634 319
19.85645 353
19.87656 301
19.89668 284
19.91679 322
19.93691 281
19.95702 313
19.97713 329
19.99725 296
20.01736 297
20.03747 261
20.05759 285
20.0777 302
20.09782 300
20.11793 282
20.13804 312
20.15816 356
20.17827 335
20.19838 352
20.2185 352
20.23861 321
20.25872 338
20.27884 374
20.29895 343
20.31907 342
20.33918 353
20.35929 377
20.37941 356
20.39952 386
20.41963 412
20.43975 459
20.45986 402
20.47998 424
20.50009 410
20.5202 462
20.54032 470
20.56043 519
20.58054 535
20.60066 650
20.62077 777
20.64088 988
20.661 1257
20.68111 1671
20.70123 2323
20.72134 3161
20.74145 4139
20.76157 5464
20.78168 6319
20.80179 6988
20.82191 7209
20.84202 6730
20.86214 5612
20.88225 4158
20.90236 2863
20.92248 1934
20.94259 1224
20.9627 815
20.98282 647
21.00293 554
21.02305 609
21.04316 491
21.06327 447
21.08339 521
21.1035 430
21.12361 405
21.14373 355
21.16384 408
21.18395 419
21.20407 350
21.22418 376
21.2443 326
21.26441 342
21.28452 349
21.30464 361
21.32475 347
21.34486 336
21.36498 337
21.38509 344
21.40521 359
21.42532 319
21.44543 325
21.46555 305
21.48566 314
21.50577 281
21.52589 287
21.546 286
21.56612 288
21.58623 247
21.60634 254
21.62646 303
21.64657 249
21.66668 308
21.6868 292
21.70691 299
21.72702 273
21.74714 240
21.76725 263
21.78737 287
21.80748 259
21.82759 250
21.84771 266
21.86782 242
21.88793 270
21.90805 244
21.92816 294
21.94828 275
21.96839 253
21.9885 268
22.00862 238
22.02873 271
22.04884 233
22.06896 275
22.08907 267
22.10919 239
22.1293 262
22.14941 230
22.16953 262
22.18964 250
22.20975 285
22.22987 211
22.24998 248
22.27009 272
22.29021 240
22.31032 254
22.33044 233
22.35055 274
22.37066 207
22.39078 245
22.41089 239
22.431 248
22.45112 250
22.47123 221
22.49135 252
22.51146 211
22.53157 229
22.55169 247
22.5718 203
22.59191 249
22.61203 249
22.63214 211
22.65225 249
22.67237 235
22.69248 219
22.7126 240
22.73271 228
22.75282 241
22.77294 237
22.79305 243
22.81316 257
22.83328 223
22.85339 243
22.87351 204
22.89362 235
22.91373 228
22.93385 233
22.95396 245
22.97407 223
22.99419 235
23.0143 226
23.03442 220
23.05453 226
23.07464 237
23.09476 230
23.11487 272
23.13498 241
23.1551 261
23.17521 234
23.19532 227
23.21544 233
23.23555 230
23.25567 236
23.27578 211
23.29589 227
23.31601 269
23.33612 226
23.35623 236
23.37635 237
23.39646 242
23.41658 234
23.43669 215
23.4568 231
23.47692 236
23.49703 218
23.51714 220
23.53726 214
23.55737 220
23.57749 237
23.5976 218
23.61771 214
23.63783 245
23.65794 250
23.67805 243
23.69817 245
23.71828 231
23.73839 258
23.75851 255
23.77862 229
23.79874 232
23.81885 265
23.83896 216
23.85908 277
23.87919 279
23.8993 312
23.91942 291
23.93953 305
23.95965 329
23.97976 319
23.99987 303
24.01999 280
24.0401 245
24.06021 250
24.08033 223
24.10044 279
24.12056 201
24.14067 242
24.16078 227
24.1809 249
24.20101 236
24.22112 237
24.24124 231
24.26135 231
24.28146 251
24.30158 260
24.32169 248
24.34181 268
24.36192 226
24.38203 264
24.40215 238
24.42226 252
24.44237 229
24.46249 222
24.4826 241
24.50272 274
24.52283 253
24.54294 241
24.56306 243
24.58317 241
24.60328 268
24.6234 288
24.64351 295
24.66362 297
24.68374 278
24.70385 327
24.72397 283
24.74408 325
24.76419 324
24.78431 355
24.80442 339
24.82453 356
24.84465 372
24.86476 351
24.88488 325
24.90499 367
24.9251 332
24.94522 348
24.96533 313
24.98544 304
25.00556 322
25.02567 257
25.04579 294
25.0659 254
25.08601 288
25.10613 272
25.12624 293
25.14635 277
25.16647 266
25.18658 287
25.20669 295
25.22681 278
25.24692 312
25.26704 297
25.28715 307
25.30726 263
25.32738 266
25.34749 269
25.3676 289
25.38772 251
25.40783 251
25.42795 285
25.44806 281
25.46817 293
25.48829 308
25.5084 297
25.52851 269
25.54863 288
25.56874 324
25.58886 354
25.60897 350
25.62908 385
25.6492 427
25.66931 392
25.68942 385
25.70954 454
25.72965 450
25.74976 406
25.76988 499
25.78999 461
25.81011 421
25.83022 429
25.85033 395
25.87045 394
25.89056 483
25.91067 468
25.93079 483
25.9509 468
25.97102 479
25.99113 485
26.01124 512
26.03136 577
26.05147 546
26.07158 563
26.0917 634
26.11181 629
26.13193 665
26.15204 729
26.17215 811
26.19227 858
26.21238 879
26.23249 1035
26.25261 1069
26.27272 1180
26.29283 1328
26.31295 1509
26.33306 1711
26.35318 2091
26.37329 2640
26.3934 3300
26.41352 4472
26.43363 5882
26.45374 8149
26.47386 11248
26.49397 15285
26.51409 19941
26.5342 24798
26.55431 28514
26.57443 31302
26.59454 32079
26.61465 30545
26.63477 26444
26.65488 20776
26.67499 15287
26.69511 10915
26.71522 7170
26.73534 4266
26.75545 2654
26.77556 1882
26.79568 1547
26.81579 1396
26.8359 1244
26.85602 1100
26.87613 1031
26.89625 990
26.91636 899
26.93647 847
26.95659 740
26.9767 698
26.99681 649
27.01693 599
27.03704 568
27.05716 549
27.07727 500
27.09738 480
27.1175 493
27.13761 440
27.15772 443
27.17784 429
27.19795 429
27.21806 427
27.23818 436
27.25829 452
27.27841 491
27.29852 498
27.31863 457
27.33875 483
27.35886 451
27.37897 461
27.39909 509
27.4192 428
27.43932 468
27.45943 442
27.47954 386
27.49966 428
27.51977 414
27.53988 358
27.56 365
27.58011 295
27.60023 326
27.62034 349
27.64045 332
27.66057 348
27.68068 360
27.70079 311
27.72091 291
27.74102 293
27.76113 344
27.78125 315
27.80136 315
27.82148 320
27.84159 337
27.8617 343
27.88182 289
27.90193 277
27.92204 293
27.94216 306
27.96227 292
27.98239 271
28.0025 245
28.02261 291
28.04273 310
28.06284 292
28.08295 284
28.10307 264
28.12318 257
28.1433 287
28.16341 267
28.18352 269
28.20364 312
28.22375 244
28.24386 269
28.26398 259
28.28409 270
28.3042 280
28.32432 281
28.34443 240
28.36455 264
28.38466 266
28.40477 244
28.42489 257
28.445 252
28.46511 230
28.48523 237
28.50534 253
28.52546 245
28.54557 274
28.56568 229
28.5858 226
28.60591 259
28.62602 260
28.64614 254
28.66625 254
28.68636 245
28.70648 242
28.72659 256
28.74671 254
28.76682 261
28.78693 248
28.80705 255
28.82716 232
28.84727 253
28.86739 246
28.8875 265
28.90762 235
28.92773 231
28.94784 247
28.96796 259
28.98807 252
29.00818 234
29.0283 273
29.04841 255
29.06853 225
29.08864 257
29.10875 244
29.12887 251
29.14898 224
29.16909 263
29.18921 285
29.20932 228
29.22943 220
29.24955 230
29.26966 232
29.28978 250
29.30989 235
29.33 224
29.35012 227
29.37023 239
29.39034 261
29.41046 252
29.43057 254
29.45069 249
29.4708 227
29.49091 269
29.51103 209
29.53114 249
29.55125 232
29.57137 241
29.59148 215
29.6116 208
29.63171 236
29.65182 230
29.67194 244
29.69205 224
29.71216 236
29.73228 218
29.75239 222
29.7725 207
29.79262 200
29.81273 190
29.83285 208
29.85296 229
29.87307 228
29.89319 205
29.9133 220
29.93341 207
29.95353 207
29.97364 233
29.99376 234
30.01387 214
30.03398 252
30.0541 231
30.07421 248
30.09432 256
30.11444 222
30.13455 222
30.15467 266
30.17478 228
30.19489 244
30.21501 228
30.23512 219
30.25523 209
30.27535 202
30.29546 193
30.31557 213
30.33569 243
30.3558 209
30.37592 215
30.39603 228
30.41614 210
30.43626 229
30.45637 214
30.47648 223
30.4966 235
30.51671 210
30.53683 208
30.55694 221
30.57705 213
30.59717 220
30.61728 214
30.63739 195
30.65751 210
30.67762 229
30.69773 239
30.71785 248
30.73796 238
30.75808 223
30.77819 198
30.7983 264
30.81842 259
30.83853 225
30.85864 219
30.87876 197
30.89887 214
30.91899 208
30.9391 223
30.95921 199
30.97933 194
30.99944 214
31.01955 206
31.03967 217
31.05978 205
31.0799 192
31.10001 197
31.12012 200
31.14024 182
31.16035 199
31.18046 210
31.20058 208
31.22069 200
31.2408 198
31.26092 194
31.28103 203
31.30115 193
31.32126 190
31.34137 216
31.36149 192
31.3816 191
31.40171 193
31.42183 201
31.44194 200
31.46206 200
31.48217 182
31.50228 176
31.5224 181
31.54251 231
31.56262 186
31.58274 183
31.60285 175
31.62297 199
31.64308 139
31.66319 196
31.68331 194
31.70342 184
31.72353 213
31.74365 167
31.76376 180
31.78387 185
31.80399 174
31.8241 160
31.84422 202
31.86433 185
31.88444 208
31.90456 192
31.92467 193
31.94478 188
31.9649 197
31.98501 193
32.00513 202
32.02524 211
32.04535 197
32.06547 205
32.08558 207
32.10569 189
32.12581 180
32.14592 199
32.16604 202
32.18615 188
32.20626 229
32.22638 201
32.24649 239
32.2666 208
32.28672 190
32.30683 228
32.32694 208
32.34706 219
32.36717 198
32.38729 188
32.4074 176
32.42751 193
32.44763 219
32.46774 202
32.48785 171
32.50797 208
32.52808 183
32.5482 210
32.56831 187
32.58842 199
32.60854 202
32.62865 194
32.64876 196
32.66888 187
32.68899 195
32.7091 190
32.72922 191
32.74933 194
32.76945 206
32.78956 201
32.80967 197
32.82979 205
32.8499 215
32.87001 176
32.89013 202
32.91024 201
32.93036 198
32.95047 198
32.97058 220
32.9907 207
33.01081 172
33.03092 213
33.05104 190
33.07115 212
33.09127 195
33.11138 189
33.13149 223
33.15161 231
33.17172 209
33.19183 227
33.21195 219
33.23206 219
33.25217 189
33.27229 188
33.2924 187
33.31252 199
33.33263 202
33.35274 193
33.37286 188
33.39297 186
33.41308 211
33.4332 171
33.45331 200
33.47343 177
33.49354 173
33.51365 201
33.53377 189
33.55388 206
33.57399 190
33.59411 189
33.61422 181
33.63434 190
33.65445 212
33.67456 170
33.69468 197
33.71479 155
33.7349 184
33.75502 184
33.77513 194
33.79524 165
33.81536 182
33.83547 181
33.85559 171
33.8757 178
33.89581 184
33.91593 148
33.93604 192
33.95615 163
33.97627 186
33.99638 163
34.0165 167
34.03661 193
34.05672 187
34.07684 168
34.09695 203
34.11706 199
34.13718 205
34.15729 210
34.17741 180
34.19752 178
34.21763 207
34.23775 187
34.25786 191
34.27797 188
34.29809 184
34.3182 180
34.33831 187
34.35843 190
34.37854 209
34.39866 182
34.41877 208
34.43888 204
34.459 179
34.47911 199
34.49922 191
34.51934 178
34.53945 204
34.55957 183
34.57968 215
34.59979 210
34.61991 240
34.64002 218
34.66013 210
34.68025 193
34.70036 190
34.72047 224
34.74059 232
34.7607 219
34.78082 227
34.80093 266
34.82104 239
34.84116 238
34.86127 239
34.88138 272
34.9015 255
34.92161 253
34.94173 257
34.96184 227
34.98195 247
35.00207 255
35.02218 237
35.04229 281
35.06241 221
35.08252 229
35.10264 235
35.12275 243
35.14286 219
35.16298 235
35.18309 244
35.2032 231
35.22332 228
35.24343 245
35.26354 244
35.28366 235
35.30377 225
35.32389 255
35.344 239
35.36411 264
35.38423 249
35.40434 258
35.42445 262
35.44457 262
35.46468 287
35.4848 231
35.50491 273
35.52502 271
35.54514 291
35.56525 218
35.58536 253
35.60548 231
35.62559 272
35.64571 249
35.66582 244
35.68593 253
35.70605 274
35.72616 287
35.74627 250
35.76639 222
35.7865 279
35.80661 267
35.82673 272
35.84684 250
35.86696 232
35.88707 248
35.90718 271
35.9273 229
35.94741 280
35.96752 246
35.98764 265
36.00775 271
36.02787 236
36.04798 257
36.06809 274
36.08821 269
36.10832 265
36.12843 271
36.14855 305
36.16866 298
36.18878 275
36.20889 309
36.229 330
36.24912 381
36.26923 439
36.28934 555
36.30946 616
36.32957 669
36.34968 877
36.3698 1054
36.38991 1296
36.41003 1530
36.43014 1912
36.45025 2053
36.47037 2219
36.49048 2211
36.51059 2180
36.53071 1947
36.55082 1720
36.57094 1410
36.59105 1102
36.61116 975
36.63128 808
36.65139 562
36.6715 438
36.69162 363
36.71173 295
36.73184 306
36.75196 267
36.77207 257
36.79219 265
36.8123 277
36.83241 286
36.85253 258
36.87264 246
36.89275 240
36.91287 254
36.93298 225
36.9531 226
36.97321 256
36.99332 197
37.01344 220
37.03355 226
37.05366 224
37.07378 215
37.09389 208
37.11401 221
37.13412 183
37.15423 196
37.17435 194
37.19446 186
37.21457 188
37.23469 179
37.2548 198
37.27491 211
37.29503 192
37.31514 197
37.33526 181
37.35537 218
37.37548 213
37.3956 208
37.41571 179
37.43582 211
37.45594 204
37.47605 195
37.49617 221
37.51628 186
37.53639 217
37.55651 200
37.57662 210
37.59673 227
37.61685 208
37.63696 212
37.65708 210
37.67719 200
37.6973 217
37.71742 241
37.73753 207
37.75764 212
37.77776 218
37.79787 213
37.81798 218
37.8381 177
37.85821 190
37.87833 215
37.89844 214
37.91855 190
37.93867 216
37.95878 216
37.97889 199
37.99901 215
38.01912 232
38.03924 222
38.05935 211
38.07946 222
38.09958 230
38.11969 243
38.1398 242
38.15992 230
38.18003 227
38.20015 233
38.22026 226
38.24037 233
38.26049 253
38.2806 290
38.30071 270
38.32083 280
38.34094 286
38.36105 273
38.38117 278
38.40128 262
38.4214 260
38.44151 271
38.46162 258
38.48174 270
38.50185 229
38.52196 225
38.54208 243
38.56219 257
38.58231 249
38.60242 221
38.62253 227
38.64265 225
38.66276 190
38.68287 245
38.70299 194
38.7231 220
38.74321 210
38.76333 221
38.78344 234
38.80356 190
38.82367 232
38.84378 238
38.8639 215
38.88401 209
38.90412 242
38.92424 230
38.94435 244
38.96447 256
38.98458 249
39.00469 283
39.02481 261
39.04492 259
39.06503 294
39.08515 304
39.10526 340
39.12538 340
39.14549 370
39.1656 411
39.18572 432
39.20583 451
39.22594 576
39.24606 652
39.26617 768
39.28628 973
39.3064 1156
39.32651 1441
39.34663 1666
39.36674 1930
39.38685 2038
39.40697 2013
39.42708 2019
39.44719 1807
39.46731 1663
39.48742 1361
39.50754 1189
39.52765 926
39.54776 879
39.56788 627
39.58799 502
39.6081 389
39.62822 293
39.64833 251
39.66845 262
39.68856 239
39.70867 236
39.72879 250
39.7489 262
39.76901 250
39.78913 209
39.80924 240
39.82935 214
39.84947 224
39.86958 246
39.8897 251
39.90981 268
39.92992 259
39.95004 288
39.97015 276
39.99026 295
40.01038 333
40.03049 324
40.05061 371
40.07072 450
40.09083 551
40.11095 574
40.13106 683
40.15117 809
40.17129 859
40.1914 1047
40.21152 1097
40.23163 1097
40.25174 1039
40.27186 983
40.29197 847
40.31208 748
40.3322 630
40.35231 560
40.37242 477
40.39254 432
40.41265 344
40.43277 298
40.45288 270
40.47299 226
40.49311 216
40.51322 244
40.53333 203
40.55345 212
40.57356 204
40.59368 221
40.61379 205
40.6339 170
40.65402 186
40.67413 195
40.69424 211
40.71436 208
40.73447 185
40.75458 197
40.7747 207
40.79481 208
40.81493 191
40.83504 198
40.85515 206
40.87527 212
40.89538 181
40.91549 215
40.93561 199
40.95572 195
40.97584 221
40.99595 212
41.01606 215
41.03618 205
41.05629 206
41.0764 188
41.09652 196
41.11663 171
41.13675 189
41.15686 239
41.17697 171
41.19709 210
41.2172 198
41.23731 188
41.25743 206
41.27754 179
41.29765 185
41.31777 178
41.33788 196
41.358 166
41.37811 193
41.39822 200
41.41834 193
41.43845 212
41.45856 186
41.47868 230
41.49879 194
41.51891 177
41.53902 176
41.55913 185
41.57925 202
41.59936 196
41.61947 192
41.63959 223
41.6597 250
41.67982 172
41.69993 192
41.72004 206
41.74016 212
41.76027 217
41.78038 224
41.8005 225
41.82061 236
41.84072 215
41.86084 202
41.88095 187
41.90107 183
41.92118 220
41.94129 242
41.96141 175
41.98152 227
42.00163 207
42.02175 228
42.04186 228
42.06198 239
42.08209 244
42.1022 287
42.12232 265
42.14243 319
42.16254 328
42.18266 361
42.20277 465
42.22289 509
42.243 594
42.26311 748
42.28323 903
42.30334 1013
42.32345 1229
42.34357 1395
42.36368 1433
42.38379 1541
42.40391 1535
42.42402 1346
42.44414 1277
42.46425 1031
42.48436 887
42.50448 843
42.52459 701
42.5447 581
42.56482 457
42.58493 349
42.60505 299
42.62516 238
42.64527 263
42.66539 203
42.6855 229
42.70561 196
42.72573 241
42.74584 197
42.76595 176
42.78607 207
42.80618 210
42.8263 206
42.84641 212
42.86652 202
42.88664 202
42.90675 182
42.92686 190
42.94698 179
42.96709 162
42.98721 197
43.00732 146
43.02743 194
43.04755 179
43.06766 164
43.08777 193
43.10789 158
43.128 191
43.14812 189
43.16823 178
43.18834 188
43.20846 165
43.22857 201
43.24868 156
43.2688 172
43.28891 164
43.30902 181
43.32914 180
43.34925 180
43.36937 170
43.38948 176
43.40959 158
43.42971 166
43.44982 190
43.46993 173
43.49005 153
43.51016 157
43.53028 162
43.55039 181
43.5705 181
43.59062 172
43.61073 167
43.63084 136
43.65096 174
43.67107 164
43.69119 164
43.7113 167
43.73141 165
43.75153 176
43.77164 181
43.79175 166
43.81187 180
43.83198 159
43.85209 181
43.87221 178
43.89232 180
43.91244 169
43.93255 186
43.95266 171
43.97278 157
43.99289 155
44.013 206
44.03312 192
44.05323 193
44.07335 193
44.09346 185
44.11357 162
44.13369 183
44.1538 163
44.17391 182
44.19403 163
44.21414 180
44.23426 185
44.25437 171
44.27448 187
44.2946 181
44.31471 167
44.33482 172
44.35494 161
44.37505 180
44.39516 187
44.41528 140
44.43539 158
44.45551 171
44.47562 170
44.49573 175
44.51585 182
44.53596 178
44.55607 168
44.57619 167
44.5963 166
44.61642 167
44.63653 171
44.65664 163
44.67676 183
44.69687 193
44.71698 160
44.7371 194
44.75721 134
44.77732 149
44.79744 163
44.81755 173
44.83767 179
44.85778 178
44.87789 182
44.89801 189
44.91812 156
44.93823 183
44.95835 188
44.97846 196
44.99858 192
45.01869 185
45.0388 181
45.05892 190
45.07903 158
45.09914 171
45.11926 166
45.13937 193
45.15949 194
45.1796 200
45.19971 197
45.21983 194
45.23994 223
45.26005 203
45.28017 202
45.30028 228
45.32039 217
45.34051 214
45.36062 221
45.38074 233
45.40085 225
45.42096 229
45.44108 230
45.46119 248
45.4813 260
45.50142 285
45.52153 343
45.54165 372
45.56176 375
45.58187 493
45.60199 523
45.6221 614
45.64221 699
45.66233 842
45.68244 961
45.70256 1002
45.72267 1004
45.74278 1002
45.7629 948
45.78301 877
45.80312 831
45.82324 652
45.84335 577
45.86346 489
45.88358 501
45.90369 424
45.92381 313
45.94392 280
45.96403 219
45.98415 225
46.00426 202
46.02437 204
46.04449 189
46.0646 199
46.08472 166
46.10483 190
46.12494 189
46.14506 179
46.16517 179
46.18528 178
46.2054 186
46.22551 178
46.24563 184
46.26574 177
46.28585 165
46.30597 164
46.32608 176
46.34619 167
46.36631 180
46.38642 167
46.40653 163
46.42665 157
46.44676 181
46.46688 163
46.48699 201
46.5071 155
46.52722 151
46.54733 155
46.56744 173
46.58756 169
46.60767 161
46.62779 166
46.6479 155
46.66801 155
46.68813 187
46.70824 164
46.72835 158
46.74847 159
46.76858 150
46.78869 185
46.80881 157
46.82892 149
46.84904 154
46.86915 172
46.88926 165
46.90938 177
46.92949 168
46.9496 174
46.96972 186
46.98983 180
47.00995 166
47.03006 162
47.05017 186
47.07029 154
47.0904 166
47.11051 170
47.13063 180
47.15074 178
47.17086 166
47.19097 187
47.21108 163
47.2312 184
47.25131 166
47.27142 164
47.29154 163
47.31165 147
47.33176 157
47.35188 176
47.37199 160
47.39211 156
47.41222 170
47.43233 166
47.45245 167
47.47256 167
47.49267 176
47.51279 174
47.5329 147
47.55302 178
47.57313 156
47.59324 175
47.61336 163
47.63347 162
47.65358 146
47.6737 145
47.69381 160
47.71393 156
47.73404 161
47.75415 174
47.77427 168
47.79438 181
47.81449 174
47.83461 174
47.85472 166
47.87483 156
47.89495 155
47.91506 181
47.93518 162
47.95529 155
47.9754 174
47.99552 182
48.01563 182
48.03574 178
48.05586 161
48.07597 175
48.09609 172
48.1162 152
48.13631 157
48.15643 173
48.17654 151
48.19665 162
48.21677 185
48.23688 150
48.257 164
48.27711 189
48.29722 161
48.31734 151
48.33745 191
48.35756 176
48.37768 164
48.39779 165
48.4179 182
48.43802 168
48.45813 157
48.47825 162
48.49836 174
48.51847 179
48.53859 185
48.5587 159
48.57881 191
48.59893 200
48.61904 191
48.63916 191
48.65927 158
48.67938 176
48.6995 173
48.71961 170
48.73972 185
48.75984 166
48.77995 176
48.80006 176
48.82018 181
48.84029 177
48.86041 180
48.88052 217
48.90063 178
48.92075 167
48.94086 184
48.96097 185
48.98109 181
49.0012 181
49.02132 176
49.04143 189
49.06154 175
49.08166 171
49.10177 186
49.12188 196
49.142 187
49.16211 177
49.18223 204
49.20234 180
49.22245 189
49.24257 182
49.26268 202
49.28279 178
49.30291 168
49.32302 193
49.34313 176
49.36325 184
49.38336 225
49.40348 177
49.42359 206
49.4437 204
49.46382 212
49.48393 214
49.50404 247
49.52416 210
49.54427 205
49.56439 253
49.5845 241
49.60461 233
49.62473 262
49.64484 279
49.66495 264
49.68507 267
49.70518 331
49.7253 333
49.74541 395
49.76552 391
49.78564 434
49.80575 513
49.82586 526
49.84598 622
49.86609 726
49.8862 867
49.90632 1080
49.92643 1255
49.94655 1500
49.96666 1807
49.98677 2273
50.00689 2730
50.027 3029
50.04711 3248
50.06723 3228
50.08734 3210
50.10746 2946
50.12757 2645
50.14768 2350
50.1678 1960
50.18791 1788
50.20802 1623
50.22814 1472
50.24825 1239
50.26837 951
50.28848 681
50.30859 503
50.32871 398
50.34882 329
50.36893 319
50.38905 302
50.40916 301
50.42927 307
50.44939 314
50.4695 282
50.48962 288
50.50973 266
50.52984 285
50.54996 301
50.57007 281
50.59018 261
50.6103 273
50.63041 270
50.65053 265
50.67064 204
50.69075 254
50.71087 230
50.73098 209
50.75109 201
50.77121 188
50.79132 206
50.81143 192
50.83155 191
50.85166 198
50.87178 204
50.89189 185
50.912 210
50.93212 194
50.95223 183
50.97234 177
50.99246 199
51.01257 195
51.03269 203
51.0528 176
51.07291 164
51.09303 177
51.11314 156
51.13325 157
51.15337 158
51.17348 158
51.1936 187
51.21371 177
51.23382 152
51.25394 166
51.27405 166
51.29416 183
51.31428 158
51.33439 162
51.3545 173
51.37462 152
51.39473 164
51.41485 154
51.43496 170
51.45507 138
51.47519 161
51.4953 191
51.51541 146
51.53553 142
51.55564 165
51.57576 141
51.59587 158
51.61598 172
51.6361 188
51.65621 157
51.67632 181
51.69644 162
51.71655 160
51.73667 161
51.75678 158
51.77689 155
51.79701 151
51.81712 160
51.83723 154
51.85735 148
51.87746 128
51.89757 167
51.91769 166
51.9378 157
51.95792 149
51.97803 146
51.99814 164
52.01826 155
52.03837 149
52.05848 176
52.0786 153
52.09871 143
52.11883 159
52.13894 160
52.15905 164
52.17917 138
52.19928 176
52.21939 155
52.23951 173
52.25962 165
52.27974 171
52.29985 178
52.31996 143
52.34008 144
52.36019 162
52.3803 157
52.40042 168
52.42053 172
52.44064 159
52.46076 157
52.48087 155
52.50099 154
52.5211 152
52.54121 164
52.56133 150
52.58144 157
52.60155 165
52.62167 153
52.64178 165
52.6619 171
52.68201 161
52.70212 149
52.72224 139
52.74235 183
52.76246 149
52.78258 151
52.80269 156
52.8228 185
52.84292 155
52.86303 160
52.88315 163
52.90326 157
52.92337 153
52.94349 164
52.9636 175
52.98371 162
53.00383 172
53.02394 185
53.04406 170
53.06417 179
53.08428 176
53.1044 156
53.12451 187
53.14462 177
53.16474 179
53.18485 160
53.20497 155
53.22508 150
53.24519 159
53.26531 187
53.28542 189
53.30553 167
53.32565 180
53.34576 187
53.36587 184
53.38599 196
53.4061 197
53.42622 203
53.44633 183
53.46644 194
53.48656 188
53.50667 185
53.52678 168
53.5469 173
53.56701 184
53.58713 186
53.60724 178
53.62735 167
53.64747 186
53.66758 171
53.68769 178
53.70781 186
53.72792 197
53.74804 179
53.76815 176
53.78826 195
53.80838 181
53.82849 187
53.8486 181
53.86872 189
53.88883 176
53.90894 188
53.92906 201
53.94917 175
53.96929 202
53.9894 185
54.00951 151
54.02963 202
54.04974 183
54.06985 204
54.08997 196
54.11008 218
54.1302 185
54.15031 192
54.17042 197
54.19054 219
54.21065 200
54.23076 180
54.25088 200
54.27099 222
54.29111 227
54.31122 223
54.33133 216
54.35145 194
54.37156 199
54.39167 218
54.41179 247
54.4319 228
54.45201 233
54.47213 242
54.49224 234
54.51236 253
54.53247 259
54.55258 273
54.5727 294
54.59281 351
54.61292 374
54.63304 417
54.65315 513
54.67327 603
54.69338 668
54.71349 743
54.73361 870
54.75372 998
54.77383 1021
54.79395 1079
54.81406 1093
54.83417 999
54.85429 921
54.8744 785
54.89452 733
54.91463 710
54.93474 664
54.95486 640
54.97497 644
54.99508 504
55.0152 460
55.03531 426
55.05543 352
55.07554 376
55.09565 347
55.11577 387
55.13588 426
55.15599 431
55.17611 451
55.19622 537
55.21634 550
55.23645 548
55.25656 616
55.27668 527
55.29679 574
55.3169 458
55.33702 461
55.35713 400
55.37724 408
55.39736 375
55.41747 303
55.43759 320
55.4577 301
55.47781 264
55.49793 244
55.51804 225
55.53815 228
55.55827 174
55.57838 199
55.5985 195
55.61861 171
55.63872 186
55.65884 175
55.67895 170
55.69906 172
55.71918 169
55.73929 168
55.75941 161
55.77952 200
55.79963 164
55.81975 189
55.83986 188
55.85997 163
55.88009 159
55.9002 164
55.92031 168
55.94043 179
55.96054 161
55.98066 163
56.00077 173
56.02088 173
56.041 188
56.06111 175
56.08122 184
56.10134 163
56.12145 197
56.14157 176
56.16168 146
56.18179 162
56.20191 153
56.22202 193
56.24213 157
56.26225 142
56.28236 144
56.30248 173
56.32259 204
56.3427 189
56.36282 148
56.38293 158
56.40304 169
56.42316 166
56.44327 168
56.46338 169
56.4835 165
56.50361 159
56.52373 175
56.54384 144
56.56395 176
56.58407 173
56.60418 170
56.62429 171
56.64441 162
56.66452 187
56.68464 149
56.70475 155
56.72486 158
56.74498 190
56.76509 173
56.7852 168
56.80532 173
56.82543 191
56.84554 155
56.86566 174
56.88577 178
56.90589 147
56.926 168
56.94611 167
56.96623 167
56.98634 184
57.00645 162
57.02657 159
57.04668 213
57.0668 184
57.08691 196
57.10702 211
57.12714 202
57.14725 207
57.16736 222
57.18748 194
57.20759 195
57.22771 173
57.24782 179
57.26793 186
57.28805 168
57.30816 201
57.32827 170
57.34839 160
57.3685 181
57.38861 137
57.40873 170
57.42884 166
57.44896 187
57.46907 167
57.48918 160
57.5093 173
57.52941 167
57.54952 169
57.56964 155
57.58975 168
57.60987 161
57.62998 174
57.65009 138
57.67021 185
57.69032 172
57.71043 178
57.73055 183
57.75066 152
57.77078 154
57.79089 150
57.811 154
57.83112 162
57.85123 154
57.87134 189
57.89146 165
57.91157 167
57.93168 181
57.9518 171
57.97191 172
57.99203 174
58.01214 139
58.03225 152
58.05237 158
58.07248 174
58.09259 159
58.11271 187
58.13282 166
58.15294 172
58.17305 157
58.19316 167
58.21328 156
58.23339 166
58.2535 164
58.27362 162
58.29373 181
58.31385 160
58.33396 157
58.35407 198
58.37419 153
58.3943 160
58.41441 156
58.43453 168
58.45464 173
58.47475 159
58.49487 153
58.51498 175
58.5351 158
58.55521 168
58.57532 172
58.59544 168
58.61555 161
58.63566 159
58.65578 157
58.67589 177
58.69601 177
58.71612 167
58.73623 160
58.75635 163
58.77646 172
58.79657 173
58.81669 186
58.8368 146
58.85691 168
58.87703 151
58.89714 160
58.91726 195
58.93737 162
58.95748 175
58.9776 195
58.99771 181
59.01782 171
59.03794 143
59.05805 161
59.07817 178
59.09828 150
59.11839 173
59.13851 178
59.15862 174
59.17873 197
59.19885 190
59.21896 184
59.23908 182
59.25919 178
59.2793 205
59.29942 200
59.31953 194
59.33964 197
59.35976 195
59.37987 183
59.39998 217
59.4201 204
59.44021 221
59.46033 235
59.48044 265
59.50055 298
59.52067 279
59.54078 313
59.56089 331
59.58101 354
59.60112 404
59.62124 398
59.64135 443
59.66146 497
59.68158 606
59.70169 659
59.7218 868
59.74192 946
59.76203 1131
59.78215 1337
59.80226 1565
59.82237 1842
59.84249 2026
59.8626 2127
59.88271 2143
59.90283 1973
59.92294 1771
59.94305 1611
59.96317 1394
59.98328 1252
60.0034 1254
60.02351 1204
60.04362 1187
60.06374 1047
60.08385 932
60.10396 738
60.12408 604
60.14419 461
60.16431 335
60.18442 301
60.20453 259
60.22465 244
60.24476 248
60.26487 247
60.28499 212
60.3051 200
60.32522 200
60.34533 192
60.36544 168
60.38556 185
60.40567 190
60.42578 173
60.4459 200
60.46601 180
60.48612 184
60.50624 182
60.52635 174
60.54647 191
60.56658 172
60.58669 190
60.60681 164
60.62692 176
60.64703 175
60.66715 177
60.68726 163
60.70738 178
60.72749 165
60.7476 161
60.76772 169
60.78783 174
60.80794 176
60.82806 191
60.84817 184
60.86828 166
60.8884 168
60.90851 172
60.92863 163
60.94874 189
60.96885 175
60.98897 164
61.00908 165
61.02919 153
61.04931 154
61.06942 181
61.08954 145
61.10965 170
61.12976 181
61.14988 170
61.16999 156
61.1901 171
61.21022 158
61.23033 173
61.25045 162
61.27056 141
61.29067 154
61.31079 143
61.3309 176
61.35101 171
61.37113 159
61.39124 162
61.41135 172
61.43147 153
61.45158 180
61.4717 174
61.49181 166
61.51192 178
61.53204 172
61.55215 163
61.57226 187
61.59238 161
61.61249 157
61.63261 172
61.65272 147
61.67283 187
61.69295 177
61.71306 171
61.73317 183
61.75329 169
61.7734 153
61.79352 187
61.81363 195
61.83374 183
61.85386 177
61.87397 171
61.89408 172
61.9142 174
61.93431 193
61.95442 160
61.97454 189
61.99465 195
62.01477 181
62.03488 181
62.05499 192
62.07511 197
62.09522 185
62.11533 181
62.13545 181
62.15556 214
62.17568 208
62.19579 198
62.2159 206
62.23602 216
62.25613 200
62.27624 197
62.29636 195
62.31647 200
62.33659 211
62.3567 189
62.37681 214
62.39693 190
62.41704 195
62.43715 174
62.45727 191
62.47738 152
62.49749 163
62.51761 173
62.53772 168
62.55784 186
62.57795 189
62.59806 174
62.61818 156
62.63829 172
62.6584 174
62.67852 158
62.69863 162
62.71875 150
62.73886 177
62.75897 160
62.77909 150
62.7992 153
62.81931 169
62.83943 164
62.85954 182
62.87965 186
62.89977 156
62.91988 152
62.94 165
62.96011 163
62.98022 189
63.00034 155
63.02045 161
63.04056 165
63.06068 148
63.08079 142
63.10091 141
63.12102 162
63.14113 164
63.16125 170
63.18136 169
63.20147 159
63.22159 166
63.2417 163
63.26182 162
63.28193 162
63.30204 152
63.32216 155
63.34227 161
63.36238 163
63.3825 152
63.40261 178
63.42272 161
63.44284 181
63.46295 175
63.48307 168
63.50318 183
63.52329 156
63.54341 176
63.56352 163
63.58363 179
63.60375 190
63.62386 197
63.64398 191
63.66409 205
63.6842 210
63.70432 211
63.72443 200
63.74454 215
63.76466 259
63.78477 279
63.80489 282
63.825 337
63.84511 332
63.86523 391
63.88534 442
63.90545 483
63.92557 508
63.94568 500
63.96579 512
63.98591 475
64.00602 449
64.02614 427
64.04625 374
64.06636 336
64.08648 328
64.10659 330
64.1267 312
64.14682 332
64.16693 304
64.18705 269
64.20716 255
64.22727 247
64.24739 181
64.2675 195
64.28761 197
64.30773 160
64.32784 161
64.34796 152
64.36807 154
64.38818 181
64.4083 189
64.42841 141
64.44852 156
64.46864 168
64.48875 151
64.50886 155
64.52898 164
64.54909 163
64.56921 153
64.58932 156
64.60943 155
64.62955 156
64.64966 168
64.66977 160
64.68989 163
64.71 166
64.73012 151
64.75023 146
64.77034 162
64.79046 157
64.81057 166
64.83068 147
64.8508 153
64.87091 134
64.89102 167
64.91114 152
64.93125 156
64.95137 153
64.97148 135
64.99159 144
65.01171 172
65.03182 173
65.05193 145
65.07205 164
65.09216 160
65.11228 135
65.13239 148
65.1525 164
65.17262 144
65.19273 174
65.21284 144
65.23296 170
65.25307 149
65.27319 124
65.2933 174
65.31341 157
65.33353 165
65.35364 177
65.37375 165
65.39387 172
65.41398 159
65.43409 167
65.45421 182
65.47432 167
65.49444 169
65.51455 174
65.53466 170
65.55478 187
65.57489 207
65.595 208
65.61512 199
65.63523 261
65.65535 240
65.67546 235
65.69557 256
65.71569 235
65.7358 230
65.75591 222
65.77603 230
65.79614 213
65.81626 195
65.83637 221
65.85648 205
65.8766 190
65.89671 181
65.91682 193
65.93694 183
65.95705 191
65.97716 179
65.99728 165
66.01739 166
66.03751 155
66.05762 146
66.07773 185
66.09785 150
66.11796 153
66.13807 164
66.15819 175
66.1783 166
66.19842 174
66.21853 156
66.23864 167
66.25876 181
66.27887 167
66.29898 177
66.3191 165
66.33921 170
66.35933 159
66.37944 142
66.39955 175
66.41967 139
66.43978 157
66.45989 163
66.48001 175
66.50012 146
66.52023 177
66.54035 141
66.56046 167
66.58058 172
66.60069 158
66.6208 135
66.64092 176
66.66103 181
66.68114 160
66.70126 170
66.72137 171
66.74149 166
66.7616 136
66.78171 158
66.80183 159
66.82194 169
66.84205 171
66.86217 160
66.88228 171
66.90239 183
66.92251 189
66.94262 195
66.96274 180
66.98285 204
67.00296 176
67.02308 192
67.04319 193
67.0633 182
67.08342 183
67.10353 182
67.12365 193
67.14376 220
67.16387 201
67.18399 220
67.2041 198
67.22421 212
67.24433 232
67.26444 247
67.28456 249
67.30467 238
67.32478 255
67.3449 322
67.36501 278
67.38512 291
67.40524 355
67.42535 360
67.44546 402
67.46558 450
67.48569 516
67.50581 550
67.52592 630
67.54603 737
67.56615 847
67.58626 1017
67.60637 1166
67.62649 1242
67.6466 1353
67.66672 1294
67.68683 1316
67.70694 1135
67.72706 1079
67.74717 992
67.76728 949
67.7874 910
67.80751 972
67.82763 1032
67.84774 1024
67.86785 1044
67.88797 998
67.90808 1042
67.92819 1063
67.94831 1186
67.96842 1215
67.98853 1284
68.00865 1520
68.02876 1603
68.04888 1766
68.06899 1815
68.0891 1765
68.10922 1731
68.12933 1618
68.14944 1512
68.16956 1508
68.18967 1619
68.20979 1600
68.2299 1669
68.25001 1632
68.27013 1455
68.29024 1344
68.31035 1170
68.33047 946
68.35058 846
68.3707 755
68.39081 717
68.41092 680
68.43104 652
68.45115 553
68.47126 523
68.49138 430
68.51149 363
68.5316 289
68.55172 242
68.57183 243
68.59195 215
68.61206 219
68.63217 224
68.65229 211
68.6724 199
68.69251 218
68.71263 193
68.73274 180
68.75286 173
68.77297 176
68.79308 175
68.8132 163
68.83331 184
68.85342 176
68.87354 193
68.89365 178
68.91376 174
68.93388 176
68.95399 165
68.97411 187
68.99422 171
69.01433 170
69.03445 141
69.05456 156
69.07467 157
69.09479 157
69.1149 167
69.13502 180
69.15513 158
69.17524 162
69.19536 160
69.21547 181
69.23558 168
69.2557 186
69.27581 151
69.29593 131
69.31604 158
69.33615 170
69.35627 149
69.37638 176
69.39649 153
69.41661 161
69.43672 157
69.45683 152
69.47695 167
69.49706 166
69.51718 157
69.53729 149
69.5574 147
69.57752 139
69.59763 175
69.61774 159
69.63786 161
69.65797 137
69.67809 144
69.6982 146
69.71831 163
69.73843 139
69.75854 148
69.77865 174
69.79877 154
69.81888 147
69.839 170
69.85911 155
69.87922 148
69.89934 165
69.91945 158
69.93956 167
69.95968 173
69.97979 165
69.9999 145
70.02002 158
70.04013 146
70.06025 131
70.08036 135
70.10047 149
70.12059 155
70.1407 166
70.16081 123
70.18093 171
70.20104 159
70.22116 160
70.24127 156
70.26138 151
70.2815 142
70.30161 152
70.32172 148
70.34184 137
70.36195 138
70.38207 141
70.40218 150
70.42229 142
70.44241 152
70.46252 147
70.48263 167
70.50275 142
70.52286 138
70.54297 175
70.56309 136
70.5832 149
70.60332 156
70.62343 127
70.64354 131
70.66366 156
70.68377 152
70.70388 138
70.724 146
70.74411 136
70.76423 149
70.78434 143
70.80445 153
70.82457 170
70.84468 158
70.86479 162
70.88491 142
70.90502 165
70.92513 156
70.94525 131
70.96536 150
70.98548 155
71.00559 160
71.0257 146
71.04582 146
71.06593 146
71.08604 144
71.10616 155
71.12627 153
71.14639 150
71.1665 160
71.18661 144
71.20673 136
71.22684 139
71.24695 147
71.26707 145
71.28718 121
71.3073 157
71.32741 140
71.34752 133
71.36764 158
71.38775 140
71.40786 141
71.42798 166
71.44809 140
71.4682 138
71.48832 149
71.50843 134
71.52855 127
71.54866 142
71.56877 143
71.58889 146
71.609 155
71.62911 145
71.64923 143
71.66934 154
71.68946 132
71.70957 150
71.72968 135
71.7498 161
71.76991 130
71.79002 163
71.81014 148
71.83025 175
71.85037 160
71.87048 146
71.89059 167
71.91071 152
71.93082 148
71.95093 149
71.97105 153
71.99116 180
72.01127 154
72.03139 179
72.0515 151
72.07162 152
72.09173 145
72.11184 165
72.13196 151
72.15207 136
72.17218 142
72.1923 169
72.21241 160
72.23253 153
72.25264 173
72.27275 145
72.29287 136
72.31298 175
72.33309 140
72.35321 139
72.37332 154
72.39344 158
72.41355 162
72.43366 136
72.45378 157
72.47389 159
72.494 152
72.51412 164
72.53423 152
72.55434 153
72.57446 153
72.59457 151
72.61469 162
72.6348 133
72.65491 138
72.67503 163
72.69514 154
72.71525 146
72.73537 137
72.75548 152
72.7756 152
72.79571 157
72.81582 161
72.83594 174
72.85605 179
72.87616 168
72.89628 157
72.91639 151
72.9365 153
72.95662 201
72.97673 178
72.99685 164
73.01696 171
73.03707 194
73.05719 175
73.0773 196
73.09741 178
73.11753 201
73.13764 227
73.15776 236
73.17787 233
73.19798 260
73.2181 276
73.23821 294
73.25832 305
73.27844 420
73.29855 419
73.31867 453
73.33878 528
73.35889 548
73.37901 560
73.39912 532
73.41923 490
73.43935 470
73.45946 403
73.47957 373
73.49969 362
73.5198 325
73.53992 357
73.56003 328
73.58014 357
73.60026 340
73.62037 323
73.64048 285
73.6606 275
73.68071 250
73.70083 217
73.72094 196
73.74105 195
73.76117 173
73.78128 192
73.80139 159
73.82151 154
73.84162 156
73.86174 165
73.88185 160
73.90196 156
73.92208 134
73.94219 161
73.9623 153
73.98242 148
74.00253 144
74.02264 153
74.04276 180
74.06287 146
74.08299 133
74.1031 154
74.12321 150
74.14333 166
74.16344 138
74.18355 141
74.20367 153
74.22378 139
74.2439 158
74.26401 138
74.28412 148
74.30424 153
74.32435 160
74.34446 147
74.36458 149
74.38469 149
74.40481 128
74.42492 157
74.44503 139
74.46515 154
74.48526 145
74.50537 135
74.52549 136
74.5456 146
74.56571 155
74.58583 124
74.60594 143
74.62606 139
74.64617 145
74.66628 127
74.6864 144
74.70651 149
74.72662 117
74.74674 125
74.76685 161
74.78697 138
74.80708 135
74.82719 140
74.84731 151
74.86742 156
74.88753 168
74.90765 166
74.92776 183
74.94787 178
74.96799 160
74.9881 158
75.00822 153
