3.00117 22728
3.02128 21885
3.0414 21425
3.06151 21124
3.08162 19709
3.10174 19909
3.12185 19145
3.14197 18424
3.16208 18060
3.18219 17198
3.20231 17213
3.22242 16459
3.24253 15978
3.26265 15487
3.28276 14781
3.30288 14611
3.32299 13730
3.3431 13599
3.36322 13162
3.38333 12416
3.40344 12241
3.42356 11797
3.44367 11318
3.46379 10950
3.4839 10408
3.50401 10225
3.52413 9905
3.54424 9532
3.56435 9303
3.58447 8706
3.60458 8595
3.62469 8239
3.64481 7867
3.66492 7534
3.68504 7187
3.70515 7169
3.72526 6575
3.74538 6378
3.76549 6156
3.7856 5787
3.80572 5790
3.82583 5518
3.84595 5064
3.86606 5133
3.88617 4678
3.90629 4603
3.9264 4337
3.94651 4191
3.96663 4045
3.98674 3711
4.00686 3679
4.02697 3520
4.04708 3174
4.0672 3232
4.08731 2838
4.10742 2972
4.12754 2807
4.14765 2618
4.16776 2425
4.18788 2260
4.20799 2427
4.22811 2255
4.24822 2150
4.26833 1997
4.28845 1944
4.30856 1966
4.32867 1837
4.34879 1687
4.3689 1780
4.38902 1595
4.40913 1694
4.42924 1727
4.44936 1507
4.46947 1513
4.48958 1434
4.5097 1427
4.52981 1405
4.54992 1354
4.57004 1272
4.59015 1236
4.61027 1236
4.63038 1321
4.65049 1119
4.67061 1157
4.69072 1152
4.71083 1114
4.73095 1061
4.75106 934
4.77118 1033
4.79129 1025
4.8114 929
4.83152 955
4.85163 918
4.87174 926
4.89186 859
4.91197 866
4.93209 881
4.9522 805
4.97231 787
4.99243 796
5.01254 795
5.03265 780
5.05277 689
5.07288 730
5.09299 744
5.11311 704
5.13322 682
5.15334 590
5.17345 656
5.19356 634
5.21368 642
5.23379 601
5.2539 559
5.27402 576
5.29413 549
5.31425 555
5.33436 516
5.35447 492
5.37459 546
5.3947 518
5.41481 502
5.43493 490
5.45504 457
5.47516 428
5.49527 509
5.51538 465
5.5355 433
5.55561 421
5.57572 418
5.59584 416
5.61595 400
5.63606 364
5.65618 395
5.67629 404
5.69641 371
5.71652 344
5.73663 346
5.75675 352
5.77686 371
5.79697 322
5.81709 336
5.8372 346
5.85732 309
5.87743 340
5.89754 308
5.91766 326
5.93777 339
5.95788 320
5.978 308
5.99811 288
6.01823 303
6.03834 270
6.05845 283
6.07857 282
6.09868 334
6.11879 314
6.13891 276
6.15902 259
6.17913 275
6.19925 283
6.21936 273
6.23948 274
6.25959 289
6.2797 301
6.29982 282
6.31993 291
6.34004 291
6.36016 259
6.38027 260
6.40039 288
6.4205 258
6.44061 286
6.46073 270
6.48084 276
6.50095 267
6.52107 236
6.54118 254
6.56129 250
6.58141 266
6.60152 287
6.62164 229
6.64175 252
6.66186 287
6.68198 268
6.70209 267
6.7222 256
6.74232 264
6.76243 242
6.78255 265
6.80266 261
6.82277 257
6.84289 244
6.863 243
6.88311 246
6.90323 269
6.92334 218
6.94346 270
6.96357 232
6.98368 269
7.0038 235
7.02391 245
7.04402 248
7.06414 272
7.08425 246
7.10436 262
7.12448 264
7.14459 254
7.16471 253
7.18482 251
7.20493 242
7.22505 238
7.24516 236
7.26527 261
7.28539 280
7.3055 270
7.32562 271
7.34573 244
7.36584 261
7.38596 267
7.40607 223
7.42618 258
7.4463 294
7.46641 255
7.48653 285
7.50664 266
7.52675 245
7.54687 265
7.56698 237
7.58709 275
7.60721 268
7.62732 242
7.64743 253
7.66755 268
7.68766 236
7.70778 242
7.72789 291
7.748 231
7.76812 244
7.78823 252
7.80834 273
7.82846 283
7.84857 282
7.86869 267
7.8888 258
7.90891 254
7.92903 272
7.94914 281
7.96925 250
7.98937 239
8.00948 240
8.0296 270
8.04971 251
8.06982 251
8.08994 303
8.11005 243
8.13016 254
8.15028 299
8.17039 261
8.1905 298
8.21062 274
8.23073 268
8.25085 239
8.27096 261
8.29107 272
8.31119 274
8.3313 240
8.35141 242
8.37153 276
8.39164 272
8.41176 270
8.43187 267
8.45198 271
8.4721 248
8.49221 295
8.51232 267
8.53244 278
8.55255 267
8.57266 253
8.59278 236
8.61289 292
8.63301 300
8.65312 313
8.67323 293
8.69335 308
8.71346 323
8.73357 358
8.75369 321
8.7738 342
8.79392 364
8.81403 361
8.83414 405
8.85426 392
8.87437 463
8.89448 461
8.9146 471
8.93471 407
8.95483 338
8.97494 315
8.99505 312
9.01517 291
9.03528 286
9.05539 248
9.07551 230
9.09562 226
9.11573 267
9.13585 246
9.15596 265
9.17608 263
9.19619 225
9.2163 261
9.23642 269
9.25653 253
9.27664 221
9.29676 259
9.31687 214
9.33699 263
9.3571 253
9.37721 240
9.39733 232
9.41744 224
9.43755 244
9.45767 246
9.47778 231
9.4979 267
9.51801 269
9.53812 254
9.55824 280
9.57835 240
9.59846 230
9.61858 259
9.63869 242
9.6588 236
9.67892 265
9.69903 221
9.71915 254
9.73926 269
9.75937 252
9.77949 247
9.7996 265
9.81971 265
9.83983 236
9.85994 256
9.88006 223
9.90017 252
9.92028 257
9.9404 212
9.96051 260
9.98062 242
10.00074 240
10.02085 236
10.04097 262
10.06108 201
10.08119 241
10.10131 230
10.12142 233
10.14153 241
10.16165 236
10.18176 257
10.20187 236
10.22199 223
10.2421 233
10.26222 243
10.28233 227
10.30244 292
10.32256 252
10.34267 234
10.36278 251
10.3829 232
10.40301 247
10.42313 274
10.44324 220
10.46335 232
10.48347 233
10.50358 271
10.52369 283
10.54381 243
10.56392 249
10.58403 246
10.60415 246
10.62426 237
10.64438 243
10.66449 233
10.6846 246
10.70472 243
10.72483 243
10.74494 277
10.76506 249
10.78517 244
10.80529 230
10.8254 241
10.84551 251
10.86563 232
10.88574 239
10.90585 253
10.92597 267
10.94608 233
10.9662 238
10.98631 254
11.00642 287
11.02654 258
11.04665 262
11.06676 256
11.08688 245
11.10699 268
11.1271 267
11.14722 228
11.16733 234
11.18745 247
11.20756 233
11.22767 221
11.24779 266
11.2679 242
11.28801 262
11.30813 248
11.32824 261
11.34836 263
11.36847 269
11.38858 260
11.4087 307
11.42881 251
11.44892 286
11.46904 306
11.48915 251
11.50927 241
11.52938 288
11.54949 266
11.56961 252
11.58972 290
11.60983 270
11.62995 264
11.65006 306
11.67017 270
11.69029 256
11.7104 246
11.73052 302
11.75063 311
11.77074 283
11.79086 288
11.81097 313
11.83108 299
11.8512 352
11.87131 318
11.89143 289
11.91154 305
11.93165 315
11.95177 329
11.97188 365
11.99199 346
12.01211 340
12.03222 362
12.05234 361
12.07245 380
12.09256 412
12.11268 379
12.13279 437
12.1529 470
12.17302 463
12.19313 490
12.21324 499
12.23336 517
12.25347 596
12.27359 609
12.2937 641
12.31381 688
12.33393 656
12.35404 696
12.37415 680
12.39427 692
12.41438 628
12.4345 624
12.45461 614
12.47472 527
12.49484 512
12.51495 432
12.53506 409
12.55518 400
12.57529 366
12.5954 366
12.61552 335
12.63563 309
12.65575 315
12.67586 282
12.69597 325
12.71609 272
12.7362 281
12.75631 269
12.77643 260
12.79654 248
12.81666 263
12.83677 257
12.85688 222
12.877 247
12.89711 282
12.91722 247
12.93734 247
12.95745 237
12.97757 247
12.99768 240
13.01779 286
13.03791 251
13.05802 320
13.07813 292
13.09825 336
13.11836 339
13.13847 357
13.15859 283
13.1787 313
13.19882 275
13.21893 254
13.23904 247
13.25916 239
13.27927 249
13.29938 245
13.3195 240
13.33961 213
13.35973 234
13.37984 229
13.39995 216
13.42007 219
13.44018 256
13.46029 247
13.48041 253
13.50052 234
13.52064 270
13.54075 295
13.56086 289
13.58098 324
13.60109 349
13.6212 387
13.64132 415
13.66143 419
13.68154 395
13.70166 374
13.72177 316
13.74189 270
13.762 254
13.78211 249
13.80223 262
13.82234 276
13.84245 269
13.86257 249
13.88268 262
13.9028 246
13.92291 238
13.94302 243
13.96314 256
13.98325 245
14.00336 217
14.02348 218
14.04359 203
14.06371 222
14.08382 223
14.10393 233
14.12405 215
14.14416 188
14.16427 184
14.18439 176
14.2045 226
14.22461 195
14.24473 202
14.26484 205
14.28496 217
14.30507 221
14.32518 200
14.3453 205
14.36541 193
14.38552 221
14.40564 200
14.42575 234
14.44587 229
14.46598 210
14.48609 201
14.50621 207
14.52632 225
14.54643 214
14.56655 213
14.58666 204
14.60677 211
14.62689 226
14.647 197
14.66712 238
14.68723 206
14.70734 208
14.72746 218
14.74757 236
14.76768 199
14.7878 198
14.80791 217
14.82803 254
14.84814 245
14.86825 252
14.88837 288
14.90848 331
14.92859 364
14.94871 353
14.96882 295
14.98894 295
15.00905 232
15.02916 240
15.04928 218
15.06939 231
15.0895 207
15.10962 233
15.12973 240
15.14984 224
15.16996 259
15.19007 238
15.21019 246
15.2303 271
15.25041 258
15.27053 269
15.29064 240
15.31075 232
15.33087 241
15.35098 220
15.3711 204
15.39121 170
15.41132 225
15.43144 200
15.45155 181
15.47166 189
15.49178 202
15.51189 204
15.53201 194
15.55212 186
15.57223 213
15.59235 218
15.61246 227
15.63257 203
15.65269 200
15.6728 199
15.69291 194
15.71303 205
15.73314 184
15.75326 202
15.77337 188
15.79348 189
15.8136 183
15.83371 234
15.85382 207
15.87394 218
15.89405 218
15.91417 231
15.93428 212
15.95439 199
15.97451 214
15.99462 196
16.01473 204
16.03485 198
16.05496 233
16.07508 201
16.09519 191
16.1153 197
16.13542 199
16.15553 184
16.17564 202
16.19576 200
16.21587 217
16.23598 209
16.2561 203
16.27621 197
16.29633 223
16.31644 204
16.33655 213
16.35667 201
16.37678 203
16.39689 198
16.41701 210
16.43712 200
16.45724 182
16.47735 196
16.49746 177
16.51758 222
16.53769 206
16.5578 207
16.57792 201
16.59803 205
16.61814 183
16.63826 196
16.65837 182
16.67849 200
16.6986 180
16.71871 186
16.73883 210
16.75894 236
16.77905 209
16.79917 188
16.81928 207
16.8394 213
16.85951 193
16.87962 213
16.89974 190
16.91985 224
16.93996 214
16.96008 187
16.98019 200
17.00031 204
17.02042 199
17.04053 196
17.06065 224
17.08076 192
17.10087 200
17.12099 179
17.1411 189
17.16121 207
17.18133 179
17.20144 191
17.22156 202
17.24167 196
17.26178 197
17.2819 200
17.30201 205
17.32212 189
17.34224 179
17.36235 212
17.38247 198
17.40258 203
17.42269 195
17.44281 202
17.46292 174
17.48303 217
17.50315 218
17.52326 188
17.54338 207
17.56349 225
17.5836 215
17.60372 191
17.62383 231
17.64394 199
17.66406 227
17.68417 223
17.70428 218
17.7244 216
17.74451 208
17.76463 236
17.78474 229
17.80485 237
17.82497 231
17.84508 212
17.86519 212
17.88531 202
17.90542 207
17.92554 216
17.94565 214
17.96576 194
17.98588 198
18.00599 220
18.0261 207
18.04622 217
18.06633 210
18.08645 212
18.10656 213
18.12667 212
18.14679 244
18.1669 229
18.18701 231
18.20713 232
18.22724 218
18.24735 210
18.26747 249
18.28758 268
18.3077 212
18.32781 279
18.34792 211
18.36804 280
18.38815 200
18.40826 223
18.42838 204
18.44849 220
18.46861 202
18.48872 231
18.50883 219
18.52895 205
18.54906 207
18.56917 180
18.58929 230
18.6094 205
18.62951 190
18.64963 212
18.66974 196
18.68986 222
18.70997 237
18.73008 218
18.7502 199
18.77031 222
18.79042 235
18.81054 244
18.83065 205
18.85077 231
18.87088 202
18.89099 235
18.91111 218
18.93122 203
18.95133 225
18.97145 215
18.99156 206
19.01168 216
19.03179 234
19.0519 207
19.07202 216
19.09213 217
19.11224 218
19.13236 208
19.15247 224
19.17258 251
19.1927 242
19.21281 214
19.23293 291
19.25304 280
19.27315 305
19.29327 303
19.31338 299
19.33349 246
19.35361 276
19.37372 224
19.39384 237
19.41395 226
19.43406 250
19.45418 226
19.47429 247
19.4944 244
19.51452 215
19.53463 251
19.55475 249
19.57486 239
19.59497 256
19.61509 277
19.6352 291
19.65531 294
19.67543 338
19.69554 316
19.71565 341
19.73577 388
19.75588 369
19.776 431
19.79611 394
19.81622 426
19.83634 425
19.85645 464
19.87656 502
19.89668 458
19.91679 455
19.93691 424
19.95702 410
19.97713 442
19.99725 382
20.01736 428
20.03747 403
20.05759 392
20.0777 412
20.09782 377
20.11793 407
20.13804 413
20.15816 381
20.17827 415
20.19838 383
20.2185 458
20.23861 416
20.25872 397
20.27884 437
20.29895 421
20.31907 456
20.33918 413
20.35929 417
20.37941 480
20.39952 460
20.41963 487
20.43975 485
20.45986 428
20.47998 472
20.50009 469
20.5202 482
20.54032 433
20.56043 504
20.58054 507
20.60066 527
20.62077 503
20.64088 545
20.661 559
20.68111 614
20.70123 673
20.72134 838
20.74145 1105
20.76157 1498
20.78168 2068
20.80179 2886
20.82191 3885
20.84202 5046
20.86214 5526
20.88225 5613
20.90236 4467
20.92248 3462
20.94259 2589
20.9627 2066
20.98282 1752
21.00293 1750
21.02305 1635
21.04316 1511
21.06327 1365
21.08339 1089
21.1035 828
21.12361 710
21.14373 541
21.16384 518
21.18395 474
21.20407 433
21.22418 447
21.2443 387
21.26441 383
21.28452 435
21.30464 387
21.32475 424
21.34486 425
21.36498 408
21.38509 392
21.40521 395
21.42532 390
21.44543 373
21.46555 370
21.48566 381
21.50577 367
21.52589 365
21.546 373
21.56612 366
21.58623 356
21.60634 383
21.62646 304
21.64657 340
21.66668 329
21.6868 337
21.70691 327
21.72702 352
21.74714 351
21.76725 329
21.78737 351
21.80748 302
21.82759 338
21.84771 382
21.86782 306
21.88793 330
21.90805 355
21.92816 360
21.94828 355
21.96839 363
21.9885 392
22.00862 395
22.02873 425
22.04884 441
22.06896 463
22.08907 470
22.10919 433
22.1293 379
22.14941 371
22.16953 408
22.18964 370
22.20975 412
22.22987 480
22.24998 584
22.27009 600
22.29021 672
22.31032 622
22.33044 602
22.35055 542
22.37066 485
22.39078 435
22.41089 418
22.431 331
22.45112 366
22.47123 332
22.49135 370
22.51146 310
22.53157 358
22.55169 349
22.5718 332
22.59191 428
22.61203 413
22.63214 438
22.65225 467
22.67237 450
22.69248 392
22.7126 372
22.73271 387
22.75282 354
22.77294 305
22.79305 339
22.81316 323
22.83328 329
22.85339 342
22.87351 354
22.89362 358
22.91373 351
22.93385 331
22.95396 381
22.97407 386
22.99419 385
23.0143 432
23.03442 524
23.05453 552
23.07464 553
23.09476 587
23.11487 737
23.13498 754
23.1551 883
23.17521 990
23.19532 953
23.21544 914
23.23555 845
23.25567 679
23.27578 595
23.29589 478
23.31601 386
23.33612 382
23.35623 345
23.37635 347
23.39646 367
23.41658 338
23.43669 341
23.4568 320
23.47692 342
23.49703 382
23.51714 357
23.53726 399
23.55737 394
23.57749 410
23.5976 348
23.61771 354
23.63783 361
23.65794 337
23.67805 354
23.69817 338
23.71828 343
23.73839 346
23.75851 332
23.77862 346
23.79874 398
23.81885 411
23.83896 370
23.85908 422
23.87919 469
23.8993 488
23.91942 598
23.93953 683
23.95965 794
23.97976 960
23.99987 968
24.01999 952
24.0401 868
24.06021 766
24.08033 663
24.10044 558
24.12056 491
24.14067 486
24.16078 403
24.1809 446
24.20101 458
24.22112 464
24.24124 506
24.26135 515
24.28146 596
24.30158 664
24.32169 602
24.34181 609
24.36192 636
24.38203 528
24.40215 474
24.42226 428
24.44237 417
24.46249 373
24.4826 357
24.50272 362
24.52283 380
24.54294 411
24.56306 379
24.58317 449
24.60328 466
24.6234 508
24.64351 535
24.66362 591
24.68374 664
24.70385 635
24.72397 656
24.74408 594
24.76419 567
24.78431 651
24.80442 540
24.82453 589
24.84465 588
24.86476 597
24.88488 617
24.90499 614
24.9251 635
24.94522 631
24.96533 591
24.98544 558
25.00556 487
25.02567 468
25.04579 459
25.0659 457
25.08601 435
25.10613 434
25.12624 375
25.14635 416
25.16647 371
25.18658 374
25.20669 399
25.22681 383
25.24692 390
25.26704 386
25.28715 411
25.30726 396
25.32738 443
25.34749 429
25.3676 483
25.38772 460
25.40783 572
25.42795 596
25.44806 675
25.46817 779
25.48829 929
25.5084 1077
25.52851 1053
25.54863 1124
25.56874 1021
25.58886 1050
25.60897 926
25.62908 1031
25.6492 909
25.66931 963
25.68942 956
25.70954 844
25.72965 717
25.74976 683
25.76988 603
25.78999 518
25.81011 487
25.83022 423
25.85033 441
25.87045 523
25.89056 457
25.91067 466
25.93079 518
25.9509 469
25.97102 482
25.99113 482
26.01124 502
26.03136 480
26.05147 504
26.07158 530
26.0917 556
26.11181 586
26.13193 529
26.15204 566
26.17215 611
26.19227 640
26.21238 700
26.23249 779
26.25261 836
26.27272 900
26.29283 1032
26.31295 1131
26.33306 1310
26.35318 1592
26.37329 1853
26.3934 2011
26.41352 2203
26.43363 2272
26.45374 2417
26.47386 2681
26.49397 3281
26.51409 4115
26.5342 5776
26.55431 8112
26.57443 11586
26.59454 16532
26.61465 21350
26.63477 24766
26.65488 24049
26.67499 20244
26.69511 15342
26.71522 12108
26.73534 8539
26.75545 4824
26.77556 2710
26.79568 1837
26.81579 1575
26.8359 1321
26.85602 1295
26.87613 1209
26.89625 1072
26.91636 1052
26.93647 1017
26.95659 1078
26.9767 1115
26.99681 1247
27.01693 1415
27.03704 1536
27.05716 1686
27.07727 1573
27.09738 1400
27.1175 1174
27.13761 1108
27.15772 898
27.17784 775
27.19795 745
27.21806 753
27.23818 747
27.25829 778
27.27841 983
27.29852 1068
27.31863 1322
27.33875 1531
27.35886 1881
27.37897 2122
27.39909 2337
27.4192 2766
27.43932 2886
27.45943 2989
27.47954 2589
27.49966 2350
27.51977 2015
27.53988 1742
27.56 1435
27.58011 1065
27.60023 882
27.62034 742
27.64045 647
27.66057 537
27.68068 549
27.70079 563
27.72091 539
27.74102 508
27.76113 505
27.78125 539
27.80136 505
27.82148 496
27.84159 533
27.8617 495
27.88182 580
27.90193 627
27.92204 659
27.94216 620
27.96227 584
27.98239 540
28.0025 515
28.02261 475
28.04273 417
28.06284 363
28.08295 408
28.10307 409
28.12318 365
28.1433 383
28.16341 350
28.18352 390
28.20364 350
28.22375 363
28.24386 387
28.26398 315
28.28409 342
28.3042 373
28.32432 308
28.34443 318
28.36455 326
28.38466 326
28.40477 311
28.42489 316
28.445 284
28.46511 301
28.48523 294
28.50534 295
28.52546 263
28.54557 293
28.56568 275
28.5858 294
28.60591 316
28.62602 293
28.64614 301
28.66625 283
28.68636 285
28.70648 281
28.72659 257
28.74671 280
28.76682 295
28.78693 311
28.80705 294
28.82716 276
28.84727 281
28.86739 291
28.8875 307
28.90762 256
28.92773 290
28.94784 295
28.96796 270
28.98807 297
29.00818 274
29.0283 295
29.04841 251
29.06853 297
29.08864 283
29.10875 259
29.12887 279
29.14898 319
29.16909 273
29.18921 318
29.20932 322
29.22943 316
29.24955 301
29.26966 341
29.28978 354
29.30989 368
29.33 435
29.35012 448
29.37023 603
29.39034 686
29.41046 750
29.43057 720
29.45069 684
29.4708 611
29.49091 598
29.51103 538
29.53114 464
29.55125 414
29.57137 367
29.59148 331
29.6116 361
29.63171 314
29.65182 310
29.67194 334
29.69205 318
29.71216 328
29.73228 311
29.75239 341
29.7725 321
29.79262 309
29.81273 350
29.83285 350
29.85296 300
29.87307 325
29.89319 346
29.9133 329
29.93341 340
29.95353 304
29.97364 312
29.99376 339
30.01387 375
30.03398 410
30.0541 468
30.07421 466
30.09432 528
30.11444 544
30.13455 564
30.15467 699
30.17478 688
30.19489 793
30.21501 784
30.23512 854
30.25523 756
30.27535 667
30.29546 647
30.31557 487
30.33569 450
30.3558 388
30.37592 322
30.39603 341
30.41614 323
30.43626 341
30.45637 350
30.47648 358
30.4966 327
30.51671 387
30.53683 332
30.55694 366
30.57705 324
30.59717 414
30.61728 401
30.63739 446
30.65751 509
30.67762 579
30.69773 604
30.71785 645
30.73796 740
30.75808 744
30.77819 659
30.7983 666
30.81842 614
30.83853 567
30.85864 585
30.87876 593
30.89887 535
30.91899 539
30.9391 490
30.95921 459
30.97933 393
30.99944 409
31.01955 345
31.03967 311
31.05978 275
31.0799 280
31.10001 273
31.12012 291
31.14024 276
31.16035 293
31.18046 307
31.20058 293
31.22069 324
31.2408 288
31.26092 313
31.28103 285
31.30115 284
31.32126 293
31.34137 241
31.36149 296
31.3816 254
31.40171 276
31.42183 239
31.44194 231
31.46206 238
31.48217 229
31.50228 240
31.5224 210
31.54251 262
31.56262 234
31.58274 231
31.60285 199
31.62297 253
31.64308 223
31.66319 271
31.68331 218
31.70342 219
31.72353 249
31.74365 248
31.76376 254
31.78387 228
31.80399 238
31.8241 245
31.84422 227
31.86433 224
31.88444 239
31.90456 265
31.92467 272
31.94478 280
31.9649 281
31.98501 278
32.00513 302
32.02524 271
32.04535 315
32.06547 349
32.08558 362
32.10569 370
32.12581 377
32.14592 357
32.16604 361
32.18615 317
32.20626 338
32.22638 331
32.24649 268
32.2666 303
32.28672 291
32.30683 265
32.32694 307
32.34706 286
32.36717 320
32.38729 345
32.4074 430
32.42751 405
32.44763 397
32.46774 412
32.48785 424
32.50797 378
32.52808 395
32.5482 350
32.56831 314
32.58842 291
32.60854 266
32.62865 245
32.64876 258
32.66888 234
32.68899 223
32.7091 230
32.72922 248
32.74933 242
32.76945 215
32.78956 244
32.80967 232
32.82979 240
32.8499 226
32.87001 253
32.89013 229
32.91024 233
32.93036 277
32.95047 234
32.97058 236
32.9907 239
33.01081 273
33.03092 273
33.05104 259
33.07115 282
33.09127 318
33.11138 306
33.13149 308
33.15161 340
33.17172 320
33.19183 291
33.21195 285
33.23206 324
33.25217 268
33.27229 269
33.2924 276
33.31252 232
33.33263 259
33.35274 251
33.37286 263
33.39297 244
33.41308 238
33.4332 253
33.45331 177
33.47343 192
33.49354 200
33.51365 211
33.53377 210
33.55388 222
33.57399 226
33.59411 239
33.61422 206
33.63434 228
33.65445 222
33.67456 220
33.69468 181
33.71479 226
33.7349 229
33.75502 224
33.77513 222
33.79524 221
33.81536 208
33.83547 242
33.85559 208
33.8757 228
33.89581 215
33.91593 258
33.93604 257
33.95615 255
33.97627 271
33.99638 293
34.0165 300
34.03661 297
34.05672 299
34.07684 338
34.09695 446
34.11706 429
34.13718 480
34.15729 551
34.17741 590
34.19752 531
34.21763 562
34.23775 479
34.25786 485
34.27797 405
34.29809 392
34.3182 364
34.33831 353
34.35843 326
34.37854 304
34.39866 311
34.41877 287
34.43888 307
34.459 293
34.47911 306
34.49922 333
34.51934 322
34.53945 368
34.55957 334
34.57968 372
34.59979 402
34.61991 443
34.64002 468
34.66013 444
34.68025 413
34.70036 400
34.72047 392
34.74059 412
34.7607 434
34.78082 449
34.80093 389
34.82104 482
34.84116 505
34.86127 534
34.88138 507
34.9015 496
34.92161 488
34.94173 496
34.96184 441
34.98195 439
35.00207 437
35.02218 368
35.04229 415
35.06241 437
35.08252 440
35.10264 439
35.12275 435
35.14286 451
35.16298 397
35.18309 417
35.2032 402
35.22332 384
35.24343 395
35.26354 392
35.28366 405
35.30377 432
35.32389 377
35.344 369
35.36411 420
35.38423 412
35.40434 466
35.42445 454
35.44457 456
35.46468 531
35.4848 563
35.50491 582
35.52502 673
35.54514 644
35.56525 623
35.58536 597
35.60548 582
35.62559 504
35.64571 540
35.66582 507
35.68593 406
35.70605 403
35.72616 367
35.74627 352
35.76639 360
35.7865 392
35.80661 396
35.82673 409
35.84684 415
35.86696 382
35.88707 343
35.90718 359
35.9273 371
35.94741 354
35.96752 372
35.98764 329
36.00775 324
36.02787 316
36.04798 300
36.06809 292
36.08821 287
36.10832 305
36.12843 340
36.14855 294
36.16866 273
36.18878 296
36.20889 297
36.229 302
36.24912 314
36.26923 286
36.28934 318
36.30946 330
36.32957 376
36.34968 378
36.3698 408
36.38991 461
36.41003 578
36.43014 691
36.45025 832
36.47037 1037
36.49048 1301
36.51059 1633
36.53071 1809
36.55082 1820
36.57094 1477
36.59105 1222
36.61116 1097
36.63128 1092
36.65139 941
36.6715 728
36.69162 498
36.71173 387
36.73184 343
36.75196 372
36.77207 373
36.79219 330
36.8123 342
36.83241 361
36.85253 410
36.87264 401
36.89275 460
36.91287 484
36.93298 443
36.9531 443
36.97321 475
36.99332 413
37.01344 398
37.03355 421
37.05366 367
37.07378 369
37.09389 334
37.11401 322
37.13412 278
37.15423 274
37.17435 258
37.19446 276
37.21457 288
37.23469 265
37.2548 258
37.27491 295
37.29503 306
37.31514 259
37.33526 303
37.35537 265
37.37548 287
37.3956 283
37.41571 261
37.43582 312
37.45594 261
37.47605 316
37.49617 302
37.51628 318
37.53639 331
37.55651 300
37.57662 324
37.59673 357
37.61685 352
37.63696 357
37.65708 350
37.67719 321
37.6973 326
37.71742 305
37.73753 285
37.75764 300
37.77776 265
37.79787 275
37.81798 275
37.8381 290
37.85821 292
37.87833 236
37.89844 232
37.91855 265
37.93867 273
37.95878 277
37.97889 271
37.99901 250
38.01912 247
38.03924 250
38.05935 277
38.07946 295
38.09958 301
38.11969 279
38.1398 252
38.15992 276
38.18003 309
38.20015 294
38.22026 277
38.24037 284
38.26049 306
38.2806 331
38.30071 299
38.32083 311
38.34094 319
38.36105 344
38.38117 328
38.40128 373
38.4214 384
38.44151 421
38.46162 452
38.48174 419
38.50185 457
38.52196 454
38.54208 460
38.56219 445
38.58231 414
38.60242 449
38.62253 378
38.64265 369
38.66276 325
38.68287 338
38.70299 364
38.7231 303
38.74321 304
38.76333 295
38.78344 283
38.80356 286
38.82367 301
38.84378 246
38.8639 268
38.88401 270
38.90412 290
38.92424 306
38.94435 295
38.96447 296
38.98458 323
39.00469 290
39.02481 314
39.04492 301
39.06503 323
39.08515 319
39.10526 328
39.12538 319
39.14549 332
39.1656 339
39.18572 327
39.20583 355
39.22594 343
39.24606 365
39.26617 425
39.28628 396
39.3064 451
39.32651 512
39.34663 639
39.36674 751
39.38685 988
39.40697 1161
39.42708 1398
39.44719 1495
39.46731 1642
39.48742 1416
39.50754 1128
39.52765 1009
39.54776 979
39.56788 909
39.58799 742
39.6081 553
39.62822 374
39.64833 320
39.66845 304
39.68856 321
39.70867 259
39.72879 264
39.7489 300
39.76901 308
39.78913 278
39.80924 244
39.82935 241
39.84947 304
39.86958 292
39.8897 242
39.90981 254
39.92992 305
39.95004 229
39.97015 285
39.99026 280
40.01038 269
40.03049 292
40.05061 293
40.07072 312
40.09083 328
40.11095 346
40.13106 351
40.15117 377
40.17129 429
40.1914 511
40.21152 591
40.23163 685
40.25174 850
40.27186 956
40.29197 943
40.31208 806
40.3322 673
40.35231 599
40.37242 591
40.39254 572
40.41265 536
40.43277 408
40.45288 333
40.47299 303
40.49311 297
40.51322 289
40.53333 301
40.55345 269
40.57356 255
40.59368 240
40.61379 257
40.6339 282
40.65402 267
40.67413 247
40.69424 235
40.71436 250
40.73447 257
40.75458 239
40.7747 266
40.79481 227
40.81493 254
40.83504 240
40.85515 236
40.87527 266
40.89538 251
40.91549 252
40.93561 240
40.95572 257
40.97584 258
40.99595 248
41.01606 204
41.03618 249
41.05629 275
41.0764 207
41.09652 240
41.11663 244
41.13675 243
41.15686 244
41.17697 241
41.19709 226
41.2172 216
41.23731 244
41.25743 284
41.27754 237
41.29765 271
41.31777 259
41.33788 243
41.358 250
41.37811 241
41.39822 248
41.41834 243
41.43845 255
41.45856 278
41.47868 282
41.49879 287
41.51891 286
41.53902 295
41.55913 290
41.57925 284
41.59936 328
41.61947 303
41.63959 345
41.6597 406
41.67982 380
41.69993 469
41.72004 516
41.74016 642
41.76027 677
41.78038 687
41.8005 722
41.82061 670
41.84072 605
41.86084 545
41.88095 514
41.90107 525
41.92118 453
41.94129 379
41.96141 384
41.98152 295
42.00163 317
42.02175 277
42.04186 264
42.06198 285
42.08209 289
42.1022 278
42.12232 274
42.14243 268
42.16254 265
42.18266 290
42.20277 274
42.22289 317
42.243 307
42.26311 332
42.28323 369
42.30334 409
42.32345 493
42.34357 541
42.36368 681
42.38379 828
42.40391 1060
42.42402 1262
42.44414 1234
42.46425 1160
42.48436 941
42.50448 783
42.52459 770
42.5447 733
42.56482 706
42.58493 591
42.60505 506
42.62516 370
42.64527 342
42.66539 339
42.6855 333
42.70561 337
42.72573 290
42.74584 325
42.76595 331
42.78607 290
42.80618 289
42.8263 311
42.84641 278
42.86652 285
42.88664 244
42.90675 243
42.92686 245
42.94698 232
42.96709 237
42.98721 255
43.00732 226
43.02743 204
43.04755 247
43.06766 244
43.08777 229
43.10789 220
43.128 261
43.14812 255
43.16823 226
43.18834 242
43.20846 269
43.22857 225
43.24868 242
43.2688 257
43.28891 232
43.30902 238
43.32914 259
43.34925 224
43.36937 252
43.38948 221
43.40959 228
43.42971 250
43.44982 225
43.46993 243
43.49005 267
43.51016 246
43.53028 259
43.55039 290
43.5705 250
43.59062 256
43.61073 240
43.63084 241
43.65096 235
43.67107 235
43.69119 231
43.7113 221
43.73141 232
43.75153 229
43.77164 208
43.79175 225
43.81187 218
43.83198 219
43.85209 244
43.87221 224
43.89232 241
43.91244 223
43.93255 251
43.95266 232
43.97278 232
43.99289 220
44.013 233
44.03312 239
44.05323 231
44.07335 243
44.09346 266
44.11357 254
44.13369 213
44.1538 246
44.17391 254
44.19403 247
44.21414 243
44.23426 238
44.25437 271
44.27448 251
44.2946 235
44.31471 217
44.33482 241
44.35494 225
44.37505 250
44.39516 257
44.41528 246
44.43539 234
44.45551 265
44.47562 238
44.49573 241
44.51585 232
44.53596 245
44.55607 285
44.57619 259
44.5963 227
44.61642 249
44.63653 241
44.65664 220
44.67676 236
44.69687 242
44.71698 210
44.7371 219
44.75721 204
44.77732 223
44.79744 200
44.81755 198
44.83767 193
44.85778 228
44.87789 199
44.89801 228
44.91812 217
44.93823 188
44.95835 215
44.97846 230
44.99858 211
45.01869 229
45.0388 227
45.05892 205
45.07903 216
45.09914 219
45.11926 183
45.13937 233
45.15949 215
45.1796 224
45.19971 224
45.21983 225
45.23994 269
45.26005 232
45.28017 257
45.30028 269
45.32039 248
45.34051 274
45.36062 300
45.38074 307
45.40085 295
45.42096 353
45.44108 395
45.46119 384
45.4813 406
45.50142 419
45.52153 407
45.54165 404
45.56176 410
45.58187 435
45.60199 469
45.6221 481
45.64221 512
45.66233 546
45.68244 570
45.70256 662
45.72267 741
45.74278 824
45.7629 861
45.78301 957
45.80312 912
45.82324 753
45.84335 625
45.86346 567
45.88358 599
45.90369 641
45.92381 493
45.94392 412
45.96403 343
45.98415 302
46.00426 261
46.02437 259
46.04449 264
46.0646 256
46.08472 264
46.10483 277
46.12494 277
46.14506 279
46.16517 291
46.18528 305
46.2054 321
46.22551 283
46.24563 301
46.26574 307
46.28585 267
46.30597 249
46.32608 290
46.34619 297
46.36631 249
46.38642 228
46.40653 251
46.42665 210
46.44676 228
46.46688 199
46.48699 219
46.5071 226
46.52722 229
46.54733 209
46.56744 212
46.58756 191
46.60767 208
46.62779 226
46.6479 225
46.66801 224
46.68813 202
46.70824 195
46.72835 210
46.74847 204
46.76858 205
46.78869 236
46.80881 207
46.82892 221
46.84904 253
46.86915 239
46.88926 235
46.90938 217
46.92949 217
46.9496 256
46.96972 292
46.98983 279
47.00995 324
47.03006 308
47.05017 368
47.07029 333
47.0904 357
47.11051 359
47.13063 323
47.15074 328
47.17086 306
47.19097 316
47.21108 274
47.2312 270
47.25131 259
47.27142 233
47.29154 237
47.31165 246
47.33176 254
47.35188 283
47.37199 266
47.39211 290
47.41222 302
47.43233 291
47.45245 285
47.47256 310
47.49267 244
47.51279 281
47.5329 281
47.55302 247
47.57313 255
47.59324 224
47.61336 216
47.63347 201
47.65358 196
47.6737 227
47.69381 187
47.71393 193
47.73404 215
47.75415 184
47.77427 212
47.79438 206
47.81449 210
47.83461 211
47.85472 225
47.87483 195
47.89495 225
47.91506 251
47.93518 222
47.95529 253
47.9754 233
47.99552 235
48.01563 229
48.03574 221
48.05586 226
48.07597 230
48.09609 225
48.1162 227
48.13631 205
48.15643 226
48.17654 226
48.19665 218
48.21677 214
48.23688 214
48.257 192
48.27711 214
48.29722 235
48.31734 221
48.33745 219
48.35756 217
48.37768 228
48.39779 217
48.4179 214
48.43802 225
48.45813 207
48.47825 200
48.49836 205
48.51847 229
48.53859 220
48.5587 185
48.57881 236
48.59893 235
48.61904 233
48.63916 244
48.65927 267
48.67938 252
48.6995 281
48.71961 284
48.73972 277
48.75984 295
48.77995 316
48.80006 325
48.82018 303
48.84029 302
48.86041 292
48.88052 330
48.90063 305
48.92075 331
48.94086 291
48.96097 314
48.98109 310
49.0012 319
49.02132 303
49.04143 302
49.06154 297
49.08166 293
49.10177 290
49.12188 298
49.142 272
49.16211 275
49.18223 278
49.20234 297
49.22245 238
49.24257 249
49.26268 278
49.28279 252
49.30291 255
49.32302 245
49.34313 226
49.36325 258
49.38336 253
49.40348 232
49.42359 236
49.4437 246
49.46382 264
49.48393 250
49.50404 268
49.52416 262
49.54427 253
49.56439 214
49.5845 223
49.60461 247
49.62473 234
49.64484 261
49.66495 246
49.68507 302
49.70518 285
49.7253 266
49.74541 313
49.76552 297
49.78564 307
49.80575 321
49.82586 362
49.84598 362
49.86609 371
49.8862 409
49.90632 464
49.92643 473
49.94655 554
49.96666 630
49.98677 698
50.00689 921
50.027 1096
50.04711 1364
50.06723 1732
50.08734 2115
50.10746 2399
50.12757 2674
50.14768 2307
50.1678 1805
50.18791 1385
50.20802 1217
50.22814 1347
50.24825 1387
50.26837 1341
50.28848 1090
50.30859 810
50.32871 553
50.34882 447
50.36893 487
50.38905 471
50.40916 521
50.42927 537
50.44939 592
50.4695 676
50.48962 693
50.50973 746
50.52984 734
50.54996 656
50.57007 600
50.59018 586
50.6103 527
50.63041 551
50.65053 500
50.67064 511
50.69075 430
50.71087 429
50.73098 346
50.75109 331
50.77121 353
50.79132 362
50.81143 356
50.83155 380
50.85166 381
50.87178 361
50.89189 354
50.912 349
50.93212 330
50.95223 354
50.97234 354
50.99246 331
51.01257 319
51.03269 308
51.0528 288
51.07291 303
51.09303 270
51.11314 291
51.13325 293
51.15337 290
51.17348 257
51.1936 256
51.21371 237
51.23382 245
51.25394 228
51.27405 192
51.29416 221
51.31428 236
51.33439 208
51.3545 192
51.37462 190
51.39473 197
51.41485 222
51.43496 183
51.45507 189
51.47519 188
51.4953 192
51.51541 218
51.53553 204
51.55564 215
51.57576 237
51.59587 222
51.61598 227
51.6361 219
51.65621 183
51.67632 190
51.69644 196
51.71655 206
51.73667 215
51.75678 181
51.77689 191
51.79701 193
51.81712 205
51.83723 207
51.85735 176
51.87746 190
51.89757 173
51.91769 179
51.9378 189
51.95792 189
51.97803 192
51.99814 175
52.01826 170
52.03837 173
52.05848 194
52.0786 217
52.09871 184
52.11883 185
52.13894 191
52.15905 205
52.17917 192
52.19928 191
52.21939 204
52.23951 215
52.25962 186
52.27974 191
52.29985 209
52.31996 181
52.34008 204
52.36019 208
52.3803 213
52.40042 181
52.42053 232
52.44064 195
52.46076 219
52.48087 220
52.50099 231
52.5211 252
52.54121 223
52.56133 244
52.58144 232
52.60155 247
52.62167 244
52.64178 269
52.6619 220
52.68201 245
52.70212 275
52.72224 246
52.74235 208
52.76246 236
52.78258 215
52.80269 250
52.8228 212
52.84292 209
52.86303 234
52.88315 231
52.90326 208
52.92337 215
52.94349 202
52.9636 220
52.98371 211
53.00383 236
53.02394 211
53.04406 198
53.06417 214
53.08428 220
53.1044 198
53.12451 207
53.14462 207
53.16474 208
53.18485 210
53.20497 229
53.22508 199
53.24519 202
53.26531 173
53.28542 210
53.30553 200
53.32565 200
53.34576 196
53.36587 220
53.38599 233
53.4061 229
53.42622 214
53.44633 210
53.46644 207
53.48656 202
53.50667 229
53.52678 205
53.5469 205
53.56701 225
53.58713 208
53.60724 215
53.62735 212
53.64747 205
53.66758 217
53.68769 235
53.70781 218
53.72792 214
53.74804 213
53.76815 224
53.78826 240
53.80838 223
53.82849 215
53.8486 194
53.86872 230
53.88883 239
53.90894 244
53.92906 244
53.94917 243
53.96929 277
53.9894 258
54.00951 246
54.02963 229
54.04974 241
54.06985 242
54.08997 242
54.11008 259
54.1302 249
54.15031 223
54.17042 268
54.19054 272
54.21065 242
54.23076 255
54.25088 232
54.27099 243
54.29111 276
54.31122 280
54.33133 237
54.35145 233
54.37156 268
54.39167 237
54.41179 239
54.4319 215
54.45201 250
54.47213 256
54.49224 237
54.51236 269
54.53247 261
54.55258 260
54.5727 251
54.59281 249
54.61292 278
54.63304 273
54.65315 310
54.67327 325
54.69338 340
54.71349 396
54.73361 434
54.75372 456
54.77383 578
54.79395 592
54.81406 747
54.83417 854
54.85429 891
54.8744 873
54.89452 705
54.91463 598
54.93474 547
54.95486 555
54.97497 548
54.99508 609
55.0152 573
55.03531 488
55.05543 427
55.07554 362
55.09565 309
55.11577 341
55.13588 295
55.15599 333
55.17611 347
55.19622 334
55.21634 380
55.23645 466
55.25656 503
55.27668 558
55.29679 548
55.3169 619
55.33702 519
55.35713 467
55.37724 408
55.39736 380
55.41747 408
55.43759 414
55.4577 421
55.47781 388
55.49793 383
55.51804 325
55.53815 359
55.55827 324
55.57838 307
55.5985 272
55.61861 296
55.63872 307
55.65884 291
55.67895 260
55.69906 266
55.71918 256
55.73929 249
55.75941 280
55.77952 261
55.79963 239
55.81975 265
55.83986 245
55.85997 233
55.88009 235
55.9002 254
55.92031 218
55.94043 227
55.96054 228
55.98066 201
56.00077 202
56.02088 231
56.041 232
56.06111 226
56.08122 219
56.10134 249
56.12145 206
56.14157 207
56.16168 220
56.18179 210
56.20191 205
56.22202 214
56.24213 211
56.26225 199
56.28236 197
56.30248 231
56.32259 221
56.3427 228
56.36282 191
56.38293 190
56.40304 215
56.42316 230
56.44327 220
56.46338 215
56.4835 211
56.50361 260
56.52373 191
56.54384 215
56.56395 235
56.58407 226
56.60418 228
56.62429 245
56.64441 232
56.66452 264
56.68464 243
56.70475 238
56.72486 244
56.74498 284
56.76509 271
56.7852 260
56.80532 257
56.82543 245
56.84554 233
56.86566 240
56.88577 237
56.90589 224
56.926 226
56.94611 226
56.96623 233
56.98634 219
57.00645 229
57.02657 227
57.04668 229
57.0668 224
57.08691 226
57.10702 258
57.12714 234
57.14725 219
57.16736 272
57.18748 235
57.20759 256
57.22771 274
57.24782 297
57.26793 248
57.28805 240
57.30816 288
57.32827 251
57.34839 263
57.3685 221
57.38861 248
57.40873 280
57.42884 279
57.44896 263
57.46907 249
57.48918 268
57.5093 222
57.52941 218
57.54952 220
57.56964 253
57.58975 209
57.60987 223
57.62998 229
57.65009 192
57.67021 215
57.69032 203
57.71043 182
57.73055 221
57.75066 202
57.77078 228
57.79089 212
57.811 186
57.83112 226
57.85123 196
57.87134 203
57.89146 193
57.91157 204
57.93168 205
57.9518 210
57.97191 200
57.99203 217
58.01214 202
58.03225 212
58.05237 249
58.07248 225
58.09259 218
58.11271 235
58.13282 225
58.15294 203
58.17305 235
58.19316 199
58.21328 237
58.23339 242
58.2535 205
58.27362 214
58.29373 205
58.31385 236
58.33396 213
58.35407 217
58.37419 229
58.3943 243
58.41441 230
58.43453 245
58.45464 243
58.47475 236
58.49487 236
58.51498 213
58.5351 227
58.55521 241
58.57532 246
58.59544 223
58.61555 249
58.63566 273
58.65578 261
58.67589 252
58.69601 232
58.71612 226
58.73623 238
58.75635 222
58.77646 251
58.79657 220
58.81669 232
58.8368 252
58.85691 211
58.87703 226
58.89714 191
58.91726 204
58.93737 229
58.95748 204
58.9776 201
58.99771 229
59.01782 180
59.03794 209
59.05805 211
59.07817 184
59.09828 201
59.11839 197
59.13851 223
59.15862 215
59.17873 221
59.19885 206
59.21896 202
59.23908 200
59.25919 218
59.2793 217
59.29942 210
59.31953 208
59.33964 253
59.35976 232
59.37987 238
59.39998 228
59.4201 247
59.44021 245
59.46033 234
59.48044 260
59.50055 267
59.52067 235
59.54078 276
59.56089 255
59.58101 254
59.60112 294
59.62124 303
59.64135 272
59.66146 298
59.68158 320
59.70169 386
59.7218 387
59.74192 410
59.76203 441
59.78215 544
59.80226 664
59.82237 749
59.84249 880
59.8626 1078
59.88271 1277
59.90283 1431
59.92294 1610
59.94305 1673
59.96317 1506
59.98328 1181
60.0034 892
60.02351 827
60.04362 854
60.06374 808
60.08385 860
60.10396 962
60.12408 812
60.14419 689
60.16431 473
60.18442 387
60.20453 308
60.22465 307
60.24476 299
60.26487 242
60.28499 234
60.3051 243
60.32522 273
60.34533 235
60.36544 242
60.38556 258
60.40567 262
60.42578 225
60.4459 226
60.46601 233
60.48612 231
60.50624 237
60.52635 207
60.54647 219
60.56658 233
60.58669 210
60.60681 235
60.62692 214
60.64703 226
60.66715 232
60.68726 226
60.70738 220
60.72749 225
60.7476 235
60.76772 209
60.78783 243
60.80794 235
60.82806 243
60.84817 225
60.86828 227
60.8884 215
60.90851 239
60.92863 225
60.94874 226
60.96885 245
60.98897 248
61.00908 250
61.02919 286
61.04931 302
61.06942 333
61.08954 332
61.10965 366
61.12976 329
61.14988 335
61.16999 333
61.1901 278
61.21022 294
61.23033 296
61.25045 301
61.27056 317
61.29067 301
61.31079 276
61.3309 281
61.35101 259
61.37113 240
61.39124 235
61.41135 261
61.43147 238
61.45158 254
61.4717 192
61.49181 240
61.51192 245
61.53204 206
61.55215 228
61.57226 235
61.59238 217
61.61249 229
61.63261 214
61.65272 194
61.67283 212
61.69295 200
61.71306 213
61.73317 199
61.75329 214
61.7734 200
61.79352 205
61.81363 187
61.83374 221
61.85386 200
61.87397 220
61.89408 202
61.9142 215
61.93431 210
61.95442 221
61.97454 181
61.99465 206
62.01477 227
62.03488 211
62.05499 238
62.07511 221
62.09522 242
62.11533 226
62.13545 252
62.15556 262
62.17568 248
62.19579 241
62.2159 241
62.23602 236
62.25613 259
62.27624 273
62.29636 252
62.31647 281
62.33659 288
62.3567 287
62.37681 270
62.39693 260
62.41704 272
62.43715 277
62.45727 294
62.47738 286
62.49749 272
62.51761 269
62.53772 257
62.55784 248
62.57795 287
62.59806 284
62.61818 274
62.63829 263
62.6584 256
62.67852 255
62.69863 237
62.71875 250
62.73886 236
62.75897 246
62.77909 233
62.7992 238
62.81931 222
62.83943 252
62.85954 267
62.87965 260
62.89977 270
62.91988 243
62.94 259
62.96011 252
62.98022 268
63.00034 274
63.02045 270
63.04056 298
63.06068 284
63.08079 330
63.10091 351
63.12102 293
63.14113 336
63.16125 289
63.18136 290
63.20147 284
63.22159 299
63.2417 273
63.26182 259
63.28193 285
63.30204 267
63.32216 249
63.34227 253
63.36238 236
63.3825 231
63.40261 238
63.42272 215
63.44284 233
63.46295 246
63.48307 216
63.50318 224
63.52329 242
63.54341 218
63.56352 215
63.58363 225
63.60375 264
63.62386 248
63.64398 258
63.66409 237
63.6842 261
63.70432 288
63.72443 283
63.74454 296
63.76466 345
63.78477 370
63.80489 330
63.825 362
63.84511 365
63.86523 388
63.88534 396
63.90545 435
63.92557 434
63.94568 480
63.96579 538
63.98591 567
64.00602 557
64.02614 597
64.04625 479
64.06636 416
64.08648 383
64.10659 331
64.1267 340
64.14682 348
64.16693 368
64.18705 352
64.20716 359
64.22727 316
64.24739 258
64.2675 235
64.28761 229
64.30773 210
64.32784 236
64.34796 193
64.36807 191
64.38818 204
64.4083 195
64.42841 175
64.44852 178
64.46864 196
64.48875 184
64.50886 173
64.52898 203
64.54909 205
64.56921 195
64.58932 207
64.60943 198
64.62955 189
64.64966 204
64.66977 177
64.68989 194
64.71 187
64.73012 197
64.75023 208
64.77034 198
64.79046 195
64.81057 186
64.83068 205
64.8508 207
64.87091 213
64.89102 232
64.91114 222
64.93125 231
64.95137 217
64.97148 243
64.99159 222
65.01171 221
65.03182 209
65.05193 221
65.07205 245
65.09216 257
65.11228 235
65.13239 264
65.1525 253
65.17262 273
65.19273 278
65.21284 257
65.23296 253
65.25307 259
65.27319 269
65.2933 262
65.31341 225
65.33353 270
65.35364 227
65.37375 247
65.39387 248
65.41398 213
65.43409 237
65.45421 224
65.47432 225
65.49444 203
65.51455 228
65.53466 222
65.55478 225
65.57489 217
65.595 226
65.61512 216
65.63523 234
65.65535 232
65.67546 232
65.69557 224
65.71569 245
65.7358 246
65.75591 238
65.77603 258
65.79614 256
65.81626 217
65.83637 207
65.85648 222
65.8766 205
65.89671 208
65.91682 210
65.93694 227
65.95705 251
65.97716 243
65.99728 217
66.01739 198
66.03751 175
66.05762 173
66.07773 228
66.09785 213
66.11796 229
66.13807 226
66.15819 247
66.1783 256
66.19842 270
66.21853 290
66.23864 277
66.25876 268
66.27887 252
66.29898 247
66.3191 265
66.33921 232
66.35933 234
66.37944 237
66.39955 257
66.41967 239
66.43978 227
66.45989 225
66.48001 269
66.50012 249
66.52023 222
66.54035 199
66.56046 202
66.58058 215
66.60069 193
66.6208 182
66.64092 229
66.66103 193
66.68114 209
66.70126 200
66.72137 209
66.74149 181
66.7616 229
66.78171 187
66.80183 204
66.82194 208
66.84205 205
66.86217 242
66.88228 249
66.90239 223
66.92251 226
66.94262 218
66.96274 204
66.98285 238
67.00296 203
67.02308 239
67.04319 209
67.0633 227
67.08342 246
67.10353 244
67.12365 225
67.14376 228
67.16387 226
67.18399 231
67.2041 211
67.22421 203
67.24433 230
67.26444 224
67.28456 218
67.30467 232
67.32478 247
67.3449 239
67.36501 244
67.38512 226
67.40524 240
67.42535 265
67.44546 264
67.46558 266
67.48569 282
67.50581 312
67.52592 341
67.54603 354
67.56615 410
67.58626 440
67.60637 524
67.62649 622
67.6466 687
67.66672 820
67.68683 873
67.70694 1007
67.72706 1059
67.74717 938
67.76728 749
67.7874 605
67.80751 592
67.82763 574
67.84774 625
67.86785 617
67.88797 680
67.90808 729
67.92819 731
67.94831 703
67.96842 654
67.98853 682
68.00865 660
68.02876 752
68.04888 907
68.06899 1036
68.0891 1153
68.10922 1278
68.12933 1288
68.14944 1234
68.16956 1055
68.18967 917
68.20979 892
68.2299 968
68.25001 1036
68.27013 1223
68.29024 1225
68.31035 1260
68.33047 1112
68.35058 822
68.3707 650
68.39081 575
68.41092 500
68.43104 485
68.45115 502
68.47126 532
68.49138 518
68.51149 466
68.5316 388
68.55172 361
68.57183 299
68.59195 273
68.61206 232
68.63217 210
68.65229 244
68.6724 221
68.69251 214
68.71263 219
68.73274 240
68.75286 237
68.77297 229
68.79308 225
68.8132 214
68.83331 215
68.85342 210
68.87354 236
68.89365 214
68.91376 241
68.93388 210
68.95399 205
68.97411 215
68.99422 211
69.01433 219
69.03445 210
69.05456 213
69.07467 209
69.09479 191
69.1149 196
69.13502 195
69.15513 193
69.17524 171
69.19536 178
69.21547 198
69.23558 187
69.2557 183
69.27581 186
69.29593 193
69.31604 182
69.33615 187
69.35627 189
69.37638 214
69.39649 187
69.41661 176
69.43672 192
69.45683 197
69.47695 201
69.49706 198
69.51718 178
69.53729 217
69.5574 194
69.57752 194
69.59763 206
69.61774 204
69.63786 195
69.65797 197
69.67809 204
69.6982 183
69.71831 196
69.73843 194
69.75854 200
69.77865 169
69.79877 176
69.81888 187
69.839 207
69.85911 205
69.87922 200
69.89934 187
69.91945 184
69.93956 219
69.95968 190
69.97979 200
69.9999 207
70.02002 205
70.04013 201
70.06025 210
70.08036 204
70.10047 195
70.12059 174
70.1407 210
70.16081 213
70.18093 202
70.20104 196
70.22116 189
70.24127 183
70.26138 198
70.2815 202
70.30161 198
70.32172 169
70.34184 191
70.36195 183
70.38207 187
70.40218 175
70.42229 169
70.44241 164
70.46252 215
70.48263 174
70.50275 174
70.52286 175
70.54297 210
70.56309 208
70.5832 183
70.60332 204
70.62343 211
70.64354 212
70.66366 202
70.68377 192
70.70388 202
70.724 223
70.74411 214
70.76423 211
70.78434 230
70.80445 224
70.82457 194
70.84468 202
70.86479 175
70.88491 198
70.90502 188
70.92513 218
70.94525 192
70.96536 220
70.98548 185
71.00559 195
71.0257 178
71.04582 186
71.06593 187
71.08604 158
71.10616 191
71.12627 206
71.14639 175
71.1665 172
71.18661 164
71.20673 197
71.22684 171
71.24695 217
71.26707 192
71.28718 180
71.3073 204
71.32741 205
71.34752 169
71.36764 215
71.38775 199
71.40786 218
71.42798 207
71.44809 234
71.4682 198
71.48832 233
71.50843 227
71.52855 235
71.54866 208
71.56877 217
71.58889 200
71.609 214
71.62911 209
71.64923 203
71.66934 222
71.68946 233
71.70957 227
71.72968 209
71.7498 209
71.76991 223
71.79002 224
71.81014 237
71.83025 218
71.85037 182
71.87048 193
71.89059 220
71.91071 197
71.93082 204
71.95093 207
71.97105 233
71.99116 230
72.01127 226
72.03139 224
72.0515 245
72.07162 224
72.09173 224
72.11184 234
72.13196 259
72.15207 236
72.17218 239
72.1923 257
72.21241 272
72.23253 251
72.25264 244
72.27275 257
72.29287 270
72.31298 255
72.33309 238
72.35321 233
72.37332 223
72.39344 246
72.41355 200
72.43366 221
72.45378 221
72.47389 227
72.494 211
72.51412 228
72.53423 205
72.55434 221
72.57446 214
72.59457 194
72.61469 214
72.6348 226
72.65491 197
72.67503 220
72.69514 205
72.71525 197
72.73537 211
72.75548 182
72.7756 169
72.79571 192
72.81582 195
72.83594 196
72.85605 212
72.87616 218
72.89628 213
72.91639 227
72.9365 221
72.95662 217
72.97673 227
72.99685 230
73.01696 285
73.03707 234
73.05719 277
73.0773 246
73.09741 272
73.11753 272
73.13764 270
73.15776 291
73.17787 275
73.19798 257
73.2181 269
73.23821 300
73.25832 263
73.27844 277
73.29855 301
73.31867 320
73.33878 347
73.35889 345
73.37901 385
73.39912 462
73.41923 457
73.43935 485
73.45946 443
73.47957 408
73.49969 355
73.5198 309
73.53992 317
73.56003 321
73.58014 310
73.60026 323
73.62037 351
73.64048 385
73.6606 337
73.68071 319
73.70083 300
73.72094 261
73.74105 254
73.76117 248
73.78128 222
73.80139 212
73.82151 221
73.84162 204
73.86174 200
73.88185 206
73.90196 214
73.92208 204
73.94219 205
73.9623 196
73.98242 209
74.00253 174
74.02264 190
74.04276 193
74.06287 175
74.08299 201
74.1031 199
74.12321 166
74.14333 201
74.16344 184
74.18355 184
74.20367 201
74.22378 176
74.2439 191
74.26401 183
74.28412 196
74.30424 180
74.32435 197
74.34446 195
74.36458 186
74.38469 187
74.40481 187
74.42492 204
74.44503 193
74.46515 208
74.48526 222
74.50537 178
74.52549 205
74.5456 227
74.56571 203
74.58583 214
74.60594 214
74.62606 207
74.64617 198
74.66628 210
74.6864 224
74.70651 227
74.72662 206
74.74674 208
74.76685 217
74.78697 208
74.80708 237
74.82719 224
74.84731 204
74.86742 230
74.88753 185
74.90765 222
74.92776 210
74.94787 207
74.96799 227
74.9881 184
75.00822 199
