3.00117 22150
3.02128 21611
3.0414 21060
3.06151 20457
3.08162 19945
3.10174 19249
3.12185 18843
3.14197 18302
3.16208 17533
3.18219 17195
3.20231 16523
3.22242 15945
3.24253 15758
3.26265 15039
3.28276 14653
3.30288 14254
3.32299 13634
3.3431 13371
3.36322 12878
3.38333 12526
3.40344 11754
3.42356 11604
3.44367 11461
3.46379 10769
3.4839 10564
3.50401 10036
3.52413 9713
3.54424 9521
3.56435 8927
3.58447 8948
3.60458 8302
3.62469 8093
3.64481 7663
3.66492 7290
3.68504 7278
3.70515 6770
3.72526 6441
3.74538 6292
3.76549 6011
3.7856 5953
3.80572 5470
3.82583 5161
3.84595 5215
3.86606 4871
3.88617 4752
3.90629 4358
3.9264 4267
3.94651 4204
3.96663 3801
3.98674 3776
4.00686 3498
4.02697 3193
4.04708 3405
4.0672 2995
4.08731 2941
4.10742 2753
4.12754 2559
4.14765 2597
4.16776 2365
4.18788 2341
4.20799 2092
4.22811 2083
4.24822 2175
4.26833 1954
4.28845 1856
4.30856 1750
4.32867 1785
4.34879 1670
4.3689 1616
4.38902 1623
4.40913 1438
4.42924 1424
4.44936 1453
4.46947 1373
4.48958 1329
4.5097 1377
4.52981 1227
4.54992 1264
4.57004 1315
4.59015 1184
4.61027 1200
4.63038 1054
4.65049 1099
4.67061 969
4.69072 964
4.71083 1010
4.73095 938
4.75106 1005
4.77118 918
4.79129 831
4.8114 879
4.83152 833
4.85163 829
4.87174 816
4.89186 803
4.91197 819
4.93209 729
4.9522 706
4.97231 715
4.99243 657
5.01254 653
5.03265 678
5.05277 674
5.07288 709
5.09299 551
5.11311 548
5.13322 551
5.15334 570
5.17345 579
5.19356 476
5.21368 522
5.23379 471
5.2539 488
5.27402 475
5.29413 394
5.31425 432
5.33436 426
5.35447 388
5.37459 445
5.3947 402
5.41481 383
5.43493 387
5.45504 334
5.47516 358
5.49527 324
5.51538 295
5.5355 333
5.55561 332
5.57572 305
5.59584 296
5.61595 289
5.63606 328
5.65618 257
5.67629 290
5.69641 247
5.71652 204
5.73663 269
5.75675 236
5.77686 256
5.79697 268
5.81709 231
5.8372 245
5.85732 226
5.87743 223
5.89754 245
5.91766 211
5.93777 226
5.95788 203
5.978 218
5.99811 230
6.01823 207
6.03834 219
6.05845 191
6.07857 210
6.09868 200
6.11879 181
6.13891 194
6.15902 188
6.17913 190
6.19925 181
6.21936 207
6.23948 194
6.25959 172
6.2797 185
6.29982 176
6.31993 182
6.34004 182
6.36016 162
6.38027 142
6.40039 173
6.4205 164
6.44061 199
6.46073 192
6.48084 193
6.50095 148
6.52107 179
6.54118 163
6.56129 150
6.58141 158
6.60152 175
6.62164 175
6.64175 162
6.66186 174
6.68198 159
6.70209 156
6.7222 160
6.74232 157
6.76243 145
6.78255 169
6.80266 157
6.82277 161
6.84289 156
6.863 139
6.88311 166
6.90323 155
6.92334 149
6.94346 145
6.96357 162
6.98368 162
7.0038 160
7.02391 154
7.04402 157
7.06414 170
7.08425 136
7.10436 146
7.12448 175
7.14459 158
7.16471 155
7.18482 156
7.20493 144
7.22505 141
7.24516 147
7.26527 160
7.28539 156
7.3055 146
7.32562 156
7.34573 151
7.36584 153
7.38596 164
7.40607 177
7.42618 147
7.4463 143
7.46641 155
7.48653 162
7.50664 166
7.52675 174
7.54687 157
7.56698 182
7.58709 163
7.60721 197
7.62732 158
7.64743 207
7.66755 157
7.68766 187
7.70778 161
7.72789 175
7.748 171
7.76812 168
7.78823 147
7.80834 165
7.82846 174
7.84857 201
7.86869 185
7.8888 169
7.90891 175
7.92903 180
7.94914 174
7.96925 170
7.98937 171
8.00948 179
8.0296 183
8.04971 184
8.06982 182
8.08994 176
8.11005 175
8.13016 182
8.15028 179
8.17039 178
8.1905 172
8.21062 178
8.23073 158
8.25085 197
8.27096 162
8.29107 179
8.31119 185
8.3313 143
8.35141 200
8.37153 165
8.39164 192
8.41176 195
8.43187 182
8.45198 169
8.4721 203
8.49221 180
8.51232 184
8.53244 181
8.55255 187
8.57266 178
8.59278 208
8.61289 190
8.63301 198
8.65312 184
8.67323 185
8.69335 175
8.71346 190
8.73357 174
8.75369 201
8.7738 171
8.79392 181
8.81403 189
8.83414 170
8.85426 178
8.87437 202
8.89448 185
8.9146 170
8.93471 157
8.95483 199
8.97494 212
8.99505 197
9.01517 172
9.03528 180
9.05539 164
9.07551 191
9.09562 217
9.11573 181
9.13585 183
9.15596 199
9.17608 181
9.19619 180
9.2163 179
9.23642 178
9.25653 177
9.27664 190
9.29676 197
9.31687 193
9.33699 181
9.3571 176
9.37721 185
9.39733 199
9.41744 184
9.43755 198
9.45767 196
9.47778 182
9.4979 217
9.51801 178
9.53812 217
9.55824 216
9.57835 190
9.59846 186
9.61858 197
9.63869 185
9.6588 191
9.67892 222
9.69903 180
9.71915 197
9.73926 177
9.75937 189
9.77949 204
9.7996 175
9.81971 213
9.83983 207
9.85994 193
9.88006 190
9.90017 217
9.92028 196
9.9404 207
9.96051 214
9.98062 177
10.00074 177
10.02085 187
10.04097 194
10.06108 190
10.08119 192
10.10131 183
10.12142 172
10.14153 178
10.16165 197
10.18176 207
10.20187 178
10.22199 177
10.2421 202
10.26222 177
10.28233 192
10.30244 194
10.32256 205
10.34267 202
10.36278 180
10.3829 184
10.40301 198
10.42313 198
10.44324 191
10.46335 209
10.48347 212
10.50358 223
10.52369 188
10.54381 205
10.56392 194
10.58403 174
10.60415 209
10.62426 210
10.64438 187
10.66449 184
10.6846 191
10.70472 189
10.72483 184
10.74494 217
10.76506 167
10.78517 190
10.80529 185
10.8254 182
10.84551 210
10.86563 209
10.88574 197
10.90585 184
10.92597 200
10.94608 209
10.9662 196
10.98631 227
11.00642 190
11.02654 205
11.04665 215
11.06676 196
11.08688 212
11.10699 210
11.1271 173
11.14722 190
11.16733 197
11.18745 201
11.20756 180
11.22767 186
11.24779 204
11.2679 205
11.28801 200
11.30813 170
11.32824 192
11.34836 201
11.36847 187
11.38858 208
11.4087 193
11.42881 166
11.44892 197
11.46904 190
11.48915 208
11.50927 178
11.52938 185
11.54949 185
11.56961 210
11.58972 224
11.60983 179
11.62995 191
11.65006 183
11.67017 205
11.69029 198
11.7104 187
11.73052 218
11.75063 192
11.77074 176
11.79086 175
11.81097 201
11.83108 197
11.8512 211
11.87131 213
11.89143 169
11.91154 199
11.93165 186
11.95177 210
11.97188 175
11.99199 199
12.01211 220
12.03222 184
12.05234 198
12.07245 174
12.09256 211
12.11268 188
12.13279 195
12.1529 188
12.17302 186
12.19313 189
12.21324 200
12.23336 209
12.25347 230
12.27359 186
12.2937 197
12.31381 200
12.33393 195
12.35404 214
12.37415 197
12.39427 190
12.41438 167
12.4345 179
12.45461 196
12.47472 188
12.49484 178
12.51495 194
12.53506 199
12.55518 182
12.57529 202
12.5954 162
12.61552 199
12.63563 175
12.65575 186
12.67586 193
12.69597 188
12.71609 218
12.7362 205
12.75631 162
12.77643 217
12.79654 173
12.81666 179
12.83677 202
12.85688 183
12.877 176
12.89711 160
12.91722 181
12.93734 201
12.95745 195
12.97757 190
12.99768 173
13.01779 156
13.03791 155
13.05802 193
13.07813 167
13.09825 193
13.11836 179
13.13847 159
13.15859 160
13.1787 167
13.19882 149
13.21893 168
13.23904 199
13.25916 187
13.27927 194
13.29938 189
13.3195 158
13.33961 175
13.35973 154
13.37984 179
13.39995 178
13.42007 180
13.44018 172
13.46029 163
13.48041 158
13.50052 170
13.52064 174
13.54075 186
13.56086 200
13.58098 172
13.60109 162
13.6212 192
13.64132 183
13.66143 202
13.68154 188
13.70166 206
13.72177 191
13.74189 168
13.762 163
13.78211 189
13.80223 192
13.82234 206
13.84245 193
13.86257 182
13.88268 176
13.9028 171
13.92291 184
13.94302 181
13.96314 181
13.98325 195
14.00336 187
14.02348 159
14.04359 159
14.06371 191
14.08382 197
14.10393 193
14.12405 150
14.14416 168
14.16427 178
14.18439 178
14.2045 171
14.22461 165
14.24473 183
14.26484 158
14.28496 166
14.30507 167
14.32518 174
14.3453 182
14.36541 162
14.38552 171
14.40564 163
14.42575 172
14.44587 184
14.46598 169
14.48609 166
14.50621 204
14.52632 155
14.54643 156
14.56655 161
14.58666 156
14.60677 154
14.62689 185
14.647 171
14.66712 158
14.68723 170
14.70734 151
14.72746 179
14.74757 145
14.76768 185
14.7878 155
14.80791 159
14.82803 164
14.84814 164
14.86825 163
14.88837 181
14.90848 158
14.92859 165
14.94871 169
14.96882 157
14.98894 163
15.00905 177
15.02916 176
15.04928 160
15.06939 151
15.0895 167
15.10962 182
15.12973 172
15.14984 182
15.16996 156
15.19007 163
15.21019 166
15.2303 167
15.25041 164
15.27053 156
15.29064 165
15.31075 178
15.33087 153
15.35098 139
15.3711 174
15.39121 137
15.41132 135
15.43144 163
15.45155 157
15.47166 169
15.49178 170
15.51189 167
15.53201 188
15.55212 179
15.57223 166
15.59235 163
15.61246 158
15.63257 161
15.65269 152
15.6728 141
15.69291 164
15.71303 148
15.73314 135
15.75326 162
15.77337 151
15.79348 188
15.8136 177
15.83371 152
15.85382 121
15.87394 159
15.89405 145
15.91417 157
15.93428 176
15.95439 169
15.97451 167
15.99462 186
16.01473 166
16.03485 173
16.05496 155
16.07508 181
16.09519 172
16.1153 149
16.13542 151
16.15553 140
16.17564 158
16.19576 159
16.21587 170
16.23598 169
16.2561 159
16.27621 162
16.29633 141
16.31644 185
16.33655 144
16.35667 147
16.37678 139
16.39689 138
16.41701 133
16.43712 159
16.45724 151
16.47735 171
16.49746 179
16.51758 145
16.53769 161
16.5578 153
16.57792 139
16.59803 160
16.61814 142
16.63826 164
16.65837 151
16.67849 148
16.6986 131
16.71871 165
16.73883 129
16.75894 152
16.77905 146
16.79917 156
16.81928 171
16.8394 151
16.85951 177
16.87962 166
16.89974 163
16.91985 175
16.93996 168
16.96008 153
16.98019 140
17.00031 156
17.02042 135
17.04053 182
17.06065 145
17.08076 155
17.10087 140
17.12099 178
17.1411 123
17.16121 146
17.18133 150
17.20144 140
17.22156 148
17.24167 137
17.26178 150
17.2819 160
17.30201 177
17.32212 140
17.34224 188
17.36235 129
17.38247 144
17.40258 152
17.42269 149
17.44281 134
17.46292 139
17.48303 122
17.50315 127
17.52326 137
17.54338 153
17.56349 157
17.5836 145
17.60372 139
17.62383 164
17.64394 148
17.66406 154
17.68417 126
17.70428 138
17.7244 145
17.74451 141
17.76463 155
17.78474 166
17.80485 161
17.82497 150
17.84508 163
17.86519 127
17.88531 162
17.90542 125
17.92554 132
17.94565 138
17.96576 175
17.98588 146
18.00599 133
18.0261 147
18.04622 155
18.06633 160
18.08645 142
18.10656 139
18.12667 147
18.14679 165
18.1669 155
18.18701 127
18.20713 169
18.22724 172
18.24735 143
18.26747 150
18.28758 124
18.3077 155
18.32781 114
18.34792 192
18.36804 145
18.38815 156
18.40826 108
18.42838 147
18.44849 175
18.46861 150
18.48872 156
18.50883 154
18.52895 157
18.54906 137
18.56917 144
18.58929 140
18.6094 138
18.62951 171
18.64963 159
18.66974 145
18.68986 146
18.70997 159
18.73008 152
18.7502 192
18.77031 178
18.79042 181
18.81054 160
18.83065 175
18.85077 150
18.87088 194
18.89099 164
18.91111 165
18.93122 148
18.95133 158
18.97145 145
18.99156 154
19.01168 136
19.03179 127
19.0519 141
19.07202 164
19.09213 146
19.11224 164
19.13236 159
19.15247 172
19.17258 155
19.1927 143
19.21281 171
19.23293 145
19.25304 126
19.27315 163
19.29327 145
19.31338 136
19.33349 144
19.35361 151
19.37372 136
19.39384 154
19.41395 164
19.43406 160
19.45418 192
19.47429 167
19.4944 135
19.51452 170
19.53463 147
19.55475 162
19.57486 194
19.59497 168
19.61509 171
19.6352 158
19.65531 153
19.67543 155
19.69554 187
19.71565 159
19.73577 180
19.75588 140
19.776 154
19.79611 179
19.81622 174
19.83634 182
19.85645 181
19.87656 159
19.89668 191
19.91679 157
19.93691 176
19.95702 191
19.97713 200
19.99725 164
20.01736 152
20.03747 176
20.05759 181
20.0777 183
20.09782 205
20.11793 203
20.13804 183
20.15816 237
20.17827 261
20.19838 261
20.2185 246
20.23861 263
20.25872 243
20.27884 262
20.29895 243
20.31907 263
20.33918 280
20.35929 297
20.37941 260
20.39952 285
20.41963 274
20.43975 345
20.45986 341
20.47998 387
20.50009 334
20.5202 381
20.54032 407
20.56043 426
20.58054 433
20.60066 458
20.62077 509
20.64088 555
20.661 681
20.68111 816
20.70123 1091
20.72134 1376
20.74145 1899
20.76157 2682
20.78168 3833
20.80179 5360
20.82191 7073
20.84202 9056
20.86214 10103
20.88225 9961
20.90236 8338
20.92248 6106
20.94259 4170
20.9627 2382
20.98282 1433
21.00293 924
21.02305 743
21.04316 644
21.06327 554
21.08339 451
21.1035 485
21.12361 448
21.14373 381
21.16384 364
21.18395 366
21.20407 301
21.22418 312
21.2443 324
21.26441 297
21.28452 247
21.30464 256
21.32475 255
21.34486 234
21.36498 243
21.38509 251
21.40521 246
21.42532 222
21.44543 182
21.46555 231
21.48566 212
21.50577 198
21.52589 223
21.546 236
21.56612 223
21.58623 179
21.60634 228
21.62646 217
21.64657 193
21.66668 206
21.6868 217
21.70691 201
21.72702 225
21.74714 177
21.76725 181
21.78737 229
21.80748 196
21.82759 205
21.84771 183
21.86782 193
21.88793 208
21.90805 170
21.92816 209
21.94828 179
21.96839 210
21.9885 182
22.00862 226
22.02873 228
22.04884 215
22.06896 211
22.08907 196
22.10919 213
22.1293 200
22.14941 197
22.16953 188
22.18964 190
22.20975 210
22.22987 190
22.24998 208
22.27009 205
22.29021 187
22.31032 224
22.33044 179
22.35055 205
22.37066 203
22.39078 194
22.41089 228
22.431 187
22.45112 203
22.47123 197
22.49135 164
22.51146 173
22.53157 203
22.55169 184
22.5718 197
22.59191 195
22.61203 220
22.63214 173
22.65225 192
22.67237 205
22.69248 193
22.7126 191
22.73271 186
22.75282 177
22.77294 155
22.79305 176
22.81316 183
22.83328 195
22.85339 197
22.87351 179
22.89362 175
22.91373 178
22.93385 201
22.95396 188
22.97407 191
22.99419 186
23.0143 177
23.03442 187
23.05453 188
23.07464 187
23.09476 186
23.11487 177
23.13498 225
23.1551 184
23.17521 184
23.19532 196
23.21544 203
23.23555 222
23.25567 156
23.27578 179
23.29589 164
23.31601 170
23.33612 214
23.35623 168
23.37635 186
23.39646 187
23.41658 180
23.43669 173
23.4568 165
23.47692 162
23.49703 198
23.51714 214
23.53726 185
23.55737 177
23.57749 164
23.5976 208
23.61771 201
23.63783 191
23.65794 210
23.67805 175
23.69817 147
23.71828 187
23.73839 191
23.75851 203
23.77862 211
23.79874 206
23.81885 203
23.83896 192
23.85908 204
23.87919 232
23.8993 215
23.91942 226
23.93953 225
23.95965 257
23.97976 274
23.99987 310
24.01999 322
24.0401 295
24.06021 262
24.08033 212
24.10044 213
24.12056 204
24.14067 188
24.16078 170
24.1809 174
24.20101 160
24.22112 185
24.24124 189
24.26135 192
24.28146 207
24.30158 170
24.32169 169
24.34181 162
24.36192 159
24.38203 176
24.40215 189
24.42226 163
24.44237 191
24.46249 162
24.4826 187
24.50272 181
24.52283 165
24.54294 197
24.56306 157
24.58317 163
24.60328 205
24.6234 165
24.64351 184
24.66362 178
24.68374 192
24.70385 183
24.72397 209
24.74408 185
24.76419 204
24.78431 211
24.80442 217
24.82453 201
24.84465 174
24.86476 202
24.88488 190
24.90499 174
24.9251 181
24.94522 170
24.96533 182
24.98544 204
25.00556 196
25.02567 208
25.04579 178
25.0659 201
25.08601 173
25.10613 190
25.12624 168
25.14635 217
25.16647 212
25.18658 162
25.20669 187
25.22681 186
25.24692 180
25.26704 194
25.28715 184
25.30726 220
25.32738 186
25.34749 227
25.3676 217
25.38772 203
25.40783 192
25.42795 203
25.44806 224
25.46817 236
25.48829 228
25.5084 217
25.52851 256
25.54863 269
25.56874 298
25.58886 279
25.60897 295
25.62908 308
25.6492 345
25.66931 327
25.68942 322
25.70954 382
25.72965 368
25.74976 455
25.76988 434
25.78999 440
25.81011 462
25.83022 425
25.85033 522
25.87045 530
25.89056 470
25.91067 500
25.93079 566
25.9509 508
25.97102 510
25.99113 467
26.01124 570
26.03136 570
26.05147 570
26.07158 600
26.0917 639
26.11181 620
26.13193 668
26.15204 714
26.17215 785
26.19227 863
26.21238 890
26.23249 979
26.25261 1094
26.27272 1111
26.29283 1207
26.31295 1310
26.33306 1441
26.35318 1610
26.37329 1884
26.3934 2150
26.41352 2669
26.43363 3119
26.45374 3981
26.47386 5304
26.49397 7026
26.51409 9548
26.5342 13428
26.55431 18444
26.57443 25275
26.59454 33143
26.61465 40482
26.63477 45997
26.65488 45476
26.67499 38494
26.69511 29804
26.71522 22787
26.73534 16121
26.75545 9760
26.77556 5242
26.79568 3203
26.81579 2573
26.8359 2099
26.85602 1845
26.87613 1678
26.89625 1442
26.91636 1333
26.93647 1223
26.95659 1129
26.9767 970
26.99681 904
27.01693 829
27.03704 785
27.05716 693
27.07727 641
27.09738 667
27.1175 550
27.13761 589
27.15772 560
27.17784 497
27.19795 543
27.21806 469
27.23818 430
27.25829 465
27.27841 459
27.29852 428
27.31863 461
27.33875 504
27.35886 466
27.37897 471
27.39909 476
27.4192 493
27.43932 493
27.45943 517
27.47954 530
27.49966 469
27.51977 469
27.53988 457
27.56 412
27.58011 392
27.60023 354
27.62034 350
27.64045 325
27.66057 333
27.68068 335
27.70079 333
27.72091 336
27.74102 326
27.76113 337
27.78125 321
27.80136 301
27.82148 306
27.84159 313
27.8617 327
27.88182 321
27.90193 307
27.92204 331
27.94216 302
27.96227 302
27.98239 295
28.0025 278
28.02261 267
28.04273 320
28.06284 306
28.08295 293
28.10307 256
28.12318 267
28.1433 244
28.16341 254
28.18352 273
28.20364 268
28.22375 284
28.24386 244
28.26398 250
28.28409 251
28.3042 257
28.32432 221
28.34443 223
28.36455 258
28.38466 215
28.40477 272
28.42489 233
28.445 233
28.46511 231
28.48523 223
28.50534 245
28.52546 251
28.54557 221
28.56568 245
28.5858 236
28.60591 209
28.62602 227
28.64614 234
28.66625 197
28.68636 216
28.70648 219
28.72659 246
28.74671 222
28.76682 238
28.78693 246
28.80705 225
28.82716 240
28.84727 211
28.86739 254
28.8875 193
28.90762 216
28.92773 224
28.94784 217
28.96796 210
28.98807 225
29.00818 240
29.0283 211
29.04841 219
29.06853 213
29.08864 218
29.10875 222
29.12887 231
29.14898 197
29.16909 235
29.18921 216
29.20932 182
29.22943 205
29.24955 237
29.26966 202
29.28978 201
29.30989 211
29.33 237
29.35012 189
29.37023 212
29.39034 214
29.41046 211
29.43057 214
29.45069 211
29.4708 204
29.49091 227
29.51103 211
29.53114 214
29.55125 210
29.57137 199
29.59148 217
29.6116 175
29.63171 193
29.65182 186
29.67194 218
29.69205 187
29.71216 196
29.73228 195
29.75239 188
29.7725 185
29.79262 208
29.81273 198
29.83285 215
29.85296 221
29.87307 202
29.89319 192
29.9133 175
29.93341 194
29.95353 219
29.97364 193
29.99376 193
30.01387 200
30.03398 194
30.0541 206
30.07421 189
30.09432 177
30.11444 198
30.13455 215
30.15467 166
30.17478 219
30.19489 255
30.21501 226
30.23512 216
30.25523 218
30.27535 189
30.29546 175
30.31557 201
30.33569 177
30.3558 190
30.37592 190
30.39603 187
30.41614 202
30.43626 196
30.45637 190
30.47648 164
30.4966 192
30.51671 173
30.53683 186
30.55694 153
30.57705 175
30.59717 184
30.61728 172
30.63739 184
30.65751 189
30.67762 212
30.69773 169
30.71785 200
30.73796 185
30.75808 188
30.77819 203
30.7983 201
30.81842 218
30.83853 170
30.85864 170
30.87876 190
30.89887 182
30.91899 210
30.9391 185
30.95921 174
30.97933 174
30.99944 165
31.01955 160
31.03967 172
31.05978 158
31.0799 169
31.10001 160
31.12012 161
31.14024 176
31.16035 174
31.18046 149
31.20058 166
31.22069 152
31.2408 163
31.26092 169
31.28103 159
31.30115 159
31.32126 180
31.34137 144
31.36149 173
31.3816 147
31.40171 137
31.42183 173
31.44194 165
31.46206 163
31.48217 144
31.50228 151
31.5224 149
31.54251 140
31.56262 160
31.58274 166
31.60285 169
31.62297 134
31.64308 153
31.66319 158
31.68331 154
31.70342 145
31.72353 146
31.74365 150
31.76376 136
31.78387 136
31.80399 157
31.8241 148
31.84422 150
31.86433 129
31.88444 131
31.90456 148
31.92467 134
31.94478 143
31.9649 167
31.98501 135
32.00513 163
32.02524 158
32.04535 142
32.06547 138
32.08558 150
32.10569 147
32.12581 135
32.14592 142
32.16604 161
32.18615 160
32.20626 160
32.22638 144
32.24649 126
32.2666 165
32.28672 155
32.30683 143
32.32694 156
32.34706 159
32.36717 177
32.38729 137
32.4074 157
32.42751 163
32.44763 149
32.46774 150
32.48785 154
32.50797 162
32.52808 136
32.5482 135
32.56831 152
32.58842 128
32.60854 141
32.62865 147
32.64876 151
32.66888 145
32.68899 143
32.7091 126
32.72922 145
32.74933 161
32.76945 128
32.78956 124
32.80967 133
32.82979 128
32.8499 121
32.87001 142
32.89013 133
32.91024 143
32.93036 119
32.95047 137
32.97058 143
32.9907 136
33.01081 143
33.03092 143
33.05104 144
33.07115 159
33.09127 149
33.11138 140
33.13149 145
33.15161 151
33.17172 122
33.19183 132
33.21195 150
33.23206 127
33.25217 134
33.27229 137
33.2924 136
33.31252 139
33.33263 126
33.35274 145
33.37286 126
33.39297 133
33.41308 137
33.4332 120
33.45331 133
33.47343 139
33.49354 116
33.51365 133
33.53377 131
33.55388 138
33.57399 131
33.59411 138
33.61422 127
33.63434 115
33.65445 124
33.67456 115
33.69468 137
33.71479 120
33.7349 122
33.75502 136
33.77513 117
33.79524 135
33.81536 149
33.83547 137
33.85559 115
33.8757 115
33.89581 125
33.91593 124
33.93604 142
33.95615 133
33.97627 143
33.99638 127
34.0165 137
34.03661 133
34.05672 131
34.07684 129
34.09695 132
34.11706 107
34.13718 109
34.15729 131
34.17741 151
34.19752 160
34.21763 132
34.23775 138
34.25786 109
34.27797 144
34.29809 126
34.3182 129
34.33831 158
34.35843 128
34.37854 137
34.39866 116
34.41877 140
34.43888 130
34.459 109
34.47911 126
34.49922 122
34.51934 128
34.53945 128
34.55957 151
34.57968 133
34.59979 141
34.61991 158
34.64002 138
34.66013 133
34.68025 142
34.70036 146
34.72047 153
34.74059 140
34.7607 154
34.78082 115
34.80093 127
34.82104 135
34.84116 154
34.86127 154
34.88138 158
34.9015 134
34.92161 142
34.94173 134
34.96184 151
34.98195 135
35.00207 179
35.02218 134
35.04229 152
35.06241 126
35.08252 159
35.10264 141
35.12275 135
35.14286 137
35.16298 146
35.18309 142
35.2032 151
35.22332 127
35.24343 129
35.26354 157
35.28366 150
35.30377 158
35.32389 149
35.344 149
35.36411 153
35.38423 160
35.40434 139
35.42445 142
35.44457 128
35.46468 170
35.4848 175
35.50491 156
35.52502 154
35.54514 172
35.56525 175
35.58536 155
35.60548 166
35.62559 155
35.64571 160
35.66582 151
35.68593 157
35.70605 131
35.72616 145
35.74627 168
35.76639 142
35.7865 143
35.80661 163
35.82673 172
35.84684 138
35.86696 149
35.88707 138
35.90718 176
35.9273 151
35.94741 162
35.96752 173
35.98764 176
36.00775 198
36.02787 193
36.04798 175
36.06809 186
36.08821 177
36.10832 188
36.12843 214
36.14855 202
36.16866 195
36.18878 204
36.20889 225
36.229 235
36.24912 253
36.26923 285
36.28934 319
36.30946 339
36.32957 435
36.34968 522
36.3698 593
36.38991 761
36.41003 916
36.43014 1125
36.45025 1519
36.47037 1884
36.49048 2254
36.51059 2791
36.53071 3069
36.55082 3099
36.57094 2564
36.59105 1990
36.61116 1719
36.63128 1667
36.65139 1282
36.6715 947
36.69162 604
36.71173 389
36.73184 312
36.75196 278
36.77207 254
36.79219 231
36.8123 234
36.83241 214
36.85253 195
36.87264 195
36.89275 204
36.91287 182
36.93298 161
36.9531 182
36.97321 161
36.99332 170
37.01344 208
37.03355 174
37.05366 151
37.07378 154
37.09389 155
37.11401 125
37.13412 157
37.15423 138
37.17435 144
37.19446 150
37.21457 125
37.23469 134
37.2548 134
37.27491 152
37.29503 160
37.31514 145
37.33526 145
37.35537 127
37.37548 121
37.3956 141
37.41571 118
37.43582 118
37.45594 130
37.47605 111
37.49617 122
37.51628 139
37.53639 132
37.55651 150
37.57662 138
37.59673 128
37.61685 144
37.63696 116
37.65708 149
37.67719 131
37.6973 133
37.71742 132
37.73753 150
37.75764 130
37.77776 116
37.79787 124
37.81798 145
37.8381 131
37.85821 138
37.87833 122
37.89844 124
37.91855 121
37.93867 150
37.95878 122
37.97889 140
37.99901 139
38.01912 142
38.03924 135
38.05935 145
38.07946 148
38.09958 145
38.11969 142
38.1398 150
38.15992 143
38.18003 138
38.20015 149
38.22026 122
38.24037 156
38.26049 139
38.2806 154
38.30071 150
38.32083 123
38.34094 132
38.36105 129
38.38117 140
38.40128 144
38.4214 165
38.44151 157
38.46162 142
38.48174 155
38.50185 150
38.52196 156
38.54208 114
38.56219 146
38.58231 152
38.60242 170
38.62253 149
38.64265 144
38.66276 159
38.68287 166
38.70299 154
38.7231 155
38.74321 146
38.76333 144
38.78344 134
38.80356 145
38.82367 144
38.84378 163
38.8639 155
38.88401 147
38.90412 166
38.92424 155
38.94435 145
38.96447 158
38.98458 178
39.00469 174
39.02481 189
39.04492 190
39.06503 195
39.08515 192
39.10526 209
39.12538 204
39.14549 231
39.1656 273
39.18572 283
39.20583 304
39.22594 346
39.24606 389
39.26617 460
39.28628 539
39.3064 675
39.32651 821
39.34663 1033
39.36674 1296
39.38685 1678
39.40697 2051
39.42708 2503
39.44719 2678
39.46731 2760
39.48742 2412
39.50754 1901
39.52765 1546
39.54776 1511
39.56788 1333
39.58799 1074
39.6081 773
39.62822 481
39.64833 340
39.66845 290
39.68856 264
39.70867 277
39.72879 238
39.7489 227
39.76901 214
39.78913 212
39.80924 186
39.82935 221
39.84947 199
39.86958 221
39.8897 204
39.90981 209
39.92992 220
39.95004 189
39.97015 224
39.99026 216
40.01038 210
40.03049 257
40.05061 278
40.07072 304
40.09083 311
40.11095 383
40.13106 421
40.15117 466
40.17129 637
40.1914 721
40.21152 893
40.23163 1125
40.25174 1241
40.27186 1358
40.29197 1379
40.31208 1208
40.3322 979
40.35231 771
40.37242 828
40.39254 696
40.41265 635
40.43277 427
40.45288 286
40.47299 249
40.49311 189
40.51322 191
40.53333 172
40.55345 163
40.57356 165
40.59368 156
40.61379 167
40.6339 162
40.65402 153
40.67413 155
40.69424 141
40.71436 146
40.73447 148
40.75458 156
40.7747 134
40.79481 146
40.81493 155
40.83504 124
40.85515 151
40.87527 130
40.89538 145
40.91549 128
40.93561 161
40.95572 164
40.97584 154
40.99595 153
41.01606 172
41.03618 147
41.05629 153
41.0764 127
41.09652 157
41.11663 144
41.13675 170
41.15686 125
41.17697 133
41.19709 140
41.2172 157
41.23731 148
41.25743 172
41.27754 142
41.29765 163
41.31777 152
41.33788 162
41.358 147
41.37811 136
41.39822 147
41.41834 131
41.43845 139
41.45856 153
41.47868 142
41.49879 140
41.51891 158
41.53902 133
41.55913 163
41.57925 138
41.59936 131
41.61947 147
41.63959 161
41.6597 139
41.67982 175
41.69993 156
41.72004 175
41.74016 146
41.76027 160
41.78038 197
41.8005 183
41.82061 184
41.84072 168
41.86084 158
41.88095 178
41.90107 197
41.92118 171
41.94129 196
41.96141 156
41.98152 164
42.00163 181
42.02175 172
42.04186 178
42.06198 185
42.08209 189
42.1022 197
42.12232 232
42.14243 199
42.16254 232
42.18266 278
42.20277 317
42.22289 359
42.243 377
42.26311 441
42.28323 557
42.30334 641
42.32345 801
42.34357 961
42.36368 1158
42.38379 1474
42.40391 1638
42.42402 1833
42.44414 1915
42.46425 1782
42.48436 1491
42.50448 1182
42.52459 1118
42.5447 1010
42.56482 927
42.58493 740
42.60505 507
42.62516 367
42.64527 264
42.66539 228
42.6855 214
42.70561 224
42.72573 203
42.74584 213
42.76595 199
42.78607 173
42.80618 138
42.8263 163
42.84641 176
42.86652 146
42.88664 170
42.90675 166
42.92686 148
42.94698 151
42.96709 130
42.98721 149
43.00732 153
43.02743 148
43.04755 144
43.06766 124
43.08777 136
43.10789 122
43.128 149
43.14812 128
43.16823 133
43.18834 127
43.20846 154
43.22857 115
43.24868 158
43.2688 146
43.28891 127
43.30902 128
43.32914 148
43.34925 118
43.36937 136
43.38948 138
43.40959 126
43.42971 149
43.44982 133
43.46993 114
43.49005 137
43.51016 142
43.53028 116
43.55039 124
43.5705 126
43.59062 140
43.61073 126
43.63084 132
43.65096 123
43.67107 132
43.69119 137
43.7113 121
43.73141 132
43.75153 130
43.77164 110
43.79175 141
43.81187 132
43.83198 137
43.85209 110
43.87221 140
43.89232 119
43.91244 124
43.93255 138
43.95266 114
43.97278 127
43.99289 118
44.013 126
44.03312 121
44.05323 114
44.07335 126
44.09346 131
44.11357 124
44.13369 132
44.1538 121
44.17391 140
44.19403 119
44.21414 121
44.23426 150
44.25437 110
44.27448 121
44.2946 135
44.31471 123
44.33482 119
44.35494 128
44.37505 138
44.39516 124
44.41528 113
44.43539 151
44.45551 108
44.47562 123
44.49573 124
44.51585 102
44.53596 120
44.55607 126
44.57619 138
44.5963 106
44.61642 160
44.63653 114
44.65664 113
44.67676 116
44.69687 140
44.71698 132
44.7371 121
44.75721 144
44.77732 137
44.79744 132
44.81755 126
44.83767 131
44.85778 130
44.87789 127
44.89801 149
44.91812 126
44.93823 152
44.95835 130
44.97846 151
44.99858 147
45.01869 141
45.0388 143
45.05892 139
45.07903 123
45.09914 143
45.11926 160
45.13937 126
45.15949 127
45.1796 134
45.19971 130
45.21983 148
45.23994 131
45.26005 145
45.28017 129
45.30028 142
45.32039 118
45.34051 137
45.36062 156
45.38074 150
45.40085 170
45.42096 170
45.44108 168
45.46119 174
45.4813 195
45.50142 207
45.52153 224
45.54165 228
45.56176 301
45.58187 296
45.60199 351
45.6221 399
45.64221 452
45.66233 551
45.68244 679
45.70256 802
45.72267 985
45.74278 1212
45.7629 1200
45.78301 1298
45.80312 1224
45.82324 981
45.84335 773
45.86346 690
45.88358 705
45.90369 663
45.92381 593
45.94392 423
45.96403 338
45.98415 235
46.00426 170
46.02437 197
46.04449 168
46.0646 160
46.08472 151
46.10483 164
46.12494 167
46.14506 152
46.16517 140
46.18528 137
46.2054 142
46.22551 140
46.24563 144
46.26574 139
46.28585 106
46.30597 131
46.32608 130
46.34619 119
46.36631 121
46.38642 136
46.40653 122
46.42665 124
46.44676 123
46.46688 104
46.48699 114
46.5071 125
46.52722 119
46.54733 125
46.56744 113
46.58756 116
46.60767 117
46.62779 107
46.6479 104
46.66801 108
46.68813 116
46.70824 122
46.72835 124
46.74847 130
46.76858 113
46.78869 129
46.80881 109
46.82892 102
46.84904 122
46.86915 105
46.88926 116
46.90938 98
46.92949 96
46.9496 116
46.96972 121
46.98983 129
47.00995 141
47.03006 122
47.05017 127
47.07029 118
47.0904 112
47.11051 121
47.13063 119
47.15074 119
47.17086 102
47.19097 111
47.21108 130
47.2312 97
47.25131 134
47.27142 124
47.29154 125
47.31165 125
47.33176 134
47.35188 120
47.37199 141
47.39211 117
47.41222 109
47.43233 109
47.45245 123
47.47256 137
47.49267 128
47.51279 121
47.5329 107
47.55302 106
47.57313 126
47.59324 116
47.61336 104
47.63347 124
47.65358 109
47.6737 115
47.69381 103
47.71393 103
47.73404 117
47.75415 106
47.77427 111
47.79438 99
47.81449 114
47.83461 117
47.85472 114
47.87483 112
47.89495 130
47.91506 121
47.93518 111
47.95529 120
47.9754 114
47.99552 118
48.01563 121
48.03574 123
48.05586 108
48.07597 104
48.09609 108
48.1162 134
48.13631 93
48.15643 83
48.17654 102
48.19665 118
48.21677 132
48.23688 119
48.257 118
48.27711 113
48.29722 124
48.31734 144
48.33745 128
48.35756 119
48.37768 124
48.39779 128
48.4179 125
48.43802 120
48.45813 138
48.47825 133
48.49836 127
48.51847 141
48.53859 109
48.5587 127
48.57881 124
48.59893 137
48.61904 120
48.63916 131
48.65927 137
48.67938 124
48.6995 122
48.71961 119
48.73972 142
48.75984 144
48.77995 140
48.80006 131
48.82018 134
48.84029 137
48.86041 142
48.88052 139
48.90063 143
48.92075 130
48.94086 143
48.96097 135
48.98109 146
49.0012 155
49.02132 132
49.04143 130
49.06154 153
49.08166 151
49.10177 151
49.12188 148
49.142 129
49.16211 140
49.18223 145
49.20234 136
49.22245 151
49.24257 136
49.26268 150
49.28279 134
49.30291 146
49.32302 148
49.34313 167
49.36325 128
49.38336 131
49.40348 143
49.42359 152
49.4437 146
49.46382 152
49.48393 160
49.50404 172
49.52416 161
49.54427 142
49.56439 190
49.5845 191
49.60461 184
49.62473 208
49.64484 206
49.66495 233
49.68507 237
49.70518 238
49.7253 261
49.74541 287
49.76552 313
49.78564 328
49.80575 374
49.82586 393
49.84598 448
49.86609 507
49.8862 652
49.90632 716
49.92643 811
49.94655 992
49.96666 1181
49.98677 1400
50.00689 1774
50.027 2183
50.04711 2654
50.06723 3193
50.08734 3640
50.10746 4154
50.12757 4144
50.14768 3785
50.1678 3051
50.18791 2349
50.20802 2122
50.22814 2194
50.24825 2163
50.26837 2003
50.28848 1582
50.30859 1124
50.32871 741
50.34882 513
50.36893 425
50.38905 355
50.40916 308
50.42927 308
50.44939 323
50.4695 281
50.48962 282
50.50973 291
50.52984 302
50.54996 276
50.57007 273
50.59018 265
50.6103 273
50.63041 269
50.65053 268
50.67064 214
50.69075 194
50.71087 197
50.73098 205
50.75109 185
50.77121 170
50.79132 156
50.81143 150
50.83155 157
50.85166 165
50.87178 147
50.89189 144
50.912 154
50.93212 134
50.95223 151
50.97234 129
50.99246 133
51.01257 136
51.03269 135
51.0528 145
51.07291 117
51.09303 150
51.11314 128
51.13325 132
51.15337 131
51.17348 131
51.1936 104
51.21371 123
51.23382 138
51.25394 131
51.27405 125
51.29416 117
51.31428 116
51.33439 126
51.3545 135
51.37462 112
51.39473 111
51.41485 104
51.43496 120
51.45507 94
51.47519 132
51.4953 109
51.51541 117
51.53553 119
51.55564 115
51.57576 110
51.59587 105
51.61598 109
51.6361 140
51.65621 117
51.67632 114
51.69644 108
51.71655 123
51.73667 114
51.75678 103
51.77689 109
51.79701 111
51.81712 113
51.83723 121
51.85735 108
51.87746 103
51.89757 116
51.91769 118
51.9378 112
51.95792 98
51.97803 114
51.99814 102
52.01826 106
52.03837 102
52.05848 105
52.0786 117
52.09871 125
52.11883 106
52.13894 99
52.15905 104
52.17917 130
52.19928 113
52.21939 119
52.23951 104
52.25962 118
52.27974 129
52.29985 94
52.31996 114
52.34008 120
52.36019 104
52.3803 103
52.40042 108
52.42053 130
52.44064 107
52.46076 104
52.48087 120
52.50099 120
52.5211 113
52.54121 104
52.56133 127
52.58144 91
52.60155 111
52.62167 101
52.64178 106
52.6619 114
52.68201 125
52.70212 102
52.72224 114
52.74235 122
52.76246 105
52.78258 119
52.80269 97
52.8228 117
52.84292 126
52.86303 110
52.88315 101
52.90326 98
52.92337 113
52.94349 105
52.9636 106
52.98371 116
53.00383 112
53.02394 112
53.04406 110
53.06417 126
53.08428 120
53.1044 104
53.12451 114
53.14462 124
53.16474 113
53.18485 116
53.20497 112
53.22508 136
53.24519 92
53.26531 127
53.28542 118
53.30553 121
53.32565 115
53.34576 127
53.36587 116
53.38599 127
53.4061 122
53.42622 106
53.44633 111
53.46644 113
53.48656 120
53.50667 99
53.52678 122
53.5469 97
53.56701 108
53.58713 104
53.60724 124
53.62735 129
53.64747 122
53.66758 113
53.68769 105
53.70781 130
53.72792 111
53.74804 107
53.76815 112
53.78826 131
53.80838 131
53.82849 120
53.8486 112
53.86872 103
53.88883 105
53.90894 117
53.92906 112
53.94917 92
53.96929 121
53.9894 128
54.00951 94
54.02963 134
54.04974 122
54.06985 105
54.08997 114
54.11008 113
54.1302 120
54.15031 102
54.17042 123
54.19054 114
54.21065 111
54.23076 113
54.25088 127
54.27099 132
54.29111 136
54.31122 145
54.33133 142
54.35145 141
54.37156 165
54.39167 136
54.41179 188
54.4319 155
54.45201 164
54.47213 163
54.49224 174
54.51236 162
54.53247 196
54.55258 203
54.5727 217
54.59281 231
54.61292 255
54.63304 306
54.65315 318
54.67327 345
54.69338 415
54.71349 495
54.73361 629
54.75372 674
54.77383 829
54.79395 900
54.81406 1091
54.83417 1185
54.85429 1203
54.8744 1107
54.89452 944
54.91463 822
54.93474 724
54.95486 662
54.97497 702
54.99508 666
55.0152 670
55.03531 584
55.05543 428
55.07554 311
55.09565 316
55.11577 268
55.13588 277
55.15599 300
55.17611 318
55.19622 353
55.21634 384
55.23645 464
55.25656 556
55.27668 539
55.29679 596
55.3169 587
55.33702 476
55.35713 428
55.37724 418
55.39736 376
55.41747 353
55.43759 366
55.4577 319
55.47781 343
55.49793 289
55.51804 203
55.53815 161
55.55827 179
55.57838 143
55.5985 142
55.61861 128
55.63872 116
55.65884 123
55.67895 132
55.69906 115
55.71918 119
55.73929 123
55.75941 126
55.77952 131
55.79963 98
55.81975 104
55.83986 117
55.85997 100
55.88009 112
55.9002 114
55.92031 103
55.94043 127
55.96054 105
55.98066 105
56.00077 113
56.02088 100
56.041 109
56.06111 102
56.08122 101
56.10134 98
56.12145 99
56.14157 97
56.16168 103
56.18179 85
56.20191 108
56.22202 109
56.24213 109
56.26225 97
56.28236 89
56.30248 90
56.32259 103
56.3427 114
56.36282 82
56.38293 104
56.40304 122
56.42316 125
56.44327 104
56.46338 108
56.4835 121
56.50361 120
56.52373 104
56.54384 94
56.56395 103
56.58407 96
56.60418 120
56.62429 106
56.64441 98
56.66452 110
56.68464 110
56.70475 123
56.72486 95
56.74498 97
56.76509 91
56.7852 110
56.80532 109
56.82543 108
56.84554 105
56.86566 109
56.88577 99
56.90589 111
56.926 94
56.94611 114
56.96623 105
56.98634 119
57.00645 112
57.02657 120
57.04668 120
57.0668 126
57.08691 131
57.10702 138
57.12714 132
57.14725 160
57.16736 144
57.18748 171
57.20759 177
57.22771 153
57.24782 146
57.26793 143
57.28805 128
57.30816 113
57.32827 134
57.34839 127
57.3685 120
57.38861 109
57.40873 117
57.42884 127
57.44896 119
57.46907 117
57.48918 92
57.5093 103
57.52941 117
57.54952 93
57.56964 111
57.58975 111
57.60987 97
57.62998 100
57.65009 103
57.67021 103
57.69032 107
57.71043 115
57.73055 112
57.75066 103
57.77078 119
57.79089 117
57.811 126
57.83112 118
57.85123 97
57.87134 105
57.89146 113
57.91157 88
57.93168 102
57.9518 98
57.97191 117
57.99203 114
58.01214 117
58.03225 96
58.05237 109
58.07248 111
58.09259 111
58.11271 110
58.13282 105
58.15294 105
58.17305 109
58.19316 103
58.21328 101
58.23339 111
58.2535 97
58.27362 107
58.29373 99
58.31385 88
58.33396 94
58.35407 109
58.37419 114
58.3943 115
58.41441 81
58.43453 120
58.45464 105
58.47475 118
58.49487 122
58.51498 117
58.5351 116
58.55521 105
58.57532 134
58.59544 112
58.61555 92
58.63566 111
58.65578 109
58.67589 120
58.69601 111
58.71612 118
58.73623 122
58.75635 134
58.77646 117
58.79657 99
58.81669 102
58.8368 112
58.85691 102
58.87703 133
58.89714 122
58.91726 119
58.93737 95
58.95748 121
58.9776 116
58.99771 127
59.01782 113
59.03794 124
59.05805 105
59.07817 129
59.09828 124
59.11839 128
59.13851 118
59.15862 120
59.17873 116
59.19885 118
59.21896 118
59.23908 128
59.25919 126
59.2793 121
59.29942 147
59.31953 143
59.33964 138
59.35976 143
59.37987 173
59.39998 156
59.4201 175
59.44021 171
59.46033 185
59.48044 192
59.50055 182
59.52067 200
59.54078 226
59.56089 246
59.58101 248
59.60112 279
59.62124 286
59.64135 337
59.66146 380
59.68158 428
59.70169 479
59.7218 558
59.74192 651
59.76203 730
59.78215 831
59.80226 1048
59.82237 1230
59.84249 1509
59.8626 1760
59.88271 2073
59.90283 2351
59.92294 2438
59.94305 2423
59.96317 2159
59.98328 1838
60.0034 1445
60.02351 1216
60.04362 1227
60.06374 1307
60.08385 1286
60.10396 1249
60.12408 1090
60.14419 861
60.16431 572
60.18442 419
60.20453 295
60.22465 272
60.24476 254
60.26487 205
60.28499 208
60.3051 191
60.32522 179
60.34533 176
60.36544 152
60.38556 170
60.40567 156
60.42578 151
60.4459 139
60.46601 151
60.48612 134
60.50624 128
60.52635 123
60.54647 121
60.56658 144
60.58669 144
60.60681 112
60.62692 124
60.64703 129
60.66715 118
60.68726 123
60.70738 122
60.72749 109
60.7476 109
60.76772 109
60.78783 139
60.80794 146
60.82806 117
60.84817 124
60.86828 124
60.8884 95
60.90851 91
60.92863 115
60.94874 119
60.96885 126
60.98897 116
61.00908 121
61.02919 119
61.04931 91
61.06942 106
61.08954 101
61.10965 98
61.12976 132
61.14988 98
61.16999 111
61.1901 116
61.21022 110
61.23033 110
61.25045 104
61.27056 120
61.29067 126
61.31079 111
61.3309 85
61.35101 110
61.37113 107
61.39124 95
61.41135 120
61.43147 92
61.45158 101
61.4717 81
61.49181 103
61.51192 96
61.53204 104
61.55215 96
61.57226 90
61.59238 110
61.61249 104
61.63261 112
61.65272 103
61.67283 110
61.69295 99
61.71306 100
61.73317 95
61.75329 113
61.7734 96
61.79352 84
61.81363 87
61.83374 98
61.85386 99
61.87397 105
61.89408 96
61.9142 101
61.93431 112
61.95442 99
61.97454 115
61.99465 79
62.01477 95
62.03488 98
62.05499 96
62.07511 90
62.09522 111
62.11533 94
62.13545 100
62.15556 99
62.17568 100
62.19579 111
62.2159 105
62.23602 121
62.25613 97
62.27624 105
62.29636 110
62.31647 116
62.33659 107
62.3567 95
62.37681 106
62.39693 104
62.41704 104
62.43715 88
62.45727 109
62.47738 103
62.49749 126
62.51761 104
62.53772 98
62.55784 105
62.57795 96
62.59806 104
62.61818 98
62.63829 100
62.6584 93
62.67852 77
62.69863 96
62.71875 90
62.73886 93
62.75897 97
62.77909 93
62.7992 81
62.81931 105
62.83943 89
62.85954 97
62.87965 96
62.89977 113
62.91988 98
62.94 81
62.96011 97
62.98022 91
63.00034 101
63.02045 100
63.04056 112
63.06068 91
63.08079 94
63.10091 85
63.12102 99
63.14113 108
63.16125 130
63.18136 86
63.20147 129
63.22159 98
63.2417 103
63.26182 108
63.28193 124
63.30204 101
63.32216 114
63.34227 80
63.36238 115
63.3825 97
63.40261 111
63.42272 82
63.44284 107
63.46295 98
63.48307 110
63.50318 110
63.52329 100
63.54341 99
63.56352 112
63.58363 105
63.60375 132
63.62386 91
63.64398 126
63.66409 137
63.6842 123
63.70432 141
63.72443 141
63.74454 159
63.76466 157
63.78477 174
63.80489 195
63.825 207
63.84511 257
63.86523 228
63.88534 297
63.90545 325
63.92557 352
63.94568 407
63.96579 451
63.98591 507
64.00602 536
64.02614 521
64.04625 396
64.06636 361
64.08648 316
64.10659 270
64.1267 253
64.14682 290
64.16693 281
64.18705 304
64.20716 291
64.22727 247
64.24739 222
64.2675 139
64.28761 144
64.30773 131
64.32784 141
64.34796 120
64.36807 116
64.38818 116
64.4083 107
64.42841 115
64.44852 108
64.46864 100
64.48875 108
64.50886 104
64.52898 98
64.54909 94
64.56921 101
64.58932 97
64.60943 105
64.62955 91
64.64966 107
64.66977 112
64.68989 107
64.71 86
64.73012 106
64.75023 90
64.77034 81
64.79046 101
64.81057 100
64.83068 114
64.8508 90
64.87091 105
64.89102 88
64.91114 101
64.93125 100
64.95137 108
64.97148 91
64.99159 107
65.01171 95
65.03182 109
65.05193 115
65.07205 75
65.09216 105
65.11228 112
65.13239 117
65.1525 96
65.17262 103
65.19273 105
65.21284 96
65.23296 113
65.25307 106
65.27319 109
65.2933 93
65.31341 104
65.33353 91
65.35364 102
65.37375 110
65.39387 106
65.41398 123
65.43409 96
65.45421 114
65.47432 110
65.49444 112
65.51455 120
65.53466 121
65.55478 128
65.57489 127
65.595 141
65.61512 142
65.63523 138
65.65535 187
65.67546 179
65.69557 187
65.71569 216
65.7358 198
65.75591 197
65.77603 202
65.79614 184
65.81626 159
65.83637 168
65.85648 155
65.8766 146
65.89671 132
65.91682 168
65.93694 147
65.95705 132
65.97716 134
65.99728 168
66.01739 118
66.03751 111
66.05762 105
66.07773 94
66.09785 114
66.11796 137
66.13807 123
66.15819 96
66.1783 140
66.19842 137
66.21853 113
66.23864 113
66.25876 115
66.27887 117
66.29898 104
66.3191 120
66.33921 112
66.35933 123
66.37944 103
66.39955 110
66.41967 105
66.43978 119
66.45989 106
66.48001 130
66.50012 115
66.52023 117
66.54035 114
66.56046 118
66.58058 121
66.60069 93
66.6208 128
66.64092 116
66.66103 121
66.68114 125
66.70126 116
66.72137 113
66.74149 120
66.7616 117
66.78171 112
66.80183 123
66.82194 137
66.84205 114
66.86217 120
66.88228 121
66.90239 120
66.92251 134
66.94262 126
66.96274 116
66.98285 119
67.00296 141
67.02308 125
67.04319 128
67.0633 127
67.08342 127
67.10353 132
67.12365 127
67.14376 155
67.16387 156
67.18399 172
67.2041 152
67.22421 186
67.24433 170
67.26444 184
67.28456 175
67.30467 169
67.32478 210
67.3449 196
67.36501 220
67.38512 223
67.40524 262
67.42535 294
67.44546 317
67.46558 350
67.48569 378
67.50581 388
67.52592 515
67.54603 525
67.56615 630
67.58626 715
67.60637 860
67.62649 962
67.6466 993
67.66672 1186
67.68683 1322
67.70694 1421
67.72706 1368
67.74717 1286
67.76728 1091
67.7874 947
67.80751 851
67.82763 862
67.84774 897
67.86785 946
67.88797 1006
67.90808 1056
67.92819 1182
67.94831 1064
67.96842 1062
67.98853 1074
68.00865 1139
68.02876 1344
68.04888 1465
68.06899 1621
68.0891 1714
68.10922 1825
68.12933 1952
68.14944 1811
68.16956 1629
68.18967 1465
68.20979 1341
68.2299 1487
68.25001 1611
68.27013 1719
68.29024 1782
68.31035 1574
68.33047 1478
68.35058 1149
68.3707 913
68.39081 759
68.41092 658
68.43104 663
68.45115 645
68.47126 592
68.49138 586
68.51149 515
68.5316 414
68.55172 326
68.57183 275
68.59195 239
68.61206 204
68.63217 193
68.65229 175
68.6724 166
68.69251 189
68.71263 151
68.73274 159
68.75286 152
68.77297 154
68.79308 147
68.8132 164
68.83331 131
68.85342 125
68.87354 147
68.89365 132
68.91376 158
68.93388 119
68.95399 109
68.97411 128
68.99422 116
69.01433 114
69.03445 117
69.05456 118
69.07467 113
69.09479 129
69.1149 115
69.13502 125
69.15513 116
69.17524 118
69.19536 120
69.21547 131
69.23558 123
69.2557 102
69.27581 114
69.29593 112
69.31604 117
69.33615 111
69.35627 102
69.37638 93
69.39649 111
69.41661 111
69.43672 111
69.45683 101
69.47695 112
69.49706 96
69.51718 103
69.53729 93
69.5574 118
69.57752 113
69.59763 90
69.61774 86
69.63786 90
69.65797 114
69.67809 103
69.6982 98
69.71831 117
69.73843 127
69.75854 95
69.77865 94
69.79877 90
69.81888 110
69.839 105
69.85911 103
69.87922 88
69.89934 93
69.91945 87
69.93956 105
69.95968 88
69.97979 100
69.9999 95
70.02002 96
70.04013 98
70.06025 103
70.08036 100
70.10047 111
70.12059 107
70.1407 85
70.16081 91
70.18093 95
70.20104 96
70.22116 97
70.24127 87
70.26138 93
70.2815 94
70.30161 84
70.32172 110
70.34184 105
70.36195 97
70.38207 107
70.40218 82
70.42229 81
70.44241 99
70.46252 100
70.48263 86
70.50275 85
70.52286 99
70.54297 81
70.56309 97
70.5832 95
70.60332 105
70.62343 89
70.64354 92
70.66366 103
70.68377 95
70.70388 106
70.724 92
70.74411 88
70.76423 103
70.78434 94
70.80445 94
70.82457 82
70.84468 106
70.86479 81
70.88491 87
70.90502 97
70.92513 97
70.94525 79
70.96536 89
70.98548 105
71.00559 89
71.0257 112
71.04582 98
71.06593 95
71.08604 83
71.10616 79
71.12627 94
71.14639 88
71.1665 103
71.18661 81
71.20673 82
71.22684 86
71.24695 92
71.26707 105
71.28718 81
71.3073 74
71.32741 77
71.34752 92
71.36764 81
71.38775 98
71.40786 102
71.42798 107
71.44809 92
71.4682 84
71.48832 80
71.50843 86
71.52855 89
71.54866 104
71.56877 97
71.58889 86
71.609 89
71.62911 104
71.64923 101
71.66934 90
71.68946 98
71.70957 70
71.72968 81
71.7498 104
71.76991 87
71.79002 106
71.81014 90
71.83025 85
71.85037 104
71.87048 90
71.89059 109
71.91071 99
71.93082 79
71.95093 87
71.97105 103
71.99116 96
72.01127 96
72.03139 80
72.0515 95
72.07162 96
72.09173 119
72.11184 83
72.13196 96
72.15207 95
72.17218 108
72.1923 90
72.21241 89
72.23253 89
72.25264 87
72.27275 97
72.29287 108
72.31298 93
72.33309 83
72.35321 97
72.37332 96
72.39344 90
72.41355 78
72.43366 88
72.45378 78
72.47389 102
72.494 88
72.51412 93
72.53423 99
72.55434 96
72.57446 100
72.59457 78
72.61469 91
72.6348 82
72.65491 86
72.67503 98
72.69514 97
72.71525 94
72.73537 83
72.75548 100
72.7756 88
72.79571 87
72.81582 106
72.83594 100
72.85605 102
72.87616 115
72.89628 107
72.91639 98
72.9365 117
72.95662 96
72.97673 111
72.99685 99
73.01696 122
73.03707 107
73.05719 142
73.0773 122
73.09741 131
73.11753 146
73.13764 143
73.15776 162
73.17787 160
73.19798 173
73.2181 178
73.23821 195
73.25832 211
73.27844 264
73.29855 269
73.31867 311
73.33878 348
73.35889 388
73.37901 392
73.39912 459
73.41923 506
73.43935 501
73.45946 521
73.47957 411
73.49969 342
73.5198 288
73.53992 252
73.56003 292
73.58014 287
73.60026 272
73.62037 279
73.64048 321
73.6606 305
73.68071 286
73.70083 238
73.72094 179
73.74105 157
73.76117 136
73.78128 134
73.80139 120
73.82151 123
73.84162 95
73.86174 112
73.88185 110
73.90196 98
73.92208 91
73.94219 72
73.9623 116
73.98242 88
74.00253 93
74.02264 91
74.04276 77
74.06287 115
74.08299 96
74.1031 102
74.12321 101
74.14333 110
74.16344 96
74.18355 105
74.20367 93
74.22378 77
74.2439 89
74.26401 91
74.28412 86
74.30424 82
74.32435 76
74.34446 100
74.36458 81
74.38469 82
74.40481 91
74.42492 105
74.44503 101
74.46515 108
74.48526 101
74.50537 74
74.52549 92
74.5456 103
74.56571 80
74.58583 86
74.60594 74
74.62606 92
74.64617 70
74.66628 83
74.6864 99
74.70651 102
74.72662 98
74.74674 103
74.76685 104
74.78697 96
74.80708 100
74.82719 97
74.84731 100
74.86742 87
74.88753 83
74.90765 94
74.92776 106
74.94787 94
74.96799 94
74.9881 90
75.00822 91
